tree
version=v4
num_class=1
num_tree_per_iteration=1
label_index=0
max_feature_idx=25
objective=regression
feature_names=LOW_TURNOVER LN_TURNOVER INTRADAY_REV10 CORD20 RET_AMT_CORR20 VOL_CV20 CORD60 MACD_LINE AMIHUD_20 REV60 RET_VOL_CORR5 CORD5 CORR60 VOL_OF_VOL_20 VOL_PRICE_DIVERGENCE BP UP_DOWN_RATIO20 EP MAX_DD60 CURRENT_RATIO NEG_SKEW_20 VSTD5 CNTD5 Q_SALES_YOY CNTD60 ROE_YOY
feature_infos=[-6.6685991287231445:3.1460156440734863] [-8.0403404235839844:3.9261941909790039] [-5.1738429069519043:6.2456469535827637] [-3.6447436809539795:3.690310001373291] [-3.7147481441497803:3.9991240501403809] [-6.2982587814331055:2.882845401763916] [-3.9385116100311279:3.9264073371887207] [-7.3192453384399414:8.1572160720825195] [-2.7201266288757324:6.2906298637390137] [-5.7096242904663086:4.158454418182373] [-3.1541965007781982:4.1316914558410645] [-4.0697684288024902:3.1572122573852539] [-4.1766438484191895:3.6944351196289062] [-5.7566328048706055:3.569746732711792] [-3.2503809928894043:3.5220499038696289] [-3.5076208114624023:5.9713544845581055] [-3.8901689052581787:5.7281126976013184] [-4.7703442573547363:6.9626002311706543] [-2.7943356037139893:5.563624382019043] [-2.4386312961578369:6.8355803489685059] [-4.0094394683837891:3.7333552837371826] [-3.6701557636260986:6.8355793952941895] [-3.9236507415771484:3.9433829784393311] [-3.5870673656463623:7.5367136001586914] [-3.7047748565673828:3.7459838390350342] [-7.669318675994873:7.2008681297302246]
tree_sizes=909 973 946 954 954 952 944 941 952 964 959 946 952 941 951 944 952 951 950 952 953 950 954 953 951 949 957 951 951 947 947 951 953 966 943 956 943 950 948 950 941 958 943 948 947 947 948 964 960 942 943 948 948 950 943 952 948 967 954 969 943 964 967 966 947 944 956 952 977 979 964 962

Tree=0
num_leaves=8
num_cat=0
split_feature=1 6 1 6 1 2 17
split_gain=131.78 66.8742 28.9661 20.7671 13.9497 6.08774 5.06263
threshold=-0.13898169994354245 inf 1.9984552264213564 0.60992854833602916 -3.5271030664443965 -1.3854133486747739 -0.064585033804178224
decision_type=2 8 2 8 2 2 2
left_child=1 4 3 -2 -1 -4 -3
right_child=2 6 5 -5 -6 -7 -8
leaf_value=0.0057371165504840616 0.0059298484246955805 0.0053020748142410682 0.0056211744885509901 0.0058598384399379273 0.0060336372212462909 0.0057933648227125609 0.0058847689336117073
leaf_weight=8329 724417 7074 18853 316083 766146 24561 870
leaf_count=8329 724417 7074 18853 316083 766146 24561 870
internal_value=0.00595242 0.0060237 0.00590097 0.00590858 0.00603045 0.00571858 0.00536587
internal_weight=1.86633e+06 782419 1.08391e+06 1.0405e+06 774475 43414 7944
internal_count=1866333 782419 1083914 1040500 774475 43414 7944
is_linear=0
shrinkage=1


Tree=1
num_leaves=8
num_cat=0
split_feature=3 6 3 25 5 23 16
split_gain=51.8448 30.42 23.4756 17.7939 8.36969 5.05692 4.74817
threshold=1.4040211439132693 -2.7047058343887325 -0.22525740414857862 -0.0096206427551805956 -0.67064359784126271 -1.6644784212112425 1.3525989651679995
decision_type=8 10 10 10 10 10 2
left_child=2 6 4 -4 -1 -3 -2
right_child=1 5 3 -5 -6 -7 -8
leaf_value=-2.9006433824260728e-05 -0.00063180562291381974 -0.00031276957438605051 -4.7673651494674007e-05 1.3621352093133128e-05 5.0463732956613529e-05 -9.9177669622234143e-05 -0.00011553007817218021
leaf_weight=77071 7080 6053 420745 592233 643827 117587 1065
leaf_count=77071 7080 6053 420745 592233 643827 117587 1065
internal_value=5.91024e-08 -0.000137743 1.0533e-05 -1.18378e-05 4.19675e-05 -0.000109637 -0.000564324
internal_weight=1.86566e+06 131785 1.73388e+06 1.01298e+06 720898 123640 8145
internal_count=1865661 131785 1733876 1012978 720898 123640 8145
is_linear=0
shrinkage=0.00720685


Tree=2
num_leaves=8
num_cat=0
split_feature=1 3 1 3 1 9 1
split_gain=129.834 69.8628 27.3725 18.3179 8.15851 7.62964 7.5292
threshold=-0.12314573675394057 inf 1.9984552264213564 -1.0000000180025095e-35 -0.29140736162662501 -3.9099543094635005 -3.8502274751663204
decision_type=2 8 2 8 2 8 2
left_child=1 4 3 -2 -1 -4 -3
right_child=2 6 5 -5 -6 -7 -8
leaf_value=9.0393603935862258e-05 -8.6042702410786393e-06 -0.00061495884732517376 -0.00065041712962949597 -7.0162139383471789e-05 2.9918528495531128e-05 -0.0002070514457093903 -0.00028319807795378337
leaf_weight=640262 438894 6206 2119 586699 141467 41207 8318
leaf_count=640262 438894 6206 2119 586699 141467 41207 8318
internal_value=5.8098e-07 7.0248e-05 -5.1315e-05 -4.3819e-05 7.94497e-05 -0.00022875 -0.00042499
internal_weight=1.86517e+06 796253 1.06892e+06 1.02559e+06 781729 43326 14524
internal_count=1865172 796253 1068919 1025593 781729 43326 14524
is_linear=0
shrinkage=0.00720685


Tree=3
num_leaves=8
num_cat=0
split_feature=1 3 1 6 15 1 7
split_gain=127.368 68.8194 26.2654 19.0949 7.78444 6.15028 4.70811
threshold=-0.16367841511964795 inf 2.0887762308120732 0.65162840485572826 -0.10197862610220908 -0.37085422873497004 0.17302948981523517
decision_type=2 8 2 8 2 2 2
left_child=1 5 3 -2 -3 -1 -4
right_child=2 4 6 -5 -6 -7 -8
leaf_value=9.2502073172452855e-05 -2.3495033516715466e-05 -0.00072836011024302494 -0.0001422766392309296 -9.0830979903335052e-05 -0.00032942336366009777 4.2603598328494055e-05 -0.00030883280590984357
leaf_weight=580700 762550 3286 15053 306712 11208 164684 21282
leaf_count=580700 762550 3286 15053 306712 11208 164684 21282
internal_value=8.34228e-08 7.19136e-05 -4.92855e-05 -4.28101e-05 -0.000419911 8.14777e-05 -0.000239837
internal_weight=1.86548e+06 759878 1.1056e+06 1.06926e+06 14494 745384 36335
internal_count=1865475 759878 1105597 1069262 14494 745384 36335
is_linear=0
shrinkage=0.00720685


Tree=4
num_leaves=8
num_cat=0
split_feature=1 3 1 6 18 7 25
split_gain=129.403 68.5833 26.5478 19.5295 10.0283 5.53594 5.12417
threshold=-0.16367841511964795 inf 1.9984552264213564 0.65162840485572826 0.69170671701431286 0.17840277403593066 0.12717097997665408
decision_type=2 8 2 8 8 2 10
left_child=1 6 3 -2 -3 -4 -1
right_child=2 4 5 -5 -6 -7 -8
leaf_value=6.7612254197120441e-05 -2.2918620515259557e-05 -0.00056262904767129859 -0.00013034145413444095 -9.1309527995280651e-05 -0.00017175813255851846 -0.00029509849578964142 0.00010672697002858043
leaf_weight=469609 758248 9146 18522 303732 5437 24751 276319
leaf_count=469609 758248 9146 18522 303732 5437 24751 276319
internal_value=1.77622e-07 7.25325e-05 -4.96089e-05 -4.24789e-05 -0.000416922 -0.000224583 8.21019e-05
internal_weight=1.86576e+06 760511 1.10525e+06 1.06198e+06 14583 43273 745928
internal_count=1865764 760511 1105253 1061980 14583 43273 745928
is_linear=0
shrinkage=0.00720685


Tree=5
num_leaves=8
num_cat=0
split_feature=1 3 1 6 18 1 2
split_gain=124.161 67.0342 26.1407 19.2404 10.7857 7.31833 4.54312
threshold=-0.13098421692848203 inf 1.9984552264213564 0.65162840485572826 0.69170671701431286 -0.38110370934009546 -1.3854133486747739
decision_type=2 8 2 8 8 2 2
left_child=1 5 3 -2 -3 -1 -4
right_child=2 4 6 -5 -6 -7 -8
leaf_value=9.095638378214883e-05 -2.3136595631769835e-05 -0.00056982757395777418 -0.00030771290228723063 -9.1835646190125867e-05 -0.00016173336321554144 4.0437874214479832e-05 -0.00015899053728540816
leaf_weight=574098 736250 9056 18794 297219 5353 201116 24686
leaf_count=574098 736250 9056 18794 297219 5353 201116 24686
internal_value=1.53011e-07 6.87971e-05 -5.01771e-05 -4.28941e-05 -0.000418241 7.78503e-05 -0.000223281
internal_weight=1.86657e+06 789623 1.07695e+06 1.03347e+06 14409 775214 43480
internal_count=1866572 789623 1076949 1033469 14409 775214 43480
is_linear=0
shrinkage=0.00720685


Tree=6
num_leaves=8
num_cat=0
split_feature=1 0 4 0 1 0 2
split_gain=121.01 71.2474 63.9324 28.7866 17.8592 7.21366 5.24218
threshold=-0.16367841511964795 -2.1090843677520748 inf 0.48870852589607244 1.2628204226493838 0.033031187951564796 0.43226155638694769
decision_type=2 2 8 2 2 2 2
left_child=2 4 6 -3 -2 -4 -1
right_child=1 3 5 -5 -6 -7 -8
leaf_value=6.454004213335353e-05 -0.0004865898768891971 -2.1261573616777228e-05 -0.00029408732429114071 -0.00016004929614343603 -0.00020800805207444575 -0.00063876902047960236 0.00010410236223038342
leaf_weight=468873 15040 947946 9408 84543 58226 4746 276578
leaf_count=468873 15040 947946 9408 84543 58226 4746 276578
internal_value=7.38718e-08 -4.80364e-05 7.01079e-05 -3.2626e-05 -0.000265201 -0.0004097 7.92186e-05
internal_weight=1.86536e+06 1.10576e+06 759605 1.03249e+06 73266 14154 745451
internal_count=1865360 1105755 759605 1032489 73266 14154 745451
is_linear=0
shrinkage=0.00720685


Tree=7
num_leaves=8
num_cat=0
split_feature=1 0 6 0 1 1 17
split_gain=121.839 72.2997 57.5626 27.102 16.834 12.8843 4.73153
threshold=-0.17290900647640225 -2.1090843677520748 inf 0.48870852589607244 1.233105540275574 -3.5271030664443965 -0.064585033804178224
decision_type=2 2 8 2 2 2 2
left_child=2 4 5 -3 -2 -1 -4
right_child=1 3 6 -5 -6 -7 -8
leaf_value=-0.00020456491489305876 -0.00048674221718707022 -2.1521716587566249e-05 -0.00060266234571095076 -0.00015438112569805289 -0.00021259104503286701 8.03510222414588e-05 -5.1665576945075456e-05
leaf_weight=8336 14505 952546 7036 87031 58768 736430 915
leaf_count=8336 14505 952546 7036 87031 58768 736430 915
internal_value=-1.67114e-07 -4.80667e-05 7.06496e-05 -3.26446e-05 -0.000266867 7.71617e-05 -0.000539271
internal_weight=1.86557e+06 1.11285e+06 752717 1.03958e+06 73273 744766 7951
internal_count=1865567 1112850 752717 1039577 73273 744766 7951
is_linear=0
shrinkage=0.00720685


Tree=8
num_leaves=8
num_cat=0
split_feature=0 3 0 0 0 23 23
split_gain=107.168 50.3215 23.4956 19.6528 6.96308 6.93581 4.78236
threshold=-1.3657891154289243 inf -0.028168679215013977 -4.1510317325592032 0.033031187951564796 0.16685587912797931 -0.061593161895871155
decision_type=2 8 2 2 2 8 8
left_child=3 2 -2 6 -3 -5 -1
right_child=1 4 -4 5 -6 -7 -8
leaf_value=-0.00051936383274673475 -2.699220865878508e-05 -0.00029645483255828439 3.4230497363837997e-05 -0.00021207950082233193 -0.00063215137848894143 -9.2311453917592998e-05 -0.00030608476565868725
leaf_weight=9511 435448 9763 1290309 58941 4783 43763 12840
leaf_count=9511 435448 9763 1290309 58941 4783 43763 12840
internal_value=5.81351e-07 1.52246e-05 1.87826e-05 -0.000203197 -0.000406874 -0.000161047 -0.00039686
internal_weight=1.86536e+06 1.7403e+06 1.72576e+06 125055 14546 102704 22351
internal_count=1865358 1740303 1725757 125055 14546 102704 22351
is_linear=0
shrinkage=0.00720685


Tree=9
num_leaves=8
num_cat=0
split_feature=1 1 1 6 18 9 2
split_gain=118.924 59.4136 25.2363 18.2124 10.8133 7.54363 6.07336
threshold=-0.16367841511964795 -3.5271030664443965 1.9984552264213564 0.59953123331069957 0.67180162668228161 -1.2900106906890867 0.43226155638694769
decision_type=2 2 2 8 8 8 2
left_child=1 4 3 -2 -1 -4 -3
right_child=2 6 5 -5 -6 -7 -8
leaf_value=-0.00056891135662343018 -2.1370623854979009e-05 6.1986573348189847e-05 -0.00035368557573425493 -8.6054254853180307e-05 -0.000174864620243151 -0.00015178519472689502 0.00010456833308850707
leaf_weight=7840 735349 469603 14344 326452 6717 29141 276356
leaf_count=7840 735349 469603 14344 326452 6717 29141 276356
internal_value=-4.99921e-07 6.88634e-05 -4.82269e-05 -4.12578e-05 -0.000387112 -0.000218391 7.7762e-05
internal_weight=1.8658e+06 760516 1.10529e+06 1.0618e+06 14557 43485 745959
internal_count=1865802 760516 1105286 1061801 14557 43485 745959
is_linear=0
shrinkage=0.00720685


Tree=10
num_leaves=8
num_cat=0
split_feature=0 3 0 0 18 25 17
split_gain=105.659 51.0298 20.7873 20.4267 8.26178 7.27589 3.78984
threshold=-1.2899860739707945 inf -1.0000000180025095e-35 -4.1510317325592032 0.71336123347282421 0.056760972365736968 -0.025206750258803364
decision_type=2 8 2 2 8 8 2
left_child=3 2 -2 6 -3 -5 -1
right_child=1 4 -4 5 -6 -7 -8
leaf_value=-0.00044606373677766943 -2.3000295813701449e-05 -0.00053887211137591655 3.3758488813880585e-05 -0.00021655226655257118 -0.00018050113460616997 -9.9423259806470635e-05 -0.00021916664251888998
leaf_weight=17245 456361 9312 1261662 53255 5213 57065 4917
leaf_count=17245 456361 9312 1261662 53255 5213 57065 4917
internal_value=8.50218e-08 1.50851e-05 1.86815e-05 -0.000196079 -0.000410275 -0.000155967 -0.000395736
internal_weight=1.86503e+06 1.73255e+06 1.71802e+06 132482 14525 110320 22162
internal_count=1865030 1732548 1718023 132482 14525 110320 22162
is_linear=0
shrinkage=0.00720685


Tree=11
num_leaves=8
num_cat=0
split_feature=4 4 6 25 23 16 9
split_gain=47.3354 23.106 22.5991 15.0807 7.56204 4.52737 3.4218
threshold=-1.6452465057373045 -0.1489659249782562 inf -0.0096206427551805956 0.048132419586181648 1.3525989651679995 -1.6446586847305296
decision_type=10 10 8 10 10 2 8
left_child=2 3 6 -2 -3 -4 -1
right_child=1 4 5 -5 -6 -7 -8
leaf_value=-0.00028790126441844717 -5.7042061751741084e-05 1.622709813339225e-05 -0.00060238201562520083 5.5883630497226138e-06 5.8214612803680686e-05 -9.8305837501979607e-05 -0.00011501093939867603
leaf_weight=6516 342559 612287 6874 478758 350219 1070 67930
leaf_count=6516 342559 612287 6874 478758 350219 1070 67930
internal_value=-2.55576e-07 7.54489e-06 -0.000169142 -2.05339e-05 3.15048e-05 -0.00053451 -0.000130147
internal_weight=1.86621e+06 1.78382e+06 82390 821317 962506 7944 74446
internal_count=1866213 1783823 82390 821317 962506 7944 74446
is_linear=0
shrinkage=0.00720685


Tree=12
num_leaves=8
num_cat=0
split_feature=0 6 0 0 25 17 17
split_gain=105.034 49.1375 22.4684 19.8655 7.00116 4.73498 3.01008
threshold=-1.3657891154289243 inf -0.066316079348325715 -4.1510317325592032 0.049281550571322448 -0.064585033804178224 -0.71984577178955067
decision_type=2 8 2 2 8 2 2
left_child=3 2 -2 6 -5 -3 -1
right_child=1 5 -4 4 -6 -7 -8
leaf_value=-0.00053173487998421436 -3.0789362864744369e-05 -0.0006154834009677977 3.0927001608100409e-05 -0.00022229644844333103 -0.00010321533821118247 -7.3197779778062485e-05 -0.00034495364014332084
leaf_weight=6228 397666 7009 1334676 48847 53991 950 16033
leaf_count=6228 397666 7009 1334676 48847 53991 950 16033
internal_value=-3.35173e-07 1.41639e-05 1.67597e-05 -0.000202036 -0.000159779 -0.000550775 -0.000397231
internal_weight=1.8654e+06 1.7403e+06 1.73234e+06 125099 102838 7959 22261
internal_count=1865400 1740301 1732342 125099 102838 7959 22261
is_linear=0
shrinkage=0.00720685


Tree=13
num_leaves=8
num_cat=0
split_feature=6 6 23 9 16 18 17
split_gain=44.786 32.3237 13.7557 12.0924 4.56496 4.3682 0.446499
threshold=inf 0.62045642733573925 0.010241942014545204 -2.1690257787704463 1.3525989651679995 -0.14933635294437406 -0.06810737773776053
decision_type=8 10 10 10 2 10 2
left_child=1 2 -1 -3 5 -2 -6
right_child=4 3 -4 -5 6 -7 -8
leaf_value=2.24898835857288e-06 -0.00051642309144058483 -0.00018015364321082882 4.9275087260203503e-05 -3.7728656747064638e-05 -0.00048842460896695574 -0.00097969748596655375 -3.8777618220353238e-05
leaf_weight=827234 5708 33162 530092 466623 130 1299 928
leaf_count=827234 5708 33162 530092 466623 130 1299 928
internal_value=4.25738e-08 2.36996e-06 2.06147e-05 -4.71793e-05 -0.000535813 -0.000602432 -9.44378e-05
internal_weight=1.86518e+06 1.85711e+06 1.35733e+06 499785 8065 7007 1058
internal_count=1865176 1857111 1357326 499785 8065 7007 1058
is_linear=0
shrinkage=0.00720685


Tree=14
num_leaves=8
num_cat=0
split_feature=1 3 1 3 18 9 2
split_gain=114.951 61.3866 23.8093 18.5807 8.61782 6.16395 5.52416
threshold=-0.16367841511964795 inf 2.0887762308120732 0.11001598089933397 0.69170671701431286 -3.9099543094635005 0.57644066214561474
decision_type=2 8 2 8 8 8 2
left_child=1 6 3 -2 -3 -4 -1
right_child=2 4 5 -5 -6 -7 -8
leaf_value=6.5374733689502383e-05 -8.3771446995057408e-06 -0.00053178784760583018 -0.00062718855066849148 -6.8549981941586538e-05 -0.00016763112843308042 -0.00020604926032798641 0.00010875014963979021
leaf_weight=531723 504206 9078 1905 565433 5375 34234 213835
leaf_count=531723 504206 9078 1905 565433 5375 34234 213835
internal_value=5.64293e-07 6.87972e-05 -4.63328e-05 -4.01858e-05 -0.000396381 -0.000228265 7.78155e-05
internal_weight=1.86579e+06 760011 1.10578e+06 1.06964e+06 14453 36139 745558
internal_count=1865789 760011 1105778 1069639 14453 36139 745558
is_linear=0
shrinkage=0.00720685


Tree=15
num_leaves=8
num_cat=0
split_feature=1 6 6 1 1 2 17
split_gain=113.475 54.9546 23.6063 13.5912 12.5787 10.5361 4.68683
threshold=-0.13098421692848203 inf 0.65162840485572826 2.1903132200241093 -3.5271030664443965 0.43995390832424169 -0.064585033804178224
decision_type=2 8 8 2 2 2 2
left_child=1 4 5 -4 -1 -2 -3
right_child=2 6 3 -5 -6 -7 -8
leaf_value=-0.00020462229292916051 -4.3626433063713544e-05 -0.00059217259583965959 -8.9994731427638799e-05 -0.00032280515120193315 7.5048950218544654e-05 1.4850492489328722e-05 -3.7968856177987692e-05
leaf_weight=8443 529398 7062 303639 13607 773617 229363 893
leaf_count=8443 529398 7062 303639 13607 773617 229363 893
internal_value=3.7862e-07 6.59669e-05 -4.77769e-05 -9.99812e-05 7.20294e-05 -2.59496e-05 -0.000529975
internal_weight=1.86602e+06 790015 1.07601e+06 317246 782060 758761 7955
internal_count=1866022 790015 1076007 317246 782060 758761 7955
is_linear=0
shrinkage=0.00720685


Tree=16
num_leaves=8
num_cat=0
split_feature=1 0 3 0 1 18 1
split_gain=110.586 64.8142 57.8906 27.8242 15.3091 9.07739 7.29565
threshold=-0.13898169994354245 -2.4568805694580074 inf 0.49947349727153784 1.3302171826362612 0.69170671701431286 -0.38110370934009546
decision_type=2 2 8 2 2 8 2
left_child=2 4 6 -3 -2 -4 -1
right_child=1 3 5 -5 -6 -7 -8
leaf_value=8.6242100343505266e-05 -0.00050303363699396371 -2.3844112707984456e-05 -0.00052794652398952186 -0.00016980093488429965 -0.00021951097383449586 -0.00015185990903456641 3.510180652064484e-05
leaf_weight=573514 12576 952290 9034 73039 46350 5284 193867
leaf_count=573514 12576 952290 9034 73039 46350 5284 193867
internal_value=-4.91072e-07 -4.75995e-05 6.48506e-05 -3.42415e-05 -0.000280028 -0.000389174 7.33224e-05
internal_weight=1.86595e+06 1.08426e+06 781699 1.02533e+06 58926 14318 767381
internal_count=1865954 1084255 781699 1025329 58926 14318 767381
is_linear=0
shrinkage=0.00720685


Tree=17
num_leaves=8
num_cat=0
split_feature=1 0 3 0 1 15 1
split_gain=112.274 65.825 58.6449 27.8158 15.9758 7.36042 7.31804
threshold=-0.12314573675394057 -2.4568805694580074 inf 0.49403190612792974 1.2953312397003176 -0.10197862610220908 -0.38110370934009546
decision_type=2 2 8 2 2 2 2
left_child=2 4 6 -3 -2 -4 -1
right_child=1 3 5 -5 -6 -7 -8
leaf_value=8.7185267873287841e-05 -0.00051619999594910678 -2.3556652800314289e-05 -0.00069180601723028892 -0.00017161837929124995 -0.000221828698807748 -0.00030184892095088138 3.7280472170768164e-05
leaf_weight=573669 12060 940463 3241 70867 46491 11216 207940
leaf_count=573669 12060 940463 3241 70867 46491 11216 207940
internal_value=6.87814e-07 -4.75339e-05 6.54958e-05 -3.3932e-05 -0.000282469 -0.000389312 7.39086e-05
internal_weight=1.86595e+06 1.06988e+06 796066 1.01133e+06 58551 14457 781609
internal_count=1865947 1069881 796066 1011330 58551 14457 781609
is_linear=0
shrinkage=0.00720685


Tree=18
num_leaves=8
num_cat=0
split_feature=1 0 3 0 1 1 0
split_gain=111.226 62.7789 57.1817 27.0815 15.2653 8.1469 6.34568
threshold=-0.13098421692848203 -2.4568805694580074 inf 0.47354534268379217 1.2628204226493838 -0.38110370934009546 0.033031187951564796
decision_type=2 2 8 2 2 2 2
left_child=2 4 5 -3 -2 -1 -4
right_child=1 3 6 -5 -6 -7 -8
leaf_value=8.8016924343775531e-05 -0.00050956927945968844 -2.2615079431636862e-05 -0.00027757769255082126 -0.0001597588526906269 -0.00021806987458826077 3.4686280276350664e-05 -0.00059902351220573124
leaf_weight=573951 11630 935814 9617 81279 47208 200838 4775
leaf_count=573951 11630 935814 9617 81279 47208 200838 4775
internal_value=8.48604e-07 -4.68156e-05 6.58317e-05 -3.35748e-05 -0.000275696 7.41928e-05 -0.000384262
internal_weight=1.86511e+06 1.07593e+06 789181 1.01709e+06 58838 774789 14392
internal_count=1865112 1075931 789181 1017093 58838 774789 14392
is_linear=0
shrinkage=0.00720685


Tree=19
num_leaves=8
num_cat=0
split_feature=1 0 3 0 1 0 1
split_gain=109.165 61.2251 55.2301 27.4062 16.1471 6.56006 6.48683
threshold=-0.13098421692848203 -2.4568805694580074 inf 0.47354534268379217 1.2953312397003176 0.033031187951564796 -0.29140736162662501
decision_type=2 2 8 2 2 2 2
left_child=2 4 6 -3 -2 -4 -1
right_child=1 3 5 -5 -6 -7 -8
leaf_value=8.1940422764377479e-05 -0.00050683172638469297 -2.3315607298209733e-05 -0.00027082281181434626 -0.00016129131487748391 -0.00021225940333399781 -0.00059878581774416308 2.680953769203993e-05
leaf_weight=640138 12173 936388 9649 81259 46919 4718 134068
leaf_count=640138 12173 936388 9649 81259 46919 4718 134068
internal_value=-2.46553e-07 -4.74287e-05 6.41772e-05 -3.43331e-05 -0.000272949 -0.000378557 7.23936e-05
internal_weight=1.86531e+06 1.07674e+06 788573 1.01765e+06 59092 14367 774206
internal_count=1865312 1076739 788573 1017647 59092 14367 774206
is_linear=0
shrinkage=0.00720685


Tree=20
num_leaves=8
num_cat=0
split_feature=1 3 6 1 23 15 1
split_gain=104.603 52.6946 22.8572 14.191 13.692 7.40982 7.30723
threshold=-0.13098421692848203 inf 0.60992854833602916 2.1903132200241093 0.048132419586181648 -0.10197862610220908 -0.39148449897766108
decision_type=2 8 8 2 8 2 2
left_child=1 6 4 -4 -2 -3 -1
right_child=2 5 3 -5 -6 -7 -8
leaf_value=8.3685970350905539e-05 -5.0870298341955909e-05 -0.00067387999384626392 -8.6504628853116455e-05 -0.0003194612803069898 1.1967483585235616e-05 -0.00028142743446201335 3.376840583911073e-05
leaf_weight=566416 431776 3211 321549 14180 308981 11272 208341
leaf_count=566416 431776 3211 321549 14180 308981 11272 208341
internal_value=-8.11044e-07 6.22111e-05 -4.70166e-05 -9.63448e-05 -2.46597e-05 -0.000368477 7.02627e-05
internal_weight=1.86573e+06 789240 1.07649e+06 335729 740757 14483 774757
internal_count=1865726 789240 1076486 335729 740757 14483 774757
is_linear=0
shrinkage=0.00720685


Tree=21
num_leaves=8
num_cat=0
split_feature=1 3 1 3 18 9 25
split_gain=107.402 54.604 22.7044 17.8386 7.62915 7.06986 5.42283
threshold=-0.18101984262466428 inf 1.9984552264213564 0.22872480750083926 0.69170671701431286 -3.9099543094635005 0.26306541264057165
decision_type=2 8 2 8 8 8 10
left_child=1 6 3 -2 -3 -4 -1
right_child=2 4 5 -5 -6 -7 -8
leaf_value=6.4912331381407223e-05 -1.040451497812307e-05 -0.0004974642595651828 -0.00061188980753161266 -6.9124173105404994e-05 -0.00015572617274468454 -0.00018570396828135129 0.0001124075761046813
leaf_weight=571125 561142 9146 2125 515627 5396 41321 159797
leaf_count=571125 561142 9146 2125 515627 5396 41321 159797
internal_value=-4.34401e-07 6.65958e-05 -4.50407e-05 -3.85234e-05 -0.000370678 -0.000206563 7.52961e-05
internal_weight=1.86568e+06 745464 1.12022e+06 1.07677e+06 14542 43446 730922
internal_count=1865679 745464 1120215 1076769 14542 43446 730922
is_linear=0
shrinkage=0.00720685


Tree=22
num_leaves=8
num_cat=0
split_feature=0 3 0 3 9 0 23
split_gain=96.836 43.4184 20.6312 18.761 7.50644 5.99594 5.89476
threshold=-1.2227793931961057 inf -4.1510317325592032 0.020935604348778728 -0.24477982521057126 0.038379598408937461 -0.061593161895871155
decision_type=2 8 2 10 8 2 8
left_child=2 3 6 -2 -4 -3 -1
right_child=1 5 4 -5 -6 -7 -8
leaf_value=-0.00051947557354545411 4.2910937294000193e-05 -0.00029133643576479567 -0.00019935072255222031 -4.8158187600478286e-06 -8.4313763028147167e-05 -0.00062747750629711435 -0.00028188800625169626
leaf_weight=9447 848479 10791 60711 862763 57242 3703 12749
leaf_count=9447 848479 10791 60711 862763 57242 3703 12749
internal_value=7.25862e-07 1.55214e-05 -0.000181459 1.88484e-05 -0.000143525 -0.000377253 -0.000383028
internal_weight=1.86588e+06 1.72574e+06 140149 1.71124e+06 117953 14494 22196
internal_count=1865885 1725736 140149 1711242 117953 14494 22196
is_linear=0
shrinkage=0.00720685


Tree=23
num_leaves=8
num_cat=0
split_feature=1 4 1 23 9 13 2
split_gain=101.255 53.0364 20.7633 17.8784 6.73122 5.72116 5.05178
threshold=-0.19865567982196805 inf 1.9984552264213564 0.048132419586181648 -3.9099543094635005 0.027971037663519386 0.43226155638694769
decision_type=2 8 2 10 8 8 2
left_child=1 6 3 -2 -4 -3 -1
right_child=2 5 4 -5 -6 -7 -8
leaf_value=5.9728874770839791e-05 -5.954934913127897e-05 -0.00015552567390371246 -0.00059542781883179874 6.2738793186330675e-07 -0.00017748221237703435 -0.00046497501439009172 9.9335620488004751e-05
leaf_weight=449023 680794 4532 2103 411370 41198 9852 266567
leaf_count=449023 680794 4532 2103 411370 41198 9852 266567
internal_value=-4.4742e-07 6.57735e-05 -4.30199e-05 -3.68834e-05 -0.000197794 -0.000367494 7.44831e-05
internal_weight=1.86544e+06 729974 1.13546e+06 1.09216e+06 43301 14384 715590
internal_count=1865439 729974 1135465 1092164 43301 14384 715590
is_linear=0
shrinkage=0.00720685


Tree=24
num_leaves=8
num_cat=0
split_feature=0 6 3 0 9 23 0
split_gain=91.4361 42.0978 20.124 18.1033 6.30273 5.07766 3.82046
threshold=-1.3657891154289243 inf 0.020935604348778728 -4.1510317325592032 -0.24477982521057126 -0.061593161895871155 0.028881276957690719
decision_type=2 8 8 2 8 8 2
left_child=3 2 -2 5 -5 -1 -3
right_child=1 6 -4 4 -6 -7 -8
leaf_value=-0.00050152565932575833 4.0360067889829974e-05 -0.00035048454782884162 -8.7813766865805952e-06 -0.00020236202578125597 -8.9432213900787267e-05 -0.00028133420936130845 -0.00066384562613758908
leaf_weight=9471 852844 4090 878832 53687 49191 12793 4003
leaf_count=9471 852844 4090 878832 53687 49191 12793 4003
internal_value=-5.37274e-07 1.29969e-05 1.54206e-05 -0.000188693 -0.000148366 -0.000375021 -0.000505543
internal_weight=1.86491e+06 1.73977e+06 1.73168e+06 125142 102878 22264 8093
internal_count=1864911 1739769 1731676 125142 102878 22264 8093
is_linear=0
shrinkage=0.00720685


Tree=25
num_leaves=8
num_cat=0
split_feature=0 6 0 0 25 16 9
split_gain=92.6008 39.9275 20.9294 15.7881 7.16049 4.5874 4.37162
threshold=-1.1040666699409483 inf -3.6872608661651607 -0.066316079348325715 0.054309064522385604 1.3525989651679995 -3.9099543094635005
decision_type=2 8 2 2 8 2 8
left_child=2 3 6 -2 -4 -3 -1
right_child=1 5 4 -5 -6 -7 -8
leaf_value=-0.00073070806813708869 -2.4853439452483518e-05 -0.00055914696318496164 -0.00018521498879433605 2.851848615567503e-05 -7.6521699141275765e-05 -5.7521063858345444e-05 -0.00032280918490736412
leaf_weight=1435 366932 6975 60718 1335986 65378 1096 27811
leaf_count=1435 366932 6975 60718 1335986 65378 1096 27811
internal_value=-6.74692e-07 1.46214e-05 -0.00016915 1.70183e-05 -0.000128861 -0.000491047 -0.000342847
internal_weight=1.86633e+06 1.71099e+06 155342 1.70292e+06 126096 8071 29246
internal_count=1866331 1710989 155342 1702918 126096 8071 29246
is_linear=0
shrinkage=0.00720685


Tree=26
num_leaves=8
num_cat=0
split_feature=2 11 5 18 23 2 5
split_gain=36.7574 22.8889 16.5537 13.6209 9.61643 7.55552 2.844
threshold=-1.0684317350387571 inf -0.6491197645664214 0.82680258154869091 -0.0053199972026050082 -2.1326535940170284 -2.0023386478424068
decision_type=2 8 10 8 10 2 8
left_child=4 2 -2 -3 5 -1 -6
right_child=1 3 -4 -5 6 -7 -8
leaf_value=-0.00022399416249315626 -3.8034840760481359e-05 -0.00051085934743427103 2.3613799438948911e-05 -3.4372751636257048e-05 -0.00014499187963475069 -9.6789378117737246e-05 -1.7849040316975085e-05
leaf_weight=33785 270743 6882 1375746 5694 10378 85961 76418
leaf_count=33785 270743 6882 1375746 5694 10378 85961 76418
internal_value=-1.50145e-07 1.11369e-05 1.34765e-05 -0.000295143 -9.08141e-05 -0.00013268 -3.30529e-05
internal_weight=1.86561e+06 1.65906e+06 1.64649e+06 12576 206542 119746 86796
internal_count=1865607 1659065 1646489 12576 206542 119746 86796
is_linear=0
shrinkage=0.00720685


Tree=27
num_leaves=8
num_cat=0
split_feature=1 0 3 0 1 18 25
split_gain=100.349 58.5124 50.5065 27.5534 14.9979 7.54467 4.7431
threshold=-0.17290900647640225 -2.4568805694580074 inf 0.51018595695495617 1.2628204226493838 0.71336123347282421 0.25806686282157904
decision_type=2 2 8 2 2 8 10
left_child=2 4 6 -3 -2 -4 -1
right_child=1 3 5 -5 -6 -7 -8
leaf_value=6.3064266098578181e-05 -0.00049617653156562417 -2.0423854927453735e-05 -0.00048077080343223881 -0.00016107683089302481 -0.00020728383492174042 -0.00013731798288526604 0.00010698345455995748
leaf_weight=573480 11643 978054 9257 78115 47064 5183 164314
leaf_count=573480 11643 978054 9257 78115 47064 5183 164314
internal_value=2.62777e-07 -4.31363e-05 6.4584e-05 -3.08268e-05 -0.000264586 -0.000357513 7.28457e-05
internal_weight=1.86711e+06 1.11488e+06 752234 1.05617e+06 58707 14440 737794
internal_count=1867110 1114876 752234 1056169 58707 14440 737794
is_linear=0
shrinkage=0.00720685


Tree=28
num_leaves=8
num_cat=0
split_feature=0 12 0 0 9 23 17
split_gain=88.8722 38.2996 19.1725 19.0159 6.20591 4.76609 4.23821
threshold=-1.3657891154289243 inf -0.035584829747676842 -3.6872608661651607 0.99746716022491466 -0.23255439102649686 -0.064585033804178224
decision_type=2 8 2 2 8 8 2
left_child=3 2 -2 5 -5 -1 -3
right_child=1 6 -4 4 -6 -7 -8
leaf_value=-0.00047653036213752252 -2.6793662599043794e-05 -0.00054575886517367806 2.8867290142365679e-05 -0.00016689490440495837 -2.486029629456129e-05 -0.00028159559322254551 -2.8319143169865823e-05
leaf_weight=9774 426561 7045 1303957 75517 20266 19560 931
leaf_count=9774 426561 7045 1303957 75517 20266 19560 931
internal_value=-5.00677e-07 1.28506e-05 1.51472e-05 -0.000186015 -0.000136844 -0.000346561 -0.000485374
internal_weight=1.86361e+06 1.73849e+06 1.73052e+06 125117 95783 29334 7976
internal_count=1863611 1738494 1730518 125117 95783 29334 7976
is_linear=0
shrinkage=0.00720685


Tree=29
num_leaves=8
num_cat=0
split_feature=1 0 3 0 1 0 1
split_gain=99.2291 57.8024 52.0224 27.2788 18.7379 5.98646 4.6565
threshold=-0.17290900647640225 -1.723799407482147 inf 0.49947349727153784 1.233105540275574 0.033031187951564796 -0.38110370934009546
decision_type=2 2 8 2 2 2 2
left_child=2 4 6 -3 -2 -4 -1
right_child=1 3 5 -5 -6 -7 -8
leaf_value=8.2517505900464176e-05 -0.00040795101335966579 -1.5709237227465453e-05 -0.00025942385452889475 -0.00015265316693209818 -0.0001601384688427489 -0.00057014105403716724 3.896669839084424e-05
leaf_weight=574574 20062 935476 9763 82186 75447 4808 163891
leaf_count=574574 20062 935476 9763 82186 75447 4808 163891
internal_value=5.44082e-07 -4.26786e-05 6.44378e-05 -2.67689e-05 -0.000212196 -0.000361983 7.28522e-05
internal_weight=1.86621e+06 1.11317e+06 753036 1.01766e+06 95509 14571 738465
internal_count=1866207 1113171 753036 1017662 95509 14571 738465
is_linear=0
shrinkage=0.00720685


Tree=30
num_leaves=8
num_cat=0
split_feature=1 3 3 1 18 18 9
split_gain=98.5281 47.4396 21.1173 13.2502 8.60038 7.76972 5.25788
threshold=-0.17290900647640225 inf 0.29593867063522344 1.9143469929695132 -0.74950620532035817 0.69170671701431286 0.29294857382774359
decision_type=2 8 8 2 10 8 8
left_child=1 6 4 -4 -2 -3 -1
right_child=2 5 3 -5 -6 -7 -8
leaf_value=8.965533319759947e-05 -8.0005146722080859e-05 -0.00047246285267877583 -6.7438648682421553e-05 -0.0002173067514150817 -2.7862647036710876e-06 -0.00012583439603999888 5.1081469208819904e-05
leaf_weight=395381 87704 9144 479612 32731 513663 5310 342555
leaf_count=395381 87704 9144 479612 32731 513663 5310 342555
internal_value=2.78196e-08 6.374e-05 -4.30143e-05 -7.70134e-05 -1.40481e-05 -0.000345139 7.17492e-05
internal_weight=1.8661e+06 752390 1.11371e+06 512343 601367 14454 737936
internal_count=1866100 752390 1113710 512343 601367 14454 737936
is_linear=0
shrinkage=0.00720685


Tree=31
num_leaves=8
num_cat=0
split_feature=1 0 3 0 1 0 1
split_gain=97.7327 55.3157 47.4754 26.2122 20.1345 6.66055 4.89501
threshold=-0.16367841511964795 -1.723799407482147 inf 0.47354534268379217 1.233105540275574 0.033031187951564796 -0.38110370934009546
decision_type=2 2 8 2 2 2 2
left_child=2 4 6 -3 -2 -4 -1
right_child=1 3 5 -5 -6 -7 -8
leaf_value=8.0528221375219641e-05 -0.00041276350053537781 -1.6411981842294214e-05 -0.00023887964436919014 -0.00014445650114098613 -0.00015559024634582153 -0.00056890987766480784 3.6636733172097476e-05
leaf_weight=574143 20007 918765 9712 91287 75410 4721 171368
leaf_count=574143 20007 918765 9712 91287 75410 4721 171368
internal_value=-4.02665e-07 -4.36536e-05 6.25132e-05 -2.79846e-05 -0.000209518 -0.000346864 7.04391e-05
internal_weight=1.86541e+06 1.10547e+06 759944 1.01005e+06 95417 14433 745511
internal_count=1865413 1105469 759944 1010052 95417 14433 745511
is_linear=0
shrinkage=0.00720685


Tree=32
num_leaves=8
num_cat=0
split_feature=0 3 0 0 18 23 23
split_gain=86.0969 37.7844 19.2886 16.4341 7.48255 5.93154 5.4002
threshold=-1.3657891154289243 inf -0.035584829747676842 -4.1510317325592032 0.69170671701431286 0.16685587912797931 -0.051043961197137826
decision_type=2 8 2 2 8 8 8
left_child=3 2 -2 6 -3 -5 -1
right_child=1 4 -4 5 -6 -7 -8
leaf_value=-0.00048844699810496534 -2.610631300265802e-05 -0.00047503345542399239 2.9724246468357979e-05 -0.00019165095038138288 -0.00013802765021027287 -8.1027542278941839e-05 -0.00026218902520599568
leaf_weight=9658 427037 9290 1299257 58909 5419 43967 12674
leaf_count=9658 427037 9290 1299257 58909 5419 43967 12674
internal_value=-3.13222e-07 1.28141e-05 1.59133e-05 -0.000182846 -0.000350894 -0.000144374 -0.000360057
internal_weight=1.86621e+06 1.741e+06 1.72629e+06 125208 14709 102876 22332
internal_count=1866211 1741003 1726294 125208 14709 102876 22332
is_linear=0
shrinkage=0.00720685


Tree=33
num_leaves=8
num_cat=0
split_feature=1 0 1 0 1 18 2
split_gain=93.8634 53.4013 44.5752 25.5201 14.2305 7.92373 5.51738
threshold=-0.17290900647640225 -2.6832641363143916 -3.5271030664443965 0.53051459789276134 1.2953312397003176 0.80304557085037243 0.41648848354816442
decision_type=2 2 2 2 2 10 2
left_child=2 4 5 -3 -2 -1 -4
right_child=1 3 6 -5 -6 -7 -8
leaf_value=-0.00048320768904280717 -0.00050591001852802074 -2.1624858860036701e-05 5.4574158801084671e-05 -0.0001643030387126248 -0.00020819877499074293 -0.00014197786687216181 9.5182208880107029e-05
leaf_weight=8138 10477 991941 457024 69685 40874 6250 280411
leaf_count=8138 10477 991941 457024 69685 40874 6250 280411
internal_value=5.38009e-08 -4.19697e-05 6.22641e-05 -3.09904e-05 -0.000268949 -0.000335002 7.00156e-05
internal_weight=1.8648e+06 1.11298e+06 751823 1.06163e+06 51351 14388 737435
internal_count=1864800 1112977 751823 1061626 51351 14388 737435
is_linear=0
shrinkage=0.00720685


Tree=34
num_leaves=8
num_cat=0
split_feature=1 0 3 0 1 18 1
split_gain=93.0163 51.1659 43.3813 26.8527 17.7925 7.17466 6.98912
threshold=-0.12314573675394057 -1.723799407482147 inf 0.47354534268379217 1.233105540275574 0.69170671701431286 -0.38110370934009546
decision_type=2 2 8 2 2 8 2
left_child=2 4 6 -3 -2 -4 -1
right_child=1 3 5 -5 -6 -7 -8
leaf_value=7.9227737877398416e-05 -0.00039440604519336129 -1.7061334516147395e-05 -0.00045678622368074953 -0.00015580003960366845 -0.00015251029039688407 -0.00012396147216000569 3.0449736941971947e-05
leaf_weight=572921 19965 894785 9041 78841 75587 5359 207949
leaf_count=572921 19965 894785 9041 78841 75587 5359 207949
internal_value=-1.2796e-08 -4.39146e-05 5.90096e-05 -2.82961e-05 -0.000203057 -0.000332943 6.6238e-05
internal_weight=1.86445e+06 1.06918e+06 795270 973626 95552 14400 780870
internal_count=1864448 1069178 795270 973626 95552 14400 780870
is_linear=0
shrinkage=0.00720685


Tree=35
num_leaves=8
num_cat=0
split_feature=1 3 5 23 18 1 2
split_gain=90.9023 46.5943 21.5267 18.7421 6.89922 6.11955 5.74464
threshold=-0.17290900647640225 inf -1.5366168022155759 0.048132419586181648 0.69170671701431286 2.1903132200241093 0.44759389758110052
decision_type=2 8 8 10 8 2 2
left_child=1 6 5 -4 -3 -2 -1
right_child=2 4 3 -5 -6 -7 -8
leaf_value=5.3866836040650828e-05 -0.00012076111393646327 -0.00046434675881628924 -5.5193548204811791e-05 9.0897283530023177e-06 -0.00013846910000547602 -0.00031636521513088607 9.5704008316937014e-05
leaf_weight=470931 101944 9122 623956 378441 5357 9044 267180
leaf_count=470931 101944 9122 623956 378441 5357 9044 267180
internal_value=-1.13184e-07 6.10687e-05 -4.1469e-05 -3.09243e-05 -0.000343796 -0.000136703 6.90111e-05
internal_weight=1.86598e+06 752590 1.11338e+06 1.0024e+06 14479 110988 738111
internal_count=1865975 752590 1113385 1002397 14479 110988 738111
is_linear=0
shrinkage=0.00720685


Tree=36
num_leaves=8
num_cat=0
split_feature=1 0 6 0 1 1 16
split_gain=90.5265 53.619 45.6006 24.1592 14.4073 10.0639 4.35998
threshold=-0.19865567982196805 -2.4568805694580074 inf 0.52026149630546581 1.2953312397003176 -3.5271030664443965 1.3525989651679995
decision_type=2 2 8 2 2 2 2
left_child=2 4 5 -3 -2 -1 -4
right_child=1 3 6 -5 -6 -7 -8
leaf_value=-0.00018049981655591515 -0.00047398944917893614 -2.0031862798527717e-05 -0.00054636159302029713 -0.00015038894250597853 -0.00019545546956111658 7.049180297412541e-05 -5.1327077996842415e-05
leaf_weight=8394 12143 996526 6913 79751 46901 713502 1067
leaf_count=8394 12143 996526 6913 79751 46901 713502 1067
internal_value=-1.03532e-06 -4.12918e-05 6.15836e-05 -2.96913e-05 -0.000252746 6.75731e-05 -0.000480188
internal_weight=1.8652e+06 1.13532e+06 729876 1.07628e+06 59044 721896 7980
internal_count=1865197 1135321 729876 1076277 59044 721896 7980
is_linear=0
shrinkage=0.00720685


Tree=37
num_leaves=8
num_cat=0
split_feature=1 0 3 0 1 1 0
split_gain=88.867 50.4945 44.6807 25.93 13.7686 7.04704 6.20025
threshold=-0.12314573675394057 -2.4568805694580074 inf 0.47354534268379217 1.2953312397003176 -0.38110370934009546 0.033031187951564796
decision_type=2 2 8 2 2 2 2
left_child=2 4 5 -3 -2 -1 -4
right_child=1 3 6 -5 -6 -7 -8
leaf_value=7.7680289203776732e-05 -0.00046614897459984543 -2.0706142162735863e-05 -0.00023570707337485026 -0.00015692213016469449 -0.00019269440732206413 2.8724526019570124e-05 -0.00055400552814030958
leaf_weight=573649 12026 931103 9727 78719 46709 208130 4723
leaf_count=573649 12026 931103 9727 78719 46709 208130 4723
internal_value=-3.27073e-07 -4.32729e-05 5.73072e-05 -3.13248e-05 -0.000248691 6.46471e-05 -0.000339774
internal_weight=1.86479e+06 1.06856e+06 796229 1.00982e+06 58735 781779 14450
internal_count=1864786 1068557 796229 1009822 58735 781779 14450
is_linear=0
shrinkage=0.00720685


Tree=38
num_leaves=8
num_cat=0
split_feature=1 0 3 0 1 18 25
split_gain=88.5608 50.5904 42.751 26.7046 17.4816 6.73193 5.25962
threshold=-0.16367841511964795 -1.723799407482147 inf 0.47831261157989508 1.2054286003112795 0.71336123347282421 0.1243262253701687
decision_type=2 2 8 2 2 8 10
left_child=2 4 6 -3 -2 -4 -1
right_child=1 3 5 -5 -6 -7 -8
leaf_value=5.2362529213492559e-05 -0.00039413317904861178 -1.4819582882647366e-05 -0.0004472987596461633 -0.0001452815760956329 -0.00015096845890466096 -0.00012274299148380848 9.1888781078842797e-05
leaf_weight=466681 19232 920064 9161 89409 76191 5207 279631
leaf_count=466681 19232 920064 9161 89409 76191 5207 279631
internal_value=-1.67924e-07 -4.13682e-05 5.96759e-05 -2.63747e-05 -0.000199981 -0.000329697 6.71725e-05
internal_weight=1.86558e+06 1.1049e+06 760680 1.00947e+06 95423 14368 746312
internal_count=1865576 1104896 760680 1009473 95423 14368 746312
is_linear=0
shrinkage=0.00720685


Tree=39
num_leaves=8
num_cat=0
split_feature=0 12 0 2 25 23 16
split_gain=79.8108 34.3959 16.8973 15.3848 6.60635 4.73428 3.99527
threshold=-1.2899860739707945 inf -4.1510317325592032 0.41648848354816442 -0.012221986893564461 -0.26896625757217402 1.3525989651679995
decision_type=2 8 2 2 8 8 2
left_child=2 3 5 -2 -4 -1 -3
right_child=1 6 4 -5 -6 -7 -8
leaf_value=-0.00050980821409669268 -3.4335610355287611e-07 -0.00052358209340463307 -0.0002034303491612048 4.5122356102231876e-05 -8.927272545082869e-05 -0.00028175863609736663 -5.147241816440604e-05
leaf_weight=6854 1139163 6883 43415 585105 66913 15265 1077
leaf_count=6854 1139163 6883 43415 585105 66913 15265 1077
internal_value=-1.3484e-07 1.29027e-05 -0.000170647 1.50848e-05 -0.000134196 -0.000352444 -0.000459722
internal_weight=1.86468e+06 1.73223e+06 132447 1.72427e+06 110328 22119 7960
internal_count=1864675 1732228 132447 1724268 110328 22119 7960
is_linear=0
shrinkage=0.00720685


Tree=40
num_leaves=8
num_cat=0
split_feature=1 0 4 0 1 1 18
split_gain=87.38 48.7156 41.6129 25.0418 15.4689 6.38818 5.84316
threshold=-0.12314573675394057 -2.1090843677520748 inf 0.45330303907394415 1.3302171826362612 -0.39148449897766108 0.69170671701431286
decision_type=2 2 8 2 2 2 8
left_child=2 4 5 -3 -2 -1 -4
right_child=1 3 6 -5 -6 -7 -8
leaf_value=7.7562071392004152e-05 -0.0004167578202191268 -1.7494344561001532e-05 -0.0004362264194872904 -0.00014484649141342261 -0.00016517360271922014 3.1432503745082492e-05 -0.00013635400138037505
leaf_weight=566334 16319 907204 9110 87970 57143 215166 5363
leaf_count=566334 16319 907204 9110 87970 57143 215166 5363
internal_value=6.06033e-07 -4.19726e-05 5.77701e-05 -2.8752e-05 -0.000221066 6.48616e-05 -0.000325126
internal_weight=1.86461e+06 1.06864e+06 795973 995174 73462 781500 14473
internal_count=1864609 1068636 795973 995174 73462 781500 14473
is_linear=0
shrinkage=0.00720685


Tree=41
num_leaves=8
num_cat=0
split_feature=1 3 23 3 12 18 1
split_gain=86.8699 41.2173 18.6306 13.7178 8.73342 6.29718 5.64097
threshold=-0.13098421692848203 inf 0.048132419586181648 0.19015236943960193 0.37361674010753637 0.71336123347282421 -0.32085996866226191
decision_type=2 8 10 8 8 8 2
left_child=1 6 3 -2 -4 -3 -1
right_child=2 5 4 -5 -6 -7 -8
leaf_value=7.4502077575701951e-05 -3.2188099370643439e-05 -0.00043672072752833514 2.3178788510715615e-05 -9.7332333200314381e-05 -4.5618860197318109e-05 -0.00012458275878330087 2.6143590104758003e-05
leaf_weight=617334 330700 9222 248515 341023 155990 5280 157189
leaf_count=617334 330700 9222 248515 341023 155990 5280 157189
internal_value=1.19705e-07 5.75602e-05 -4.19921e-05 -6.52609e-05 -3.35176e-06 -0.000323092 6.46878e-05
internal_weight=1.86525e+06 789025 1.07623e+06 671723 404505 14502 774523
internal_count=1865253 789025 1076228 671723 404505 14502 774523
is_linear=0
shrinkage=0.00720685


Tree=42
num_leaves=8
num_cat=0
split_feature=12 5 12 7 16 18 17
split_gain=30.1218 25.9481 15.8777 9.68604 3.70656 3.65237 0.397742
threshold=inf -0.85007819533348072 0.4682252854108811 0.23440163582563403 1.3525989651679995 -0.14933635294437406 -0.06810737773776053
decision_type=8 10 10 2 2 10 2
left_child=1 3 -3 -1 5 -2 -6
right_child=4 2 -4 -5 6 -7 -8
leaf_value=-3.1410605002135737e-05 -0.00042230368303015296 2.8160503375779222e-05 -2.208399427831826e-05 -0.00011998813830260693 -0.00043198735742517604 -0.00085087667910586711 6.94886470483462e-06
leaf_weight=191130 5751 1106799 463445 96490 120 1260 944
leaf_count=191130 5751 1106799 463445 96490 120 1260 944
internal_value=-1.04898e-07 1.80418e-06 1.33312e-05 -6.11267e-05 -0.00043929 -0.000499434 -4.28702e-05
internal_weight=1.86594e+06 1.85786e+06 1.57024e+06 287620 8075 7011 1064
internal_count=1865939 1857864 1570244 287620 8075 7011 1064
is_linear=0
shrinkage=0.00720685


Tree=43
num_leaves=8
num_cat=0
split_feature=1 4 5 12 1 18 1
split_gain=84.3844 38.2578 19.013 12.9359 6.49805 6.01563 5.69857
threshold=-0.11536401137709616 inf -1.4893587827682493 0.29683598875999456 -0.29140736162662501 0.69170671701431286 2.3127592802047734
decision_type=2 8 8 8 2 8 2
left_child=1 4 6 -4 -1 -3 -2
right_child=2 5 3 -5 -6 -7 -8
leaf_value=7.275736984552917e-05 -0.00011687605914028108 -0.00042948831775088849 -8.4291533413443169e-06 -6.2235040565387356e-05 1.9851352830454554e-05 -0.00012209799364954553 -0.00032379593015013892
leaf_weight=640198 104723 8892 545881 403705 148559 5266 7401
leaf_count=640198 104723 8892 545881 403705 148559 5266 7401
internal_value=3.77159e-07 5.61276e-05 -4.1784e-05 -3.13041e-05 6.27928e-05 -0.000315174 -0.000130537
internal_weight=1.86462e+06 802915 1.06171e+06 949586 788757 14158 112124
internal_count=1864625 802915 1061710 949586 788757 14158 112124
is_linear=0
shrinkage=0.00720685


Tree=44
num_leaves=8
num_cat=0
split_feature=0 12 4 0 9 17 9
split_gain=75.4742 31.2518 17.0127 16.5909 6.85504 3.72248 3.59093
threshold=-1.2227793931961057 inf 0.15762435644865039 -4.1510317325592032 -0.5613369047641753 -0.064585033804178224 -3.9099543094635005
decision_type=2 8 10 2 8 2 8
left_child=3 2 -2 6 -5 -3 -1
right_child=1 5 -4 4 -6 -7 -8
leaf_value=-0.0007246756344383953 -3.8179376666692191e-06 -0.00049246111895743941 4.2237165631743742e-05 -0.00019019348854451481 -7.9123913334290543e-05 -1.1061298787497974e-05 -0.0003193692897613666
leaf_weight=1200 1006282 7073 710886 50482 67393 946 21050
leaf_count=1200 1006282 7073 710886 50482 67393 946 21050
internal_value=8.70132e-08 1.3152e-05 1.52483e-05 -0.000160765 -0.000126693 -0.000435682 -0.000341259
internal_weight=1.86531e+06 1.72519e+06 1.71717e+06 140125 117875 8019 22250
internal_count=1865312 1725187 1717168 140125 117875 8019 22250
is_linear=0
shrinkage=0.00720685


Tree=45
num_leaves=8
num_cat=0
split_feature=2 4 2 2 11 4 7
split_gain=33.483 23.2233 14.9169 6.82299 5.95202 3.84654 3.2588
threshold=-1.0684317350387571 -1.8413582444190977 0.38631276786327368 -2.3855395317077632 inf -0.77237108349800099 -0.045582422986626618
decision_type=2 10 2 2 8 10 2
left_child=3 4 -3 6 -2 -5 -1
right_child=1 2 -4 5 -6 -7 -8
leaf_value=8.4758004010331269e-06 -0.00010973534066961 -2.6178075392539067e-06 4.231170471556199e-05 -0.00010464714969437815 -0.00031242580263783105 -3.4114691268763387e-05 -0.00018889854797627005
leaf_weight=4892 31345 991773 626084 72151 9902 90575 38816
leaf_count=4892 31345 991773 626084 72151 9902 90575 38816
internal_value=-3.0596e-07 1.04639e-05 1.47692e-05 -8.68626e-05 -0.000158401 -6.53886e-05 -0.000166807
internal_weight=1.86554e+06 1.6591e+06 1.61786e+06 206434 41247 162726 43708
internal_count=1865538 1659104 1617857 206434 41247 162726 43708
is_linear=0
shrinkage=0.00720685


Tree=46
num_leaves=8
num_cat=0
split_feature=0 3 0 3 23 0 23
split_gain=74.473 30.6662 18.7019 15.7183 7.22055 5.79683 4.43173
threshold=-1.1040666699409483 inf -4.1510317325592032 0.020935604348778728 0.14608982205390933 0.033031187951564796 -0.045739920809864991
decision_type=2 8 2 8 8 2 8
left_child=2 3 6 -2 -4 -3 -1
right_child=1 5 4 -5 -6 -7 -8
leaf_value=-0.000460420241681736 3.8732274345709542e-05 -0.0002140864827944615 -0.00016506613875126884 -5.1605290804594116e-06 -5.7787500364324722e-05 -0.00051947544133197957 -0.00025511841506785978
leaf_weight=9687 842923 9733 75469 852123 57352 4832 12532
leaf_count=9687 842923 9733 75469 852123 57352 4832 12532
internal_value=1.21493e-07 1.38373e-05 -0.00015112 1.66668e-05 -0.000118744 -0.000315429 -0.000344642
internal_weight=1.86465e+06 1.70961e+06 155040 1.69505e+06 132821 14565 22219
internal_count=1864651 1709611 155040 1695046 132821 14565 22219
is_linear=0
shrinkage=0.00720685


Tree=47
num_leaves=8
num_cat=0
split_feature=1 0 1 0 1 18 2
split_gain=83.2388 49.4475 39.7021 25.9949 14.3398 7.09207 4.97134
threshold=-0.16367841511964795 -2.1090843677520748 -3.5271030664443965 0.5629275143146516 1.2628204226493838 0.80304557085037243 0.43226155638694769
decision_type=2 2 2 2 2 10 2
left_child=2 4 5 -3 -2 -1 -4
right_child=1 3 6 -5 -6 -7 -8
leaf_value=-0.00045362379506939883 -0.00041975681989059159 -1.8833452850395106e-05 5.062244154994923e-05 -0.00017771294724656711 -0.00017007386998235525 -0.0001333803037205576 8.916745573360188e-05
leaf_weight=8260 15035 976501 469814 56585 58174 6357 275833
leaf_count=8260 15035 976501 469814 56585 58174 6357 275833
internal_value=-4.65728e-07 -4.03622e-05 5.75894e-05 -2.75359e-05 -0.000221357 -0.000314368 6.48813e-05
internal_weight=1.86656e+06 1.1063e+06 760264 1.03309e+06 73209 14617 745647
internal_count=1866559 1106295 760264 1033086 73209 14617 745647
is_linear=0
shrinkage=0.00720685


Tree=48
num_leaves=8
num_cat=0
split_feature=1 0 1 0 1 12 1
split_gain=80.6838 45.1937 37.9978 25.787 18.1296 6.67063 5.97029
threshold=-0.13098421692848203 -1.723799407482147 -3.5271030664443965 0.46823923289775854 1.233105540275574 -2.3163734674453731 -0.39148449897766108
decision_type=2 2 2 2 2 10 2
left_child=2 4 5 -3 -2 -1 -4
right_child=1 3 6 -5 -6 -7 -8
leaf_value=-0.00049275590013459348 -0.00038372853142680567 -1.5049981966890525e-05 7.4001528771455724e-05 -0.00014734612594928103 -0.00013952015354669182 -0.00017924757657566726 2.8882493341274519e-05
leaf_weight=6072 19968 897256 566457 83658 75448 8407 208355
leaf_count=6072 19968 897256 566457 83658 75448 8407 208355
internal_value=-3.12438e-07 -4.08981e-05 5.50328e-05 -2.63331e-05 -0.00019063 -0.000310748 6.18686e-05
internal_weight=1.86562e+06 1.07633e+06 789291 980914 95416 14479 774812
internal_count=1865621 1076330 789291 980914 95416 14479 774812
is_linear=0
shrinkage=0.00720685


Tree=49
num_leaves=8
num_cat=0
split_feature=1 0 4 0 1 1 0
split_gain=81.4726 43.3173 38.4582 25.9349 17.9742 6.02907 4.8722
threshold=-0.12314573675394057 -1.723799407482147 inf 0.47354534268379217 1.233105540275574 -0.42331108450889582 0.033031187951564796
decision_type=2 2 8 2 2 2 2
left_child=2 4 5 -3 -2 -1 -4
right_child=1 3 6 -5 -6 -7 -8
leaf_value=7.4415679377778574e-05 -0.00038088684201797009 -1.642514391337452e-05 -0.00022154916830580259 -0.00015270687697686026 -0.00013755841018942331 3.089836262705172e-05 -0.00050353211551272948
leaf_weight=545212 19943 894470 9491 78926 75304 237341 4790
leaf_count=545212 19943 894470 9491 78926 75304 237341 4790
internal_value=-7.01831e-07 -4.18285e-05 5.44536e-05 -2.74755e-05 -0.000188511 6.12174e-05 -0.000316158
internal_weight=1.86548e+06 1.06864e+06 796834 973396 95247 782553 14281
internal_count=1865477 1068643 796834 973396 95247 782553 14281
is_linear=0
shrinkage=0.00720685


Tree=50
num_leaves=8
num_cat=0
split_feature=1 0 3 0 1 1 18
split_gain=79.0261 43.595 36.141 25.2923 13.9537 6.23201 5.97712
threshold=-0.11536401137709616 -2.1090843677520748 inf 0.44841232895851141 1.2628204226493838 -0.29140736162662501 0.82680258154869091
decision_type=2 2 8 2 2 2 8
left_child=2 4 5 -3 -2 -1 -4
right_child=1 3 6 -5 -6 -7 -8
leaf_value=7.0591960848605313e-05 -0.00040698197858182755 -1.6561222668623387e-05 -0.00040205950014717408 -0.00014475951109323355 -0.00015992817535204893 1.8733275001856416e-05 -8.6523999809411502e-05
leaf_weight=639517 14922 899683 9908 87724 58137 148264 4551
leaf_count=639517 14922 899683 9908 87724 58137 148264 4551
internal_value=3.08259e-07 -4.05201e-05 5.42785e-05 -2.79509e-05 -0.000210393 6.0832e-05 -0.000302758
internal_weight=1.86271e+06 1.06047e+06 802240 987407 73059 787781 14459
internal_count=1862706 1060466 802240 987407 73059 787781 14459
is_linear=0
shrinkage=0.00720685


Tree=51
num_leaves=8
num_cat=0
split_feature=1 0 3 0 1 18 1
split_gain=78.7731 43.5837 36.345 23.8531 13.0578 5.61998 5.4641
threshold=-0.12314573675394057 -2.4568805694580074 inf 0.47831261157989508 1.2953312397003176 0.82680258154869091 -0.39148449897766108
decision_type=2 2 8 2 2 8 2
left_child=2 4 6 -3 -2 -4 -1
right_child=1 3 5 -5 -6 -7 -8
leaf_value=7.2922401706514939e-05 -0.00044075371119636764 -1.8925942241190361e-05 -0.00040105548049715572 -0.00015103097342696742 -0.00017582922671093685 -9.5409502127671156e-05 3.0323732315871752e-05
leaf_weight=566671 12178 932479 9838 76839 46798 4580 216014
leaf_count=566671 12178 932479 9838 76839 46798 4580 216014
internal_value=3.43354e-07 -4.01105e-05 5.45605e-05 -2.89832e-05 -0.00023054 -0.000303979 6.11656e-05
internal_weight=1.8654e+06 1.06829e+06 797103 1.00932e+06 58976 14418 782685
internal_count=1865397 1068294 797103 1009318 58976 14418 782685
is_linear=0
shrinkage=0.00720685


Tree=52
num_leaves=8
num_cat=0
split_feature=1 0 3 0 1 0 2
split_gain=78.2551 44.6934 37.1152 22.2683 10.9909 6.0509 5.1144
threshold=-0.17290900647640225 -2.9530549049377437 inf 0.53051459789276134 1.3651160001754763 0.038379598408937461 0.64334848523139965
decision_type=2 2 8 2 2 2 2
left_child=2 4 6 -3 -2 -4 -1
right_child=1 3 5 -5 -6 -7 -8
leaf_value=5.2764969060131285e-05 -0.0004807654436568063 -2.0549409666599308e-05 -0.00021907670355888356 -0.00015366513217155486 -0.00020401689812488466 -0.00055866419969425034 9.6475815946209172e-05
leaf_weight=552356 9536 999118 10885 69832 34136 3636 185800
leaf_count=552356 9536 999118 10885 69832 34136 3636 185800
internal_value=-8.47637e-08 -3.84783e-05 5.66692e-05 -2.92457e-05 -0.000264456 -0.000304141 6.37675e-05
internal_weight=1.8653e+06 1.11262e+06 752677 1.06895e+06 43672 14521 738156
internal_count=1865299 1112622 752677 1068950 43672 14521 738156
is_linear=0
shrinkage=0.00720685


Tree=53
num_leaves=8
num_cat=0
split_feature=1 0 3 0 1 1 18
split_gain=77.6967 43.6786 36.8079 21.2641 12.8788 6.43752 6.06971
threshold=-0.11536401137709616 -2.4568805694580074 inf 0.47831261157989508 1.2953312397003176 -0.39148449897766108 0.69170671701431286
decision_type=2 2 8 2 2 2 8
left_child=2 4 5 -3 -2 -1 -4
right_child=1 3 6 -5 -6 -7 -8
leaf_value=7.2341659468584156e-05 -0.00044089349654853827 -2.0510270255813346e-05 -0.00042101454028205422 -0.00014695676426681388 -0.00017757345427192939 2.661018510136338e-05 -0.0001147885069836998
leaf_weight=566247 12171 928429 9097 74627 46528 222777 5334
leaf_count=566247 12171 928429 9097 74627 46528 222777 5334
internal_value=-6.37795e-07 -4.11002e-05 5.28326e-05 -2.9918e-05 -0.000232178 5.94297e-05 -0.000307844
internal_weight=1.86521e+06 1.06176e+06 803455 1.00306e+06 58699 789024 14431
internal_count=1865210 1061755 803455 1003056 58699 789024 14431
is_linear=0
shrinkage=0.00720685


Tree=54
num_leaves=8
num_cat=0
split_feature=1 0 3 0 1 1 18
split_gain=73.2041 42.924 33.704 24.0968 16.9624 6.32339 5.60484
threshold=-0.10698758810758589 -1.723799407482147 inf 0.43893221020698553 1.233105540275574 -0.51253479719161976 0.82680258154869091
decision_type=2 2 8 2 2 2 8
left_child=2 4 5 -3 -2 -1 -4
right_child=1 3 6 -5 -6 -7 -8
leaf_value=7.3941424168439714e-05 -0.00037193547671800784 -1.3546932458560668e-05 -0.00039239766951429568 -0.00013785062174823275 -0.00013589464640845105 3.2322265575153821e-05 -8.6766786604159645e-05
leaf_weight=485088 19996 869651 9762 89318 75586 311284 4579
leaf_count=485088 19996 869651 9762 89318 75586 311284 4579
internal_value=-5.47059e-08 -3.96408e-05 5.14377e-05 -2.51247e-05 -0.000185278 5.76735e-05 -0.000294825
internal_weight=1.86526e+06 1.05455e+06 810713 958969 95582 796372 14341
internal_count=1865264 1054551 810713 958969 95582 796372 14341
is_linear=0
shrinkage=0.00720685


Tree=55
num_leaves=8
num_cat=0
split_feature=0 11 0 2 13 23 23
split_gain=66.1487 19.6823 15.7339 15.4618 9.35873 6.4446 4.80504
threshold=-1.3657891154289243 inf -4.1510317325592032 0.38631276786327368 -0.020442069508135315 0.13899922370910647 -0.061593161895871155
decision_type=2 8 2 2 8 8 8
left_child=2 3 6 -2 -3 -4 -1
right_child=1 4 5 -5 -6 -7 -8
leaf_value=-0.0004560045896897973 -1.8146340540511164e-06 -5.1575615552615051e-05 -0.00017298290630913323 4.3339640923099274e-05 -0.0003666739995105836 -5.804665975406651e-05 -0.00024188948206866758
leaf_weight=9545 1110260 9418 57575 610415 10196 45257 12681
leaf_count=9545 1110260 9418 57575 610415 10196 45257 12681
internal_value=1.11624e-07 1.16163e-05 -0.000159984 1.4204e-05 -0.000215385 -0.0001224 -0.000333858
internal_weight=1.86535e+06 1.74029e+06 125058 1.72068e+06 19614 102832 22226
internal_count=1865347 1740289 125058 1720675 19614 102832 22226
is_linear=0
shrinkage=0.00720685


Tree=56
num_leaves=8
num_cat=0
split_feature=0 12 5 0 9 9 0
split_gain=66.5471 27.0547 15.6365 13.1144 7.59155 3.82697 3.44542
threshold=-1.3657891154289243 inf -0.6491197645664214 -4.1510317325592032 -0.71632400155067433 -3.9099543094635005 0.028881276957690719
decision_type=2 8 8 2 8 8 2
left_child=3 2 -2 5 -5 -1 -3
right_child=1 6 -4 4 -6 -7 -8
leaf_value=-0.00071781398834416246 -3.3403247700340991e-05 -0.00026003788550760129 2.3638939366110826e-05 -0.00020316972383896574 -7.6324340303176748e-05 -0.00029629539814655167 -0.00056086533411903183
leaf_weight=1181 302362 4010 1430238 40228 62709 21128 3907
leaf_count=1181 302362 4010 1430238 40228 62709 21128 3907
internal_value=2.17603e-07 1.17635e-05 1.36843e-05 -0.000160231 -0.000125897 -0.00031864 -0.000408547
internal_weight=1.86576e+06 1.74052e+06 1.7326e+06 125246 102937 22309 7917
internal_count=1865763 1740517 1732600 125246 102937 22309 7917
is_linear=0
shrinkage=0.00720685


Tree=57
num_leaves=8
num_cat=0
split_feature=1 1 5 4 18 2 2
split_gain=73.4834 34.2273 18.7833 12.5115 6.15394 5.78841 4.86976
threshold=-0.17290900647640225 -3.5271030664443965 -1.4424635171890257 0.49065057933330541 0.80304557085037243 -2.7404688596725459 0.44759389758110052
decision_type=2 2 8 10 10 2 2
left_child=1 4 5 -4 -1 -2 -3
right_child=2 6 3 -5 -6 -7 -8
leaf_value=-0.00042247765786389773 -0.00030919867722012644 4.8112466754061965e-05 -4.1970472765390692e-05 1.6087581851852774e-05 -0.00012324424703931134 -0.00010864871014816173 8.6665211394014108e-05
leaf_weight=8154 8007 471736 731926 261720 6351 112406 266209
leaf_count=8154 8007 471736 731926 261720 6351 112406 266209
internal_value=1.83011e-07 5.52055e-05 -3.69799e-05 -2.66783e-05 -0.000291477 -0.000121987 6.20203e-05
internal_weight=1.86651e+06 752450 1.11406e+06 993646 14505 120413 737945
internal_count=1866509 752450 1114059 993646 14505 120413 737945
is_linear=0
shrinkage=0.00720685


Tree=58
num_leaves=8
num_cat=0
split_feature=0 3 3 0 25 18 6
split_gain=68.8046 26.436 16.2071 14.3003 6.09178 5.21634 2.78785
threshold=-1.3657891154289243 inf -0.11537065729498862 -4.1510317325592032 0.056760972365736968 0.69170671701431286 0.55763956904411327
decision_type=2 8 10 2 8 8 8
left_child=3 2 -2 6 -5 -3 -1
right_child=1 5 -4 4 -6 -7 -8
leaf_value=-0.00025566905130070439 3.8962487894430136e-05 -0.00039843980071287204 -5.5105566062402733e-06 -0.00018522782296003182 -7.4232064536497826e-05 -0.00011566913344949383 -0.00041792139551286592
leaf_weight=12137 762821 9193 962737 49481 53400 5368 10072
leaf_count=12137 762821 9193 962737 49481 53400 5368 10072
internal_value=-1.66552e-07 1.15693e-05 1.41497e-05 -0.000163422 -0.000127617 -0.000294211 -0.000329268
internal_weight=1.86521e+06 1.74012e+06 1.72556e+06 125090 102881 14561 22209
internal_count=1865209 1740119 1725558 125090 102881 14561 22209
is_linear=0
shrinkage=0.00720685


Tree=59
num_leaves=8
num_cat=0
split_feature=1 0 1 0 1 18 19
split_gain=72.5142 41.9193 33.1449 21.8246 11.8666 6.01103 4.43694
threshold=-0.18101984262466428 -2.4568805694580074 -3.5271030664443965 0.53051459789276134 1.2953312397003176 0.80304557085037243 -0.34579645097255701
decision_type=2 2 2 2 2 10 8
left_child=2 4 5 -3 -2 -1 -4
right_child=1 3 6 -5 -6 -7 -8
leaf_value=-0.00041501593356934544 -0.00042447585035678776 -1.7286599571463028e-05 8.2924866673026931e-05 -0.00014793881467246538 -0.00017150484772146437 -0.00011846063119364778 4.6955393444627274e-05
leaf_weight=8188 12132 989037 306451 71184 46727 6269 425359
leaf_count=8188 12132 989037 306451 71184 46727 6269 425359
internal_value=2.42147e-07 -3.64517e-05 5.52672e-05 -2.60588e-05 -0.000223654 -0.000286438 6.2018e-05
internal_weight=1.86535e+06 1.11908e+06 746267 1.06022e+06 58859 14457 731810
internal_count=1865347 1119080 746267 1060221 58859 14457 731810
is_linear=0
shrinkage=0.00720685


Tree=60
num_leaves=8
num_cat=0
split_feature=4 2 23 12 12 9 17
split_gain=29.06 21.9222 13.4244 12.4011 9.13838 3.42153 3.39648
threshold=-1.6452465057373045 0.16956169903278354 -0.015187016688287256 inf 0.9010426700115205 -1.5835002660751341 -0.064585033804178224
decision_type=10 2 10 8 8 8 2
left_child=3 2 -2 5 -3 -1 -5
right_child=1 4 -4 6 -6 -7 -8
leaf_value=-0.00025605120754057363 -4.0720971954647148e-05 4.1757800987738058e-05 1.4389118780421238e-05 -0.00045742317124394674 -3.0745282606227046e-05 -8.7971994323368855e-05 1.5206970769304422e-05
leaf_weight=6935 551390 735344 393342 6997 102929 67657 890
leaf_count=6935 551390 735344 393342 6997 102929 67657 890
internal_value=-8.95207e-08 6.02827e-06 -1.77757e-05 -0.000132341 3.28553e-05 -0.000103602 -0.000404091
internal_weight=1.86548e+06 1.783e+06 944732 82479 838273 74592 7887
internal_count=1865484 1783005 944732 82479 838273 74592 7887
is_linear=0
shrinkage=0.00720685


Tree=61
num_leaves=8
num_cat=0
split_feature=1 0 1 0 1 1 9
split_gain=69.7193 40.8442 31.3027 22.1061 11.6664 5.44806 5.16143
threshold=-0.12314573675394057 -2.6832641363143916 -3.5271030664443965 0.47354534268379217 1.2953312397003176 -0.29140736162662501 0.028945037163794044
decision_type=2 2 2 2 2 2 10
left_child=2 4 6 -3 -2 -4 -1
right_child=1 3 5 -5 -6 -7 -8
leaf_value=-0.00040130527177404546 -0.00045059380760948363 -1.855570656830117e-05 6.5835876295143676e-05 -0.00014425007876087254 -0.00018141545992782636 1.6437508350175087e-05 -0.00012632075848800347
leaf_weight=8160 10507 937622 640592 78778 40984 141593 6271
leaf_count=8160 10507 937622 640592 78778 40984 141593 6271
internal_value=-2.67189e-07 -3.833e-05 5.07573e-05 -2.8298e-05 -0.00023635 5.68937e-05 -0.000281828
internal_weight=1.86451e+06 1.06789e+06 796616 1.0164e+06 51491 782185 14431
internal_count=1864507 1067891 796616 1016400 51491 782185 14431
is_linear=0
shrinkage=0.00720685


Tree=62
num_leaves=8
num_cat=0
split_feature=6 2 6 23 25 24 15
split_gain=31.5046 21.8942 14.5618 13.4332 7.24362 6.50954 3.35445
threshold=1.2547465562820437 0.16956169903278354 1.2547465562820437 -0.015187016688287256 0.1243262253701687 1.1050940752029421 -0.10197862610220908
decision_type=8 2 10 10 10 2 2
left_child=1 3 6 -1 -3 -4 -2
right_child=2 4 5 -5 -6 -7 -8
leaf_value=-3.8257584259117882e-05 -0.00061197311410011621 2.0593927401046424e-05 -5.8110472259473983e-05 1.8623290175408114e-05 6.54443838367582e-05 -0.00018425400574185427 -0.00029290732350934965
leaf_weight=520180 2440 502416 143380 368342 297947 24944 5743
leaf_count=520180 2440 502416 143380 368342 297947 24944 5743
internal_value=3.75361e-07 9.95015e-06 -9.12393e-05 -1.46773e-05 3.72903e-05 -7.68048e-05 -0.000388109
internal_weight=1.86539e+06 1.68888e+06 176507 888522 800363 168324 8183
internal_count=1865392 1688885 176507 888522 800363 168324 8183
is_linear=0
shrinkage=0.00720685


Tree=63
num_leaves=8
num_cat=0
split_feature=1 1 6 5 1 24 1
split_gain=69.0051 30.1543 18.5692 11.5882 9.10361 5.52939 5.3521
threshold=-0.12314573675394057 -3.5271030664443965 0.59953123331069957 -0.67064359784126271 2.1903132200241093 -0.018959815613925454 -0.29140736162662501
decision_type=2 2 8 8 2 2 2
left_child=1 5 3 -2 -4 -1 -3
right_child=2 6 4 -5 -6 -7 -8
leaf_value=-0.00010397385040474048 -8.3772882882192441e-05 6.5815383535999244e-05 -7.40536384116464e-05 -4.9062643707598691e-06 -0.00026066724227427602 -0.00038973582736291705 1.6801616279851516e-05
leaf_weight=5921 114781 640676 323830 616502 14171 8665 141220
leaf_count=5921 114781 640676 323830 616502 14171 8665 141220
internal_value=1.23537e-07 5.09062e-05 -3.77032e-05 -1.72852e-05 -8.18784e-05 -0.00027375 5.6963e-05
internal_weight=1.86577e+06 796482 1.06928e+06 731283 338001 14586 781896
internal_count=1865766 796482 1069284 731283 338001 14586 781896
is_linear=0
shrinkage=0.00720685


Tree=64
num_leaves=8
num_cat=0
split_feature=1 0 3 0 1 1 0
split_gain=69.823 39.7256 30.4536 21.7572 13.716 5.37127 5.06858
threshold=-0.13098421692848203 -2.1090843677520748 inf 0.48870852589607244 1.2628204226493838 -0.51253479719161976 0.033031187951564796
decision_type=2 2 8 2 2 2 2
left_child=2 4 5 -3 -2 -1 -4
right_child=1 3 6 -5 -6 -7 -8
leaf_value=7.1916129520017088e-05 -0.00039520662125522987 -1.6699935803054863e-05 -0.0001822507481579066 -0.0001443774843470919 -0.00015027677058587362 3.2717290189087155e-05 -0.00046973514508261903
leaf_weight=485914 14928 928048 9691 74916 58069 289878 4746
leaf_count=485914 14928 928048 9691 74916 58069 289878 4746
internal_value=-2.7239e-07 -3.80509e-05 5.11661e-05 -2.62369e-05 -0.00020037 5.72694e-05 -0.000276784
internal_weight=1.86619e+06 1.07596e+06 790229 1.00296e+06 72997 775792 14437
internal_count=1866190 1075961 790229 1002964 72997 775792 14437
is_linear=0
shrinkage=0.00720685


Tree=65
num_leaves=8
num_cat=0
split_feature=1 0 3 0 1 1 18
split_gain=67.0647 37.7983 31.7509 23.1614 11.2984 7.12591 4.88363
threshold=-0.067829996347427354 -2.6832641363143916 inf 0.43395343422889715 1.2953312397003176 -0.29140736162662501 0.69170671701431286
decision_type=2 2 8 2 2 2 8
left_child=2 4 5 -3 -2 -1 -4
right_child=1 3 6 -5 -6 -7 -8
leaf_value=6.4982742281992378e-05 -0.00044100212093820814 -1.8613684964507141e-05 -0.00038916533800158469 -0.00014836026368254674 -0.00017561768810028366 1.5042622232745459e-05 -0.00011480032423212905
leaf_weight=640408 10466 888416 9085 77710 40873 193162 5358
leaf_count=640408 10466 888416 9085 77710 40873 193162 5358
internal_value=2.7332e-07 -3.91759e-05 4.76054e-05 -2.905e-05 -0.000229727 5.34102e-05 -0.000287399
internal_weight=1.86548e+06 1.01746e+06 848013 966126 51339 833570 14443
internal_count=1865478 1017465 848013 966126 51339 833570 14443
is_linear=0
shrinkage=0.00720685


Tree=66
num_leaves=8
num_cat=0
split_feature=1 4 23 2 5 1 15
split_gain=66.6431 30.4137 18.4592 14.7116 9.74875 7.23993 4.75444
threshold=-0.067829996347427354 inf 0.048132419586181648 -1.2665458321571348 -1.0360323190689085 -0.29140736162662501 -0.10197862610220908
decision_type=2 8 10 2 8 2 2
left_child=1 5 3 -2 -4 -1 -3
right_child=2 6 4 -5 -6 -7 -8
leaf_value=6.4543844984306221e-05 -0.00015311542316326636 -0.00051922164232022494 -8.7186205100147412e-05 -4.9759216653260601e-05 1.5269924635120459e-05 1.4204409707702445e-05 -0.00020920555218476068
leaf_weight=640710 82182 3352 56573 551755 327248 193121 11010
leaf_count=640710 82182 3352 56573 551755 327248 193121 11010
internal_value=4.22097e-08 4.72211e-05 -3.92763e-05 -6.31583e-05 1.68238e-07 5.28849e-05 -0.000281593
internal_weight=1.86595e+06 848193 1.01776e+06 633937 383821 833831 14362
internal_count=1865951 848193 1017758 633937 383821 833831 14362
is_linear=0
shrinkage=0.00720685


Tree=67
num_leaves=8
num_cat=0
split_feature=0 6 0 4 17 23 19
split_gain=60.7707 23.9095 15.4864 14.037 6.46696 3.78101 3.00347
threshold=-1.1040666699409483 inf -4.1510317325592032 0.42570129036903387 -0.1218159757554531 -0.051043961197137826 0.22048985958099368
decision_type=2 8 2 10 2 8 10
left_child=2 3 5 -2 -4 -1 -3
right_child=1 6 4 -5 -6 -7 -8
leaf_value=-0.00041944113964213569 3.1877088431678484e-07 -5.1993772388223342e-05 -0.00015261650714942614 4.4590698721396766e-05 -5.1602921602971141e-05 -0.00022980478823174356 -0.00043832906910077924
leaf_weight=9668 1150971 1235 72535 549587 60273 12562 6814
leaf_count=9668 1150971 1235 72535 549587 60273 12562 6814
internal_value=3.74941e-07 1.27718e-05 -0.000136244 1.46266e-05 -0.000106774 -0.000312295 -0.000379068
internal_weight=1.86364e+06 1.70861e+06 155038 1.70056e+06 132808 22230 8049
internal_count=1863645 1708607 155038 1700558 132808 22230 8049
is_linear=0
shrinkage=0.00720685


Tree=68
num_leaves=8
num_cat=0
split_feature=0 11 0 25 11 23 9
split_gain=57.4561 17.1712 15.152 10.9077 8.57458 6.94363 4.50877
threshold=-1.1040666699409483 1.2020906805992129 -4.1510317325592032 0.046838117763400085 -1.0000000180025095e-35 0.14608982205390933 -3.9099543094635005
decision_type=2 8 2 8 10 8 8
left_child=2 3 6 -2 -3 -4 -1
right_child=1 4 5 -5 -6 -7 -8
leaf_value=-0.00073737468686902678 7.296526151410253e-08 -0.00019934116233740672 -0.00014899108711231894 3.8378055351577248e-05 -3.8846309608679007e-05 -4.3914090648741212e-05 -0.00028237274209591583
leaf_weight=1195 763699 19629 75719 780938 145025 57446 21053
leaf_count=1195 763699 19629 75719 780938 145025 57446 21053
internal_value=-8.12249e-08 1.19815e-05 -0.000132751 1.94393e-05 -5.79807e-05 -0.000103663 -0.000306844
internal_weight=1.8647e+06 1.70929e+06 155413 1.54464e+06 164654 133165 22248
internal_count=1864704 1709291 155413 1544637 164654 133165 22248
is_linear=0
shrinkage=0.00720685


Tree=69
num_leaves=8
num_cat=0
split_feature=4 8 5 15 4 13 18
split_gain=29.0577 20.5306 14.259 10.347 7.20783 4.79954 3.12713
threshold=-1.270666182041168 -0.58141139149665821 -0.6491197645664214 -0.4106199294328689 -1.9323028326034544 0.045610439032316215 1.0439216494560244
decision_type=10 8 8 2 10 10 8
left_child=4 3 -3 -2 5 -1 -6
right_child=1 2 -4 -5 6 -7 -8
leaf_value=-0.00011574177913904061 -7.0378810382009554e-05 -2.926648644802563e-05 3.5971962184077563e-05 -3.1233117931969078e-06 -3.6775326050607208e-05 -0.00026592155403265874 -0.00012267000494339646
leaf_weight=38124 201700 210981 992951 289099 87414 15567 29425
leaf_count=38124 201700 210981 992951 289099 87414 15567 29425
internal_value=-4.99509e-07 8.52361e-06 2.45393e-05 -3.07629e-05 -9.01712e-05 -0.000159289 -5.84083e-05
internal_weight=1.86526e+06 1.69473e+06 1.20393e+06 490799 170530 53691 116839
internal_count=1865261 1694731 1203932 490799 170530 53691 116839
is_linear=0
shrinkage=0.00720685


Tree=70
num_leaves=8
num_cat=0
split_feature=1 0 1 0 1 9 9
split_gain=64.8159 38.0276 28.9931 22.7552 14.3792 6.10732 4.71344
threshold=-0.18101984262466428 -1.723799407482147 -3.5271030664443965 0.53051459789276134 1.233105540275574 0.014269886072725059 0.29294857382774359
decision_type=2 2 2 2 2 10 8
left_child=2 4 5 -3 -2 -1 -4
right_child=1 3 6 -5 -6 -7 -8
leaf_value=-0.00040177138416050201 -0.0003450352360042276 -1.2322129313306855e-05 7.5700415625423045e-05 -0.00014587920532886574 -0.00012680315258785003 -0.00010386989636744205 3.8974916462980913e-05
leaf_weight=7927 19792 952265 391531 71212 75511 6511 338384
leaf_count=7927 19792 952265 391531 71212 75511 6511 338384
internal_value=2.35659e-07 -3.44365e-05 5.23488e-05 -2.1615e-05 -0.000172128 -0.000267446 5.86748e-05
internal_weight=1.86313e+06 1.11878e+06 744353 1.02348e+06 95303 14438 729915
internal_count=1863133 1118780 744353 1023477 95303 14438 729915
is_linear=0
shrinkage=0.00720685


Tree=71
num_leaves=8
num_cat=0
split_feature=1 0 1 0 1 9 9
split_gain=64.0267 39.2794 29.1326 21.7814 14.9019 5.5698 4.82421
threshold=-0.17290900647640225 -1.723799407482147 -3.5271030664443965 0.5629275143146516 1.233105540275574 0.028945037163794044 0.29294857382774359
decision_type=2 2 2 2 2 10 8
left_child=2 4 5 -3 -2 -1 -4
right_child=1 3 6 -5 -6 -7 -8
leaf_value=-0.00039207529736265455 -0.0003490524872873353 -1.2884759389543576e-05 7.5253468040707298e-05 -0.00015642234707018938 -0.00012769075358094327 -0.00010673072726465772 3.8289931775062603e-05
leaf_weight=8195 19999 959368 396688 58242 75149 6274 341072
leaf_count=8195 19999 959368 396688 58242 75149 6274 341072
internal_value=5.25405e-07 -3.41932e-05 5.1884e-05 -2.11002e-05 -0.000174222 -0.000268362 5.81651e-05
internal_weight=1.86499e+06 1.11276e+06 752229 1.01761e+06 95148 14469 737760
internal_count=1864987 1112758 752229 1017610 95148 14469 737760
is_linear=0
shrinkage=0.00720685


end of trees

feature_importances:
LN_TURNOVER=132
LOW_TURNOVER=110
CORD20=44
MAX_DD60=31
Q_SALES_YOY=25
INTRADAY_REV10=23
CORD60=23
REV60=23
RET_AMT_CORR20=16
ROE_YOY=13
EP=12
VOL_CV20=11
CORR60=11
UP_DOWN_RATIO20=7
BP=6
CORD5=5
MACD_LINE=4
VOL_OF_VOL_20=3
CURRENT_RATIO=2
CNTD60=2
AMIHUD_20=1

parameters:
[boosting: gbdt]
[objective: regression]
[metric: l2]
[tree_learner: serial]
[device_type: cpu]
[data_sample_strategy: bagging]
[data: ]
[valid: ]
[num_iterations: 1000]
[learning_rate: 0.00720685]
[num_leaves: 43]
[num_threads: 8]
[seed: 42]
[deterministic: 0]
[force_col_wise: 0]
[force_row_wise: 0]
[histogram_pool_size: -1]
[max_depth: 3]
[min_data_in_leaf: 76]
[min_sum_hessian_in_leaf: 0.001]
[bagging_fraction: 0.712041]
[pos_bagging_fraction: 1]
[neg_bagging_fraction: 1]
[bagging_freq: 1]
[bagging_seed: 400]
[bagging_by_query: 0]
[feature_fraction: 0.587027]
[feature_fraction_bynode: 1]
[feature_fraction_seed: 30056]
[extra_trees: 0]
[extra_seed: 12879]
[early_stopping_round: 0]
[early_stopping_min_delta: 0]
[first_metric_only: 0]
[max_delta_step: 0]
[lambda_l1: 0.0035701]
[lambda_l2: 0.944352]
[linear_lambda: 0]
[min_gain_to_split: 0]
[drop_rate: 0.1]
[max_drop: 50]
[skip_drop: 0.5]
[xgboost_dart_mode: 0]
[uniform_drop: 0]
[drop_seed: 17869]
[top_rate: 0.2]
[other_rate: 0.1]
[min_data_per_group: 100]
[max_cat_threshold: 32]
[cat_l2: 10]
[cat_smooth: 10]
[max_cat_to_onehot: 4]
[top_k: 20]
[monotone_constraints: ]
[monotone_constraints_method: basic]
[monotone_penalty: 0]
[feature_contri: ]
[forcedsplits_filename: ]
[refit_decay_rate: 0.9]
[cegb_tradeoff: 1]
[cegb_penalty_split: 0]
[cegb_penalty_feature_lazy: ]
[cegb_penalty_feature_coupled: ]
[path_smooth: 0]
[interaction_constraints: ]
[verbosity: -1]
[saved_feature_importance_type: 0]
[use_quantized_grad: 0]
[num_grad_quant_bins: 4]
[quant_train_renew_leaf: 0]
[stochastic_rounding: 1]
[linear_tree: 0]
[max_bin: 255]
[max_bin_by_feature: ]
[min_data_in_bin: 3]
[bin_construct_sample_cnt: 200000]
[data_random_seed: 175]
[is_enable_sparse: 1]
[enable_bundle: 1]
[use_missing: 1]
[zero_as_missing: 0]
[feature_pre_filter: 1]
[pre_partition: 0]
[two_round: 0]
[header: 0]
[label_column: ]
[weight_column: ]
[group_column: ]
[ignore_column: ]
[categorical_feature: ]
[forcedbins_filename: ]
[precise_float_parser: 0]
[parser_config_file: ]
[objective_seed: 16083]
[num_class: 1]
[is_unbalance: 0]
[scale_pos_weight: 1]
[sigmoid: 1]
[boost_from_average: 1]
[reg_sqrt: 0]
[alpha: 0.9]
[fair_c: 1]
[poisson_max_delta_step: 0.7]
[tweedie_variance_power: 1.5]
[lambdarank_truncation_level: 30]
[lambdarank_norm: 1]
[label_gain: ]
[lambdarank_position_bias_regularization: 0]
[eval_at: ]
[multi_error_top_k: 1]
[auc_mu_weights: ]
[num_machines: 1]
[local_listen_port: 12400]
[time_out: 120]
[machine_list_filename: ]
[machines: ]
[gpu_platform_id: -1]
[gpu_device_id: -1]
[gpu_use_dp: 0]
[num_gpu: 1]

end of parameters

pandas_categorical:[]
