tree
version=v4
num_class=1
num_tree_per_iteration=1
label_index=0
max_feature_idx=24
objective=regression
feature_names=LOW_TURNOVER LN_TURNOVER CORR20 VOL_CV20 RET_AMT_CORR20 KLOW CONSEC_UP5 CORD60 RET_VOL_CORR5 OBV_CHG_20 CORD5 AMIHUD_20 VOL_OF_VOL_20 CORR60 VOL_PRICE_DIVERGENCE BP EP CNTD10 IMAX60 WVMA30 MAX_DD60 CNTD60 Q_SALES_YOY VSTD5 NEG_SKEW_20
feature_infos=[-6.9306502342224121:2.8562750816345215] [-3.8893070220947266:4.336216926574707] [-4.9136099815368652:6.9147768020629883] [-7.6517868041992188:3.2037773132324219] [-5.9563398361206055:4.3300046920776367] [-4.0545930862426758:6.1488723754882812] [-6.8155112266540527:3.5824024677276611] [-3.8567337989807129:5.0161447525024414] [-5.8801121711730957:5.587160587310791] [-7.7411513328552246:8.4303197860717773] [-5.3898234367370605:5.9046406745910645] [-2.6882209777832031:7.1972870826721191] [-5.9904026985168457:2.9952445030212402] [-4.8100137710571289:4.9051799774169922] [-3.7657694816589355:3.4564898014068604] [-4.7453241348266602:7.3436932563781738] [-5.4542555809020996:6.8308806419372559] [-4.2714180946350098:5.0129761695861816] [-5.4745693206787109:7.1252002716064453] [-3.474348783493042:7.4518394470214844] [-3.4294989109039307:7.3254599571228027] [-3.5664479732513428:3.6274635791778564] [-4.6579608917236328:6.6052341461181641] [-3.3445372581481934:6.5540966987609863] [-3.8694474697113037:4.021367073059082]
tree_sizes=1292 1328 1299 1258 1324 1318 1326 1314 1297 1297 1268 1295 1348 1309 1328 1337 1295 1292

Tree=0
num_leaves=12
num_cat=0
split_feature=6 8 3 17 6 11 3 2 20 2 7
split_gain=48.3573 11.4206 14.5187 9.67212 8.48876 7.49859 10.9867 6.35161 7.3839 6.93114 5.95371
threshold=-1.7467818260192869 inf -1.5453734993934629 2.4288334846496586 -3.2444416284561153 2.3249477148056035 -1.9626437425613401 0.11345649138092996 0.71735125780105602 2.1316329240798955 -2.6375558376312251
decision_type=2 8 8 2 2 10 10 10 8 8 8
left_child=4 7 3 5 -1 -3 -7 -2 9 -9 -4
right_child=1 2 10 -5 -6 6 -8 8 -10 -11 -12
leaf_value=0.0067792322485636328 0.0069261239035228296 0.0074465435315923065 0.009257304515835809 0.012483208460915362 0.0068561591364626265 0.0081275688465701507 0.012404086005144114 0.0069165077503238522 0.0068894225564390035 0.0071165316638793063 0.0069587258117302731
leaf_weight=56841 1736513 1251 30 9.9999999999999982 127269 134 18 1358148 324111 4758 3082
leaf_count=56841 1736513 1251 30 10 127269 134 18 1358148 324111 4758 3082
internal_value=0.00691501 0.00691945 0.0071821 0.00762175 0.0068324 0.00758187 0.00867769 0.0069191 0.00691187 0.00691721 0.00698202
internal_weight=3.61216e+06 3.42806e+06 4525 1413 184110 1403 152 3.42353e+06 1.68702e+06 1.36291e+06 3112
internal_count=3612165 3428055 4525 1413 184110 1403 152 3423530 1687017 1362906 3112
is_linear=0
shrinkage=1


Tree=1
num_leaves=12
num_cat=0
split_feature=5 6 17 21 18 13 19 15 6 15 15
split_gain=56.5887 50.2648 19.6929 37.7617 11.707 8.84523 8.63113 10.302 8.36908 6.66354 5.49353
threshold=inf -1.7467818260192869 2.6450338363647465 0.18593754619359973 -1.2974840402603147 0.87091392278671276 2.0749747753143315 0.051384467631578452 -3.2444416284561153 0.033829124644398696 -0.22905231267213819
decision_type=8 2 2 2 8 10 10 2 2 2 2
left_child=1 8 6 -4 -3 10 -2 9 -1 -8 -6
right_child=2 4 3 -5 5 -7 7 -9 -10 -11 -12
leaf_value=-0.00013803685751475031 0.00011081313562445062 -2.7804780958836028e-05 0.011606295010240634 0.0016199773810180976 1.9706592997698364e-06 -1.1948721052432819e-05 0.001405896680272693 0.00062190628570967757 -6.1485960670581942e-05 0.0056151379935039198 1.7466800901760542e-05
leaf_weight=56579 1038 293273 10.999999999999998 76 1087249 566295 28 3447 126785 17 1477556
leaf_count=56579 1038 293273 11 76 1087249 566295 28 3447 126785 17 1477556
internal_value=2.64894e-08 -7.14206e-07 0.000578834 0.00303037 3.8048e-06 6.76576e-06 0.000530796 0.000655326 -8.51117e-05 0.00311646 1.08981e-05
internal_weight=3.61235e+06 3.60774e+06 4617 87 3.42437e+06 3.1311e+06 4530 3492 183364 45 2.5648e+06
internal_count=3612354 3607737 4617 87 3424373 3131100 4530 3492 183364 45 2564805
is_linear=0
shrinkage=0.00523217


Tree=2
num_leaves=12
num_cat=0
split_feature=6 10 6 4 15 8 15 6 12 2 8
split_gain=47.813 22.909 8.43439 7.58376 8.76065 21.623 8.0552 8.15824 6.87238 6.42053 5.50768
threshold=-1.7467818260192869 inf -3.2444416284561153 -2.1377388238906856 -1.6028743386268614 1.8155133724212649 0.12106356769800188 -0.22387559711933133 1.5436576008796694 0.11345649138092996 -2.0435087680816646
decision_type=2 8 2 8 2 10 2 2 8 8 10
left_child=2 9 -1 6 5 -5 -3 10 -6 -2 -8
right_child=1 3 -4 4 8 -7 7 -9 -10 -11 -12
leaf_value=-0.00013515089771733453 1.1046905266747656e-05 0.00052036142644761789 -5.8465496869600582e-05 0.00012985520330300243 0.00023589857243297527 0.01035618879358258 0.0045804891871837287 0.0011156337990050518 0.0047766642913957017 -3.2820435050605559e-06 0.0010916837080609722
leaf_weight=56841 1736976 622 127213 19.000000000000004 2467 6.9999999999999991 36 209 7.9999999999999991 1687856 21
leaf_count=56841 1736976 622 127213 19 2467 7 36 209 8 1687856 21
internal_value=0 4.41073e-06 -8.21532e-05 0.000434304 0.000286096 0.00324325 0.000849886 0.00161171 0.000253173 3.98495e-06 0.00335723
internal_weight=3.61228e+06 3.42822e+06 184054 3389 2501 26 888 266 2475 3.42483e+06 57
internal_count=3612275 3428221 184054 3389 2501 26 888 266 2475 3424832 57
is_linear=0
shrinkage=0.00523217


Tree=3
num_leaves=12
num_cat=0
split_feature=5 11 5 15 19 2 2 17 2 24 7
split_gain=55.3229 42.3483 17.6198 14.8479 17.3778 26.5904 151.193 13.4461 11.9134 6.90183 6.31633
threshold=inf 2.4640308618545537 2.2603015899658208 0.12979535758495334 3.4857618808746342 1.5238983631134035 1.4285619258880617 2.6450338363647465 0.68975189328193676 -0.97439071536064137 2.2659912109375004
decision_type=8 10 10 2 10 10 10 2 10 10 10
left_child=2 7 8 4 5 6 -3 -2 -1 -7 -9
right_child=1 3 -4 -5 -6 9 -8 10 -10 -11 -12
leaf_value=7.1923895954662938e-06 0.000345627967596197 0.0032832073679036375 -6.0938974079014211e-05 0.00061206702126808473 0.0013562704148237991 0.00416235136695351 0.025888903292522004 0.00065185228884987627 -1.4907679615168163e-05 0.0011361563368953291 0.004176971771606414
leaf_weight=2578019 3980 75 128421 173 201 27 7.9999999999999991 24 901151 88 36
leaf_count=2578019 3980 75 128421 173 201 27 8 24 901151 88 36
internal_value=-2.09384e-08 0.000572586 -7.53377e-07 0.00190393 0.0024586 0.00355891 0.00580452 0.000383387 1.46795e-06 0.00188868 0.00281989
internal_weight=3.6122e+06 4612 3.60759e+06 572 399 198 83 4040 3.47917e+06 115 60
internal_count=3612203 4612 3607591 572 399 198 83 4040 3479170 115 60
is_linear=0
shrinkage=0.00523217


Tree=4
num_leaves=12
num_cat=0
split_feature=1 23 11 12 1 9 6 18 6 12 4
split_gain=61.8452 54.8367 45.6878 12.4157 29.0146 112.61 11.1887 11.687 10.9237 7.1546 6.24524
threshold=1.9046902656555178 inf 2.4640308618545537 -2.282855629920959 -2.0085852146148677 0.45545685291290289 -1.5841309428215025 -1.2974840402603147 -2.9410154819488521 0.92707473039627086 -2.1377388238906856
decision_type=2 8 8 10 2 10 2 8 2 10 8
left_child=1 6 10 4 5 -4 -1 -8 -2 -9 -3
right_child=8 2 3 -5 -6 -7 7 9 -10 -11 -12
leaf_value=-4.2257290801956394e-05 -0.00018204731186180649 0.00067176306834953873 0.0011937357832676567 0.0014639701929170989 0.0017314954461078399 0.018985535324076357 -2.628300954961393e-05 5.9070066041982186e-06 -7.8635374009914112e-05 3.2380984024541048e-05 0.00023645962494567006
leaf_weight=139320 37542 1324 32 421 112 12.999999999999998 287412 2721730 109851 311454 2866
leaf_count=139320 37542 1324 32 421 112 13 287412 2721730 109851 311454 2866
internal_value=-1.57019e-08 4.44952e-06 0.000565107 0.00194293 0.00320165 0.00670535 3.67647e-06 5.60394e-06 -0.000104982 8.62569e-06 0.000374354
internal_weight=3.61208e+06 3.46468e+06 4768 578 157 45 3.45992e+06 3.3206e+06 147393 3.03318e+06 4190
internal_count=3612077 3464684 4768 578 157 45 3459916 3320596 147393 3033184 4190
is_linear=0
shrinkage=0.00523217


Tree=5
num_leaves=12
num_cat=0
split_feature=0 23 11 1 12 0 9 0 3 0 2
split_gain=61.721 54.6333 45.1028 14.9084 13.2285 52.3444 108.92 13.0435 9.60938 9.10723 6.48828
threshold=-2.8640986680984493 inf 2.4640308618545537 1.3853620886802676 -2.8432158231735225 -0.047722302377223962 0.45545685291290289 -5.2490439414978018 -2.2232434749603267 0.49453291296958929 0.31626248359680181
decision_type=2 8 8 2 10 2 10 2 8 2 10
left_child=7 3 -3 9 5 8 -7 -1 -4 -2 -6
right_child=1 2 4 -5 10 6 -8 -9 -10 -11 -12
leaf_value=-0.00028428435525368112 -1.7427284421949445e-08 0.00037329275863277835 0.00071221456851367339 -3.7701806716481387e-05 0.0030563303320672143 0.00057988752832061844 0.025930722897075837 -0.00010721253754347936 0.0054234910336079046 1.9057362969087773e-05 0.0013214025308675996
leaf_weight=13261 2305802 4211 59 232542 70 11.000000000000002 6.9999999999999991 80973 13.999999999999998 974898 417
leaf_count=13261 2305802 4211 59 232542 70 11 7 80973 14 974898 417
internal_value=2.54877e-09 3.54246e-06 0.000561935 2.78088e-06 0.00193133 0.00376256 0.0114708 -0.000132143 0.00169859 5.65063e-06 0.00157922
internal_weight=3.61226e+06 3.51803e+06 4789 3.51324e+06 578 91 18 94234 73 3.2807e+06 487
internal_count=3612265 3518031 4789 3513242 578 91 18 94234 73 3280700 487
is_linear=0
shrinkage=0.00523217


Tree=6
num_leaves=12
num_cat=0
split_feature=0 8 16 7 0 0 19 6 6 11 18
split_gain=61.1569 13.0288 18.1461 44.6975 12.8447 12.8257 11.1246 9.38433 8.21894 7.43706 6.96629
threshold=-2.8640986680984493 inf -1.4923544526100156 -0.62460401654243458 0.35134941339492803 -5.2490439414978018 1.9993937611579897 -0.71044382452964772 -1.6611241102218626 1.617851257324219 -1.4271376729011533
decision_type=2 8 2 10 2 2 10 2 2 10 8
left_child=5 4 3 -3 8 -1 -4 -8 -2 -9 -6
right_child=1 2 6 -5 10 -7 7 9 -10 -11 -12
leaf_value=-0.00028238012316871691 -4.4443488264142274e-05 0.014786544059936926 2.8717601250129348e-05 0 -2.5228575970524075e-05 -0.0001068205704263886 0.004564153110142668 0.00038155522049268038 -2.3323538142320746e-06 0.0012612297279427308 1.8637223929434042e-05
leaf_weight=13266 135671 7.0000000000000027 2224 18 107188 80973 14.999999999999998 1385 1958462 326 1312538
leaf_count=13266 135671 7 2224 18 107188 80973 15 1385 1958462 326 1312538
internal_value=-9.20098e-09 3.51434e-06 0.00030285 0.00464664 3.17539e-06 -0.000131546 0.000273773 0.000588832 -5.06098e-06 0.000550385 1.53248e-05
internal_weight=3.61207e+06 3.51783e+06 3975 25 3.51386e+06 94239 3950 1726 2.09413e+06 1711 1.41973e+06
internal_count=3612073 3517834 3975 25 3513859 94239 3950 1726 2094133 1711 1419726
is_linear=0
shrinkage=0.00523217


Tree=7
num_leaves=12
num_cat=0
split_feature=1 5 6 3 18 1 6 15 15 8 9
split_gain=60.305 53.5893 11.9267 11.6937 11.5694 11.279 9.95189 8.39032 7.03901 5.74489 4.46027
threshold=1.9609658122062685 inf -1.5841309428215025 -1.5453734993934629 -1.2974840402603147 -1.0282700061798093 -2.9410154819488521 0.051384467631578452 0.033829124644398696 -2.0435087680816646 0.080646805465221419
decision_type=2 8 2 10 10 2 2 2 2 8 10
left_child=1 2 -1 5 -4 7 -2 8 -3 10 -7
right_child=6 3 4 -5 -6 9 -8 -9 -10 -11 -12
leaf_value=-4.3143821041665804e-05 -0.00018388089795601327 0.0011343529683741057 -2.6235486726807206e-05 0.00013895535229774242 8.4669025391920725e-06 0.0088011135485628646 -8.1782479264169269e-05 0.00066117661495055497 0.0051246909569336785 0.0017390305483029457 0.0025363527944200015
leaf_weight=144154 35652 32 287882 1268 3041811 7.0000000000000009 98158 3252 20 25 7.9999999999999991
leaf_count=144154 35652 32 287882 1268 3041811 7 98158 3252 20 25 8
internal_value=4.33104e-09 4.19752e-06 3.4489e-06 0.000567749 5.46632e-06 0.000729995 -0.000108993 0.000695491 0.00276399 0.00345872 0.00593886
internal_weight=3.61227e+06 3.47846e+06 3.47385e+06 4612 3.32969e+06 3344 133810 3304 52 40 15
internal_count=3612269 3478459 3473847 4612 3329693 3344 133810 3304 52 40 15
is_linear=0
shrinkage=0.00523217


Tree=8
num_leaves=12
num_cat=0
split_feature=0 23 17 1 0 15 12 0 19 15 15
split_gain=60.3743 52.9972 19.2016 14.5941 12.6465 10.734 23.2356 8.96044 8.03762 8.30119 7.07094
threshold=-2.8640986680984493 inf 2.6450338363647465 1.3853620886802676 -5.2490439414978018 0.12106356769800188 -1.8133362531661985 0.49453291296958929 2.0749747753143315 0.051384467631578452 0.033829124644398696
decision_type=2 8 2 2 2 2 10 2 10 2 2
left_child=4 3 8 7 -1 -4 -7 -2 -3 10 -10
right_child=1 2 5 -5 -6 6 -8 -9 9 -11 -12
leaf_value=-0.00028055182375478046 -1.8420630820571963e-08 0.0001341843720430363 0.00084808094052676874 -3.7291564911858874e-05 -0.00010614466049035503 0.010911572126408373 0.0024373331443096917 1.8901972858250475e-05 0.0011801056765639746 0.00060152824828353288 0.0052553616114254373
leaf_weight=13252 2305668 1185 39 232513 80980 10.999999999999998 38 974928 34 3458 18
leaf_count=13252 2305668 1185 39 232513 80980 11 38 974928 34 3458 18
internal_value=1.33084e-08 3.51449e-06 0.000553827 2.76484e-06 -0.000130684 0.00296145 0.00456792 5.6041e-06 0.000507795 0.000633612 0.00269132
internal_weight=3.61212e+06 3.51789e+06 4783 3.51311e+06 94232 88 49 3.2806e+06 4695 3510 52
internal_count=3612124 3517892 4783 3513109 94232 88 49 3280596 4695 3510 52
is_linear=0
shrinkage=0.00523217


Tree=9
num_leaves=12
num_cat=0
split_feature=0 23 11 15 12 0 0 17 0 6 0
split_gain=59.157 53.2268 44.3164 16.0438 22.7783 76.0153 13.5112 13.1217 12.5141 9.32972 7.96236
threshold=-2.8640986680984493 inf 2.4640308618545537 0.12979535758495334 -2.8432158231735225 -0.047722302377223962 0.35134941339492803 2.6450338363647465 -5.2490439414978018 -1.5841309428215025 -0.061720989644527428
decision_type=2 8 8 2 10 2 2 2 2 2 2
left_child=8 6 7 4 5 -4 9 -3 -1 -2 -9
right_child=1 2 3 -5 -6 -7 -8 10 -10 -11 -12
leaf_value=-0.000278445558593552 -4.6060157186263669e-05 0.00033168749740574241 0.0023609530430546643 0.00057628045503767137 0.0019378613892764706 0.016592755361198697 1.5202217796765867e-05 0.0042943925624623824 -0.00010494479561139819 -2.6832376729258717e-06 0.00036963441710346036
leaf_weight=13251 145916 4151 50 175 342 11.999999999999998 1419746 36 80957 1947682 24
leaf_count=13251 145916 4151 50 175 342 12 1419746 36 80957 1947682 24
internal_value=2.9023e-08 3.49407e-06 0.000554594 0.00191068 0.00248335 0.00538709 2.7423e-06 0.000367462 -0.000129361 -5.70686e-06 0.00277509
internal_weight=3.61234e+06 3.51813e+06 4790 579 404 62 3.51334e+06 4211 94208 2.0936e+06 60
internal_count=3612342 3518134 4790 579 404 62 3513344 4211 94208 2093598 60
is_linear=0
shrinkage=0.00523217


Tree=10
num_leaves=12
num_cat=0
split_feature=0 5 11 15 1 17 1 17 0 3 1
split_gain=58.8331 51.7699 41.0567 14.5647 23.0443 55.7387 14.4035 12.9483 12.3745 10.4501 9.75108
threshold=-2.8640986680984493 inf 2.4640308618545537 0.12979535758495334 -2.0085852146148677 1.9452954530715945 1.3853620886802676 2.6450338363647465 -5.2490439414978018 -1.7595764994621275 -1.549264073371887
decision_type=2 8 10 2 2 2 2 2 2 10 2
left_child=8 6 7 4 5 -4 -2 -3 -1 -6 -9
right_child=1 2 3 -5 9 -7 -8 10 -10 -11 -12
leaf_value=-0.00027710060091651703 5.5482069621553892e-06 0.00033314096981894802 0.0032951554165097895 0.00058136754381340171 0.0014230858251296802 0.01695385344920854 -3.7054704980555406e-05 0.00036179230850038317 -0.00010471573527146954 0.0055555594958604081 0.0046202947226954699
leaf_weight=13277 3280823 3989 91 173 287 7.9999999999999991 232648 27 80961 17 33
leaf_count=13277 3280823 3989 91 173 287 8 232648 27 80961 17 33
internal_value=-1.69756e-10 3.4555e-06 0.000556582 0.00186253 0.00240721 0.00459391 2.72697e-06 0.000370113 -0.000129014 0.00167743 0.00276111
internal_weight=3.61233e+06 3.5181e+06 4625 576 403 99 3.51347e+06 4049 94238 304 60
internal_count=3612334 3518096 4625 576 403 99 3513471 4049 94238 304 60
is_linear=0
shrinkage=0.00523217


Tree=11
num_leaves=12
num_cat=0
split_feature=0 23 11 1 0 24 24 4 0 3 4
split_gain=58.7242 50.4596 41.1223 14.2 12.3844 9.70413 28.5662 53.3592 8.83797 6.19823 5.82185
threshold=-2.8640986680984493 inf 2.4640308618545537 1.3853620886802676 -5.2490439414978018 -0.13936169445514676 0.257976844906807 -1.1047160029411314 0.49453291296958929 1.3919488191604616 -2.1377388238906856
decision_type=2 8 8 2 2 8 10 10 2 10 8
left_child=4 3 10 8 -1 -4 7 -7 -2 -5 -3
right_child=1 2 5 9 -6 6 -8 -9 -10 -11 -12
leaf_value=-0.00027709906980918745 -1.0108079213416515e-07 0.00064830298921419495 0.0013028010710304876 -3.9610060079574869e-05 -0.00010462887165130009 0.010173805880720184 0.0014069628821103295 0.0010421104414989721 1.868951423997635e-05 0.00022630053161278171 0.00022837095651336863
leaf_weight=13274 2305870 1322 354 230044 80962 33 151 37 974901 2423 2892
leaf_count=13274 2305870 1322 354 230044 80962 33 151 37 974901 2423 2892
internal_value=-3.84285e-08 3.41408e-06 0.000540053 2.68216e-06 -0.000128935 0.00185151 0.00271521 0.00545579 5.48242e-06 -3.68339e-05 0.000360446
internal_weight=3.61226e+06 3.51803e+06 4789 3.51324e+06 94236 575 221 70 3.28077e+06 232467 4214
internal_count=3612263 3518027 4789 3513238 94236 575 221 70 3280771 232467 4214
is_linear=0
shrinkage=0.00523217


Tree=12
num_leaves=12
num_cat=0
split_feature=1 23 17 18 6 6 9 12 19 12 13
split_gain=57.4142 50.5793 17.9764 10.7029 11.0831 10.2679 9.09969 16.0147 7.7532 6.93118 5.70578
threshold=1.9046902656555178 inf 2.6450338363647465 -1.2974840402603147 -1.5841309428215025 -2.9410154819488521 0.61978355050086986 -1.980129539966583 2.0749747753143315 0.92707473039627086 0.87091392278671276
decision_type=2 8 2 10 2 2 10 10 10 10 8
left_child=1 3 8 -1 -5 -2 7 -4 -3 10 -6
right_child=5 2 6 4 9 -7 -8 -9 -10 -11 -12
leaf_value=-2.6723531271189152e-05 -0.00017594147101982895 0.00012985768639739502 0.010270809878079259 -4.0327786656178947e-05 9.2245829528028599e-06 -7.5651761264297135e-05 0.00071901171816288818 0.0027467266558122089 0.00062227538175440667 3.1754153600372108e-05 -1.0568883000260009e-05
leaf_weight=293221 37512 1173 8.9999999999999982 133556 2236704 109856 33 42 3509 311440 485135
leaf_count=293221 37512 1173 9 133556 2236704 109856 33 42 3509 311440 485135
internal_value=-4.18543e-08 4.25991e-06 0.000542826 3.51765e-06 6.31798e-06 -0.000101187 0.0029275 0.00429247 0.000499143 8.37208e-06 5.69634e-06
internal_weight=3.61219e+06 3.46482e+06 4766 3.46006e+06 3.16684e+06 147368 84 51 4682 3.03328e+06 2.72184e+06
internal_count=3612190 3464822 4766 3460056 3166835 147368 84 51 4682 3033279 2721839
is_linear=0
shrinkage=0.00523217


Tree=13
num_leaves=12
num_cat=0
split_feature=1 23 6 6 20 1 2 21 1 7 2
split_gain=56.9296 49.8807 10.3968 10.3834 8.64908 13.1186 19.0333 22.0219 4.44746 4.59787 4.02621
threshold=1.9046902656555178 inf -2.9410154819488521 -1.5841309428215025 0.35246139764785772 -1.0282700061798093 1.6546769142150881 0.1758270859718323 -1.6722320914268491 2.2659912109375004 0.01072179712355137
decision_type=2 8 2 2 8 2 8 2 2 10 8
left_child=1 3 -2 -1 -3 8 -7 -8 9 -6 -5
right_child=2 4 -4 10 5 6 7 -9 -10 -11 -12
leaf_value=-4.0726468939975694e-05 -0.00017588806561807068 -1.2607913893179726e-05 -7.501918645492143e-05 1.1438554562206279e-05 0.00064227517017010781 0.00010644280071039498 0.013073276066926157 0.0031394426425849415 0.00089463124554283889 0.00021801682502353473 -9.8678193019066795e-08
leaf_weight=139325 37561 666 109845 1576625 1929 38 6.9999999999999991 31 983 1110 1743729
leaf_count=139325 37561 666 109845 1576625 1929 38 7 31 983 1110 1743729
internal_value=-2.51135e-08 4.25944e-06 -0.000100729 3.5224e-06 0.000539206 0.00062906 0.00276976 0.00532903 0.000587607 0.000487723 5.37938e-06
internal_weight=3.61185e+06 3.46444e+06 147406 3.45968e+06 4764 4098 76 38 4022 3039 3.32035e+06
internal_count=3611849 3464443 147406 3459679 4764 4098 76 38 4022 3039 3320354
is_linear=0
shrinkage=0.00523217


Tree=14
num_leaves=12
num_cat=0
split_feature=0 8 16 7 0 0 20 17 19 11 18
split_gain=56.6167 12.2051 18.0321 44.2323 12.1101 11.9589 11.5646 9.75797 7.25267 7.05997 6.74502
threshold=-2.8640986680984493 inf -1.4923544526100156 -0.62460401654243458 0.35134941339492803 -5.2490439414978018 1.0452360510826113 2.4288334846496586 -1.4648166894912718 1.9977509975433352 -1.2608512639999387
decision_type=2 8 2 10 2 2 10 2 8 10 10
left_child=5 4 3 -3 8 -1 -4 9 -2 -8 -10
right_child=1 2 6 -5 -6 -7 7 -9 10 -11 -12
leaf_value=-0.0002722676496482521 7.2984324707571125e-05 0.014710291964388847 -9.2980253565249375e-06 0 1.4830379229106007e-05 -0.00010270613150884884 0.00040616819400198927 0.0054411726364886719 -3.9163175289057145e-05 0.001375844739324711 -3.4648125116413208e-06
leaf_weight=13258 32173 7.0000000000000027 2039 18 1419740 81020 1661 9.9999999999999982 156828 235 1905275
leaf_count=13258 32173 7 2039 18 1419740 81020 1661 10 156828 235 1905275
internal_value=-2.95269e-08 3.36123e-06 0.000293263 0.00462329 3.03338e-06 -0.000126563 0.000264243 0.000557118 -4.96359e-06 0.000527561 -6.18017e-06
internal_weight=3.61226e+06 3.51799e+06 3970 25 3.51402e+06 94278 3945 1906 2.09428e+06 1896 2.0621e+06
internal_count=3612264 3517986 3970 25 3514016 94278 3945 1906 2094276 1896 2062103
is_linear=0
shrinkage=0.00523217


Tree=15
num_leaves=12
num_cat=0
split_feature=0 23 11 0 12 0 22 0 6 18 22
split_gain=56.3024 50.024 42.1309 12.911 12.3265 24.0402 51.1603 11.8547 8.88891 6.79482 6.52582
threshold=-2.8640986680984493 inf 2.4640308618545537 0.34691855311393743 -2.282855629920959 -0.047722302377223962 0.20852792263031009 -5.2490439414978018 -1.6611241102218626 -1.4271376729011533 -0.62276384234428395
decision_type=2 8 8 2 10 2 10 2 2 8 10
left_child=7 3 -3 8 5 10 -7 -1 -2 -5 -4
right_child=1 2 4 9 -6 6 -8 -9 -10 -11 -12
leaf_value=-0.0002712029298050774 -4.6775123900439156e-05 0.00035539838002149332 0.0050655804872578505 -2.5169702448738583e-05 0.0013844705654260366 0.001434495784526245 0.013826073293396827 -0.00010241675458280126 -2.8215393211581299e-06 1.7985883334443316e-05 0.0014252444488982896
leaf_weight=13265 134689 4210 14.999999999999998 107994 421 22 14.999999999999998 81001 1943851 1326521 105
leaf_count=13265 134689 4210 15 107994 421 22 15 81001 1943851 1326521 105
internal_value=9.43946e-09 3.39114e-06 0.000537765 2.66243e-06 0.00186126 0.00311479 0.00675164 -0.00012618 -5.67013e-06 1.47364e-05 0.00193188
internal_weight=3.61211e+06 3.51784e+06 4788 3.51306e+06 578 157 37 94266 2.07854e+06 1.43452e+06 120
internal_count=3612109 3517843 4788 3513055 578 157 37 94266 2078540 1434515 120
is_linear=0
shrinkage=0.00523217


Tree=16
num_leaves=12
num_cat=0
split_feature=1 5 11 15 1 24 18 1 1 4 1
split_gain=55.2608 47.8652 37.9757 14.4031 22.8574 30.5701 10.4564 9.50858 7.99789 5.84301 9.23799
threshold=1.9046902656555178 inf 2.4640308618545537 0.12979535758495334 -2.0085852146148677 -0.045113001018762582 -1.2974840402603147 2.5465509891510014 1.1020419597625735 -2.1377388238906856 -1.549264073371887
decision_type=2 8 10 2 2 10 10 2 2 8 2
left_child=1 6 9 4 5 -4 -1 -2 -8 10 -3
right_child=7 2 3 -5 -6 -7 8 -9 -10 -11 -12
leaf_value=-2.6397591565490239e-05 -7.3722393898620721e-05 0.00039082823176089592 0.0020009226165846744 0.00052056200375182569 0.001602909671362923 0.0079158489395756582 8.9979962644152969e-06 -0.00016850930871884089 -1.8981969631693381e-05 0.00021780158650760404 0.0014081056307484036
leaf_weight=293259 107778 997 59 173 302 41 2857158 39658 309998 2723 325
leaf_count=293259 107778 997 59 173 302 41 2857158 39658 309998 2723 325
internal_value=-1.88225e-08 4.20217e-06 0.000536343 0.0017935 0.00233618 0.00449812 3.4913e-06 -9.92252e-05 6.25909e-06 0.000356967 0.000642557
internal_weight=3.61247e+06 3.46504e+06 4620 575 402 100 3.46042e+06 147436 3.16716e+06 4045 1322
internal_count=3612471 3465035 4620 575 402 100 3460415 147436 3167156 4045 1322
is_linear=0
shrinkage=0.00523217


Tree=17
num_leaves=12
num_cat=0
split_feature=1 5 17 15 1 3 19 19 1 15 15
split_gain=54.7245 47.8575 18.16 10.3907 9.35019 8.69635 8.10533 16.8271 7.88094 6.6304 9.13956
threshold=1.9046902656555178 inf 2.6450338363647465 0.12106356769800188 2.5465509891510014 -1.5453734993934629 3.0909502506256108 3.4857618808746342 1.1020419597625735 0.051384467631578452 0.033829124644398696
decision_type=2 8 2 2 2 10 10 10 2 2 2
left_child=1 8 5 -4 -2 9 -5 -8 -1 10 -3
right_child=4 2 3 6 -6 -7 7 -9 -10 -11 -12
leaf_value=6.0445245744553241e-06 -7.3447542835089911e-05 0.00086075523584121932 0.00079958149526928961 0.00036882972637573386 -0.00016744510647696671 0.00012248583825829609 0.011909504259656725 0.0034719751488691496 -2.0850892767260437e-05 0.00060116445566378357 0.0052452586008704108
leaf_weight=3130457 107737 40 39 10.999999999999998 39660 1269 7.9999999999999991 30 329651 3188 19
leaf_count=3130457 107737 40 39 11 39660 1269 8 30 329651 3188 19
internal_value=-8.75305e-09 4.19156e-06 0.000537214 0.00287779 -9.8746e-05 0.000490686 0.00445808 0.00557448 3.48191e-06 0.000634243 0.00236135
internal_weight=3.61211e+06 3.46471e+06 4604 88 147397 4516 49 38 3.46011e+06 3247 59
internal_count=3612109 3464712 4604 88 147397 4516 49 38 3460108 3247 59
is_linear=0
shrinkage=0.00523217


end of trees

feature_importances:
LOW_TURNOVER=27
LN_TURNOVER=22
CONSEC_UP5=19
BP=17
AMIHUD_20=11
CNTD10=10
CORR20=9
VOL_OF_VOL_20=9
IMAX60=8
WVMA30=8
VSTD5=8
VOL_CV20=7
KLOW=7
RET_VOL_CORR5=6
RET_AMT_CORR20=5
CORD60=5
OBV_CHG_20=4
NEG_SKEW_20=4
MAX_DD60=3
CORR60=2
EP=2
CNTD60=2
Q_SALES_YOY=2
CORD5=1

parameters:
[boosting: gbdt]
[objective: regression]
[metric: l2]
[tree_learner: serial]
[device_type: cpu]
[data_sample_strategy: bagging]
[data: ]
[valid: ]
[num_iterations: 1000]
[learning_rate: 0.00523217]
[num_leaves: 12]
[num_threads: 8]
[seed: 42]
[deterministic: 0]
[force_col_wise: 0]
[force_row_wise: 0]
[histogram_pool_size: -1]
[max_depth: 6]
[min_data_in_leaf: 7]
[min_sum_hessian_in_leaf: 0.001]
[bagging_fraction: 0.993677]
[pos_bagging_fraction: 1]
[neg_bagging_fraction: 1]
[bagging_freq: 1]
[bagging_seed: 400]
[bagging_by_query: 0]
[feature_fraction: 0.452778]
[feature_fraction_bynode: 1]
[feature_fraction_seed: 30056]
[extra_trees: 0]
[extra_seed: 12879]
[early_stopping_round: 0]
[early_stopping_min_delta: 0]
[first_metric_only: 0]
[max_delta_step: 0]
[lambda_l1: 0.153507]
[lambda_l2: 1.18198]
[linear_lambda: 0]
[min_gain_to_split: 0]
[drop_rate: 0.1]
[max_drop: 50]
[skip_drop: 0.5]
[xgboost_dart_mode: 0]
[uniform_drop: 0]
[drop_seed: 17869]
[top_rate: 0.2]
[other_rate: 0.1]
[min_data_per_group: 100]
[max_cat_threshold: 32]
[cat_l2: 10]
[cat_smooth: 10]
[max_cat_to_onehot: 4]
[top_k: 20]
[monotone_constraints: ]
[monotone_constraints_method: basic]
[monotone_penalty: 0]
[feature_contri: ]
[forcedsplits_filename: ]
[refit_decay_rate: 0.9]
[cegb_tradeoff: 1]
[cegb_penalty_split: 0]
[cegb_penalty_feature_lazy: ]
[cegb_penalty_feature_coupled: ]
[path_smooth: 0]
[interaction_constraints: ]
[verbosity: -1]
[saved_feature_importance_type: 0]
[use_quantized_grad: 0]
[num_grad_quant_bins: 4]
[quant_train_renew_leaf: 0]
[stochastic_rounding: 1]
[linear_tree: 0]
[max_bin: 255]
[max_bin_by_feature: ]
[min_data_in_bin: 3]
[bin_construct_sample_cnt: 200000]
[data_random_seed: 175]
[is_enable_sparse: 1]
[enable_bundle: 1]
[use_missing: 1]
[zero_as_missing: 0]
[feature_pre_filter: 1]
[pre_partition: 0]
[two_round: 0]
[header: 0]
[label_column: ]
[weight_column: ]
[group_column: ]
[ignore_column: ]
[categorical_feature: ]
[forcedbins_filename: ]
[precise_float_parser: 0]
[parser_config_file: ]
[objective_seed: 16083]
[num_class: 1]
[is_unbalance: 0]
[scale_pos_weight: 1]
[sigmoid: 1]
[boost_from_average: 1]
[reg_sqrt: 0]
[alpha: 0.9]
[fair_c: 1]
[poisson_max_delta_step: 0.7]
[tweedie_variance_power: 1.5]
[lambdarank_truncation_level: 30]
[lambdarank_norm: 1]
[label_gain: ]
[lambdarank_position_bias_regularization: 0]
[eval_at: ]
[multi_error_top_k: 1]
[auc_mu_weights: ]
[num_machines: 1]
[local_listen_port: 12400]
[time_out: 120]
[machine_list_filename: ]
[machines: ]
[gpu_platform_id: -1]
[gpu_device_id: -1]
[gpu_use_dp: 0]
[num_gpu: 1]

end of parameters

pandas_categorical:[]
