tree
version=v4
num_class=1
num_tree_per_iteration=1
label_index=0
max_feature_idx=25
objective=regression
feature_names=LOW_TURNOVER LN_TURNOVER INTRADAY_REV10 CORD20 RET_AMT_CORR20 VOL_CV20 CORD60 MACD_LINE AMIHUD_20 REV60 RET_VOL_CORR5 CORD5 CORR60 VOL_OF_VOL_20 VOL_PRICE_DIVERGENCE BP UP_DOWN_RATIO20 EP MAX_DD60 CURRENT_RATIO NEG_SKEW_20 VSTD5 CNTD5 Q_SALES_YOY CNTD60 ROE_YOY
feature_infos=[-6.8180012702941895:3.5057797431945801] [-8.0403404235839844:3.8694889545440674] [-5.7778487205505371:6.738349437713623] [-3.9176130294799805:3.5904531478881836] [-3.6366531848907471:3.8597753047943115] [-5.7497878074645996:2.731743335723877] [-3.7355704307556152:3.7003064155578613] [-6.9067277908325195:7.9843964576721191] [-2.9981417655944824:6.951350212097168] [-5.9467511177062988:4.158454418182373] [-3.1982111930847168:4.1659717559814453] [-4.1685585975646973:3.2837669849395752] [-4.1537322998046875:3.6625902652740479] [-5.814784049987793:3.038299560546875] [-3.2102460861206055:3.348078727722168] [-3.3954415321350098:6.1380729675292969] [-4.037961483001709:5.3251700401306152] [-4.9489850997924805:7.4487910270690918] [-2.813744068145752:5.2707095146179199] [-3.0947976112365723:6.7002763748168945] [-4.1254820823669434:4.1599020957946777] [-3.4639503955841064:6.2480440139770508] [-4.6657733917236328:3.8298766613006592] [-3.6659271717071533:7.7434606552124023] [-3.6366758346557617:3.747847318649292] [-7.5633325576782227:7.3326740264892578]
tree_sizes=955 938 968 957 960 968 969 967 970 971 967 962 947 948 968 970 961 970 970 968 968 966 964 973 963 972 980 968 972 973 971 969 965 969 951 969 974 971 961 953 977 965 980 971 967 978 964 967 974 975 974 970 963 962 973 969 969 974 962 949 984 967 968 972 972 964 970 972 974 972 967

Tree=0
num_leaves=8
num_cat=0
split_feature=1 2 1 1 11 16 1
split_gain=89.9176 59.6684 58.2171 21.0908 20.9065 19.1325 8.79276
threshold=-0.2621766179800033 -0.98480567336082447 -3.4009884595870967 0.56284543871879589 0.5556529462337495 -0.23582975566387174 -0.48922941088676447
decision_type=2 2 2 2 8 2 2
left_child=2 3 5 -2 -3 -1 -4
right_child=1 4 6 -5 -6 -7 -8
leaf_value=-0.0064985774752797341 -0.0067654603028968101 -0.0066806387742577274 -0.0064944155175416848 -0.0069415201917520748 -0.0067443043824281278 -0.0068213918690806378 -0.006590114668281858
leaf_weight=11522 68523 872811 159616 72979 386532 55295 72529
leaf_count=11522 68523 872811 159616 72979 386532 55295 72529
internal_value=-0.00669173 -0.00671595 -0.00657827 -0.00685626 -0.00670018 -0.00676572 -0.00652431
internal_weight=1.69981e+06 1.40084e+06 298962 141502 1.25934e+06 66817 232145
internal_count=1699807 1400845 298962 141502 1259343 66817 232145
is_linear=0
shrinkage=1


Tree=1
num_leaves=8
num_cat=0
split_feature=3 16 6 6 3 13 16
split_gain=60.2217 17.0642 17.5292 15.1249 7.86051 5.14301 5.09796
threshold=0.3666186928749085 -0.23582975566387174 inf inf -0.23849277943372724 -0.26160776615142817 -1.7665629386901853
decision_type=8 2 8 8 8 10 2
left_child=4 3 -3 -2 6 -6 -1
right_child=1 2 -4 -5 5 -7 -8
leaf_value=-0.00010446782140950808 -1.4987288018160309e-05 -6.9810733543044297e-05 -0.0002835865062829689 0.00030361024555751497 -3.6854350146356567e-05 2.4010570966873901e-05 5.2885140674292466e-05
leaf_weight=10879 231498 412300 20933 8006 95507 294283 625442
leaf_count=10879 231498 412300 20933 8006 95507 294283 625442
internal_value=-1.60177e-07 -5.31532e-05 -8.01406e-05 -4.33613e-06 3.4583e-05 9.09723e-06 5.01947e-05
internal_weight=1.69885e+06 672737 433233 239504 1.02611e+06 389790 636321
internal_count=1698848 672737 433233 239504 1026111 389790 636321
is_linear=0
shrinkage=0.00720685


Tree=2
num_leaves=8
num_cat=0
split_feature=1 1 3 1 16 1 12
split_gain=91.2542 53.0452 50.0245 24.5803 17.9021 11.0634 8.50071
threshold=-0.23364705592393872 -3.4009884595870967 0.23808770626783374 0.53961181640625011 -0.23582975566387174 -0.48922941088676447 0.3026628196239472
decision_type=2 2 8 2 2 2 10
left_child=1 4 6 -4 -1 -3 -2
right_child=2 5 3 -5 -6 -7 -8
leaf_value=0.00018873476446210982 2.9841518136476769e-05 0.0001958275256132638 -4.6625550244612645e-05 -0.0001504734597952837 -0.00012333679570338674 9.4306420135061169e-05 -2.0392903853351346e-05
leaf_weight=11553 518717 159386 442932 161562 54976 85753 264011
leaf_count=11553 518717 159386 442932 161562 54976 85753 264011
internal_value=-9.8942e-08 0.000111334 -2.51348e-05 -7.4381e-05 -6.91422e-05 0.000160315 1.28976e-05
internal_weight=1.69889e+06 311668 1.38722e+06 604494 66529 245139 782728
internal_count=1698890 311668 1387222 604494 66529 245139 782728
is_linear=0
shrinkage=0.00720685


Tree=3
num_leaves=8
num_cat=0
split_feature=1 1 3 1 1 12 1
split_gain=88.5283 56.2999 49 23.5629 14.139 8.39963 8.17622
threshold=-0.2621766179800033 -3.4009884595870967 0.38579490780830389 0.5964762568473817 -4.1709091663360587 0.28558887541294103 -0.51744556427001942
decision_type=2 2 8 2 2 8 2
left_child=1 4 5 -4 -1 -2 -3
right_child=2 6 3 -5 -6 -7 -8
leaf_value=-0.00039610768448704152 2.5520561951414485e-05 0.00019664850505976905 -5.2405116886937138e-05 -0.00016687300893562985 -3.7836468680029067e-05 -2.1271683459763543e-05 0.000106401792783884
leaf_weight=6320 569152 152840 402833 121594 60302 306581 79148
leaf_count=6320 569152 152840 402833 121594 60302 306581 79148
internal_value=1.73152e-07 0.000112829 -2.38529e-05 -7.8946e-05 -7.18289e-05 9.13926e-06 0.000165859
internal_weight=1.69877e+06 298610 1.40016e+06 524427 66622 875733 231988
internal_count=1698770 298610 1400160 524427 66622 875733 231988
is_linear=0
shrinkage=0.00720685


Tree=4
num_leaves=8
num_cat=0
split_feature=1 1 3 1 1 1 13
split_gain=88.763 56.5767 50.4097 25.1819 15.0784 8.7304 5.76374
threshold=-0.2621766179800033 -3.4009884595870967 0.22879163175821307 0.58769342303276073 -4.1709091663360587 -0.38898986577987665 -0.98177823424339283
decision_type=2 2 8 2 2 2 8
left_child=1 4 6 -4 -1 -3 -2
right_child=2 5 3 -5 -6 -7 -8
leaf_value=-0.00040584814941254077 -4.2040536049365152e-05 0.0001881250249753767 -4.7690213056330952e-05 -0.0001576393434127763 -3.656172690475147e-05 7.7101003700310423e-05 2.1104469245561116e-05
leaf_weight=6342 84070 186188 473640 140223 60696 45848 701924
leaf_count=6342 84070 186188 473640 140223 60696 45848 701924
internal_value=2.08827e-07 0.000112909 -2.38692e-05 -7.28058e-05 -7.1503e-05 0.000166188 1.43504e-05
internal_weight=1.69893e+06 299074 1.39986e+06 613863 67038 232036 785994
internal_count=1698931 299074 1399857 613863 67038 232036 785994
is_linear=0
shrinkage=0.00720685


Tree=5
num_leaves=8
num_cat=0
split_feature=1 2 1 3 1 16 1
split_gain=85.7514 57.3186 54.5093 26.9797 21.0647 18.2843 7.99697
threshold=-0.2621766179800033 -0.95648938417434681 -3.4009884595870967 0.17045571655035022 0.54715660214424144 -0.23582975566387174 -0.51744556427001942
decision_type=2 2 2 8 2 2 2
left_child=2 4 5 -3 -2 -1 -4
right_child=1 3 6 -5 -6 -7 -8
leaf_value=0.00019125900250577577 -6.7089724044365161e-05 2.1875589367186409e-05 0.00019425668544122604 -4.568452352165044e-05 -0.0002393250180601123 -0.00012440667228950738 0.0001050145461913566
leaf_weight=11517 70519 715144 152704 537940 77320 55231 79211
leaf_count=11517 70519 715144 152704 537940 77320 55231 79211
internal_value=6.74674e-07 -2.29615e-05 0.000111544 -7.12748e-06 -0.00015717 -6.9938e-05 0.000163777
internal_weight=1.69959e+06 1.40092e+06 298663 1.25308e+06 147839 66748 231915
internal_count=1699586 1400923 298663 1253084 147839 66748 231915
is_linear=0
shrinkage=0.00720685


Tree=6
num_leaves=8
num_cat=0
split_feature=0 1 0 4 2 19 0
split_gain=94.5541 66.4641 63.4321 26.0079 22.2165 12.4338 7.54395
threshold=-1.3568078875541685 -0.2621766179800033 0.056023648008704192 -0.11800081282854079 -0.81850203871726979 -1.5951603651046751 -3.7719615697860713
decision_type=2 2 2 8 2 10 2
left_child=4 2 -2 -3 6 -6 -1
right_child=1 3 -4 -5 5 -7 -8
leaf_value=-0.00044620380178558286 -6.3374844715685034e-05 -4.2515765232648788e-05 0.00017424378042050009 2.2263904331058531e-05 0.00012716328938420981 -0.0001575362859237305 -0.00025599208950182709
leaf_weight=16380 79590 613811 218638 676861 9412 51887 31983
leaf_count=16380 79590 613811 218638 676861 9412 51887 31983
internal_value=-2.64246e-07 1.3862e-05 0.000110829 -8.54366e-06 -0.000204938 -0.000113821 -0.000320423
internal_weight=1.69856e+06 1.5889e+06 298228 1.29067e+06 109662 61299 48363
internal_count=1698562 1588900 298228 1290672 109662 61299 48363
is_linear=0
shrinkage=0.00720685


Tree=7
num_leaves=8
num_cat=0
split_feature=0 1 0 2 11 19 0
split_gain=95.46 63.8229 62.9874 25.7122 22.0122 13.2852 9.84993
threshold=-1.1414960026741026 -0.2621766179800033 0.056023648008704192 -0.83923572301864613 0.5842457413673402 -1.5951603651046751 -3.7719615697860713
decision_type=2 2 2 2 8 10 2
left_child=3 2 -2 6 -3 -5 -1
right_child=1 4 -4 5 -6 -7 -8
leaf_value=-0.00045695301215620976 -6.364344443546727e-05 1.3187289454677257e-05 0.00017333126675770949 0.00013209554623494019 -5.1767978893035784e-05 -0.00014133373062860837 -0.000244419368348318
leaf_weight=16234 79370 878850 218984 10747 391763 65320 37480
leaf_count=16234 79370 878850 218984 10747 391763 65320 37480
internal_value=-1.04587e-07 1.54333e-05 0.00011029 -0.000187946 -6.84011e-06 -0.000102701 -0.000308661
internal_weight=1.69875e+06 1.56897e+06 298354 129781 1.27061e+06 76067 53714
internal_count=1698748 1568967 298354 129781 1270613 76067 53714
is_linear=0
shrinkage=0.00720685


Tree=8
num_leaves=8
num_cat=0
split_feature=0 3 0 0 8 17 23
split_gain=91.4356 37.1759 19.5506 17.8393 12.8332 8.12025 5.34394
threshold=-1.0785772800445554 0.17045571655035022 -2.9555821418762203 0.052694048732519157 0.36099347472190862 -0.24634420871734616 -0.038792386651039117
decision_type=2 8 2 2 10 2 8
left_child=2 4 6 -3 -2 -4 -1
right_child=1 3 5 -5 -6 -7 -8
leaf_value=-0.00039958651064851371 3.1209865735418777e-05 -6.525557418538046e-05 -0.00019647870550674722 7.9690144616957919e-06 9.3937557643244832e-05 -6.2739596518781375e-05 -0.00023415552728283295
leaf_weight=18792 614252 292916 42288 421412 233903 53304 22049
leaf_count=18792 614252 292916 42288 421412 233903 53304 22049
internal_value=6.24569e-07 1.62478e-05 -0.000178297 -2.20573e-05 4.85089e-05 -0.000121905 -0.000310283
internal_weight=1.69892e+06 1.56248e+06 136433 714328 848155 95592 40841
internal_count=1698916 1562483 136433 714328 848155 95592 40841
is_linear=0
shrinkage=0.00720685


Tree=9
num_leaves=8
num_cat=0
split_feature=1 2 1 16 1 5 1
split_gain=83.6088 54.9721 53.3264 18.9864 18.7956 16.8519 7.38807
threshold=-0.2621766179800033 -0.98480567336082447 -3.4009884595870967 -0.23582975566387174 0.57071241736412059 -0.41131459176540369 -0.51744556427001942
decision_type=2 2 2 2 2 10 2
left_child=2 4 3 -1 -2 -3 -4
right_child=1 5 6 -5 -6 -7 -8
leaf_value=0.0001949215168129977 -7.4003856915175038e-05 -5.8650313950569957e-05 0.00019012424837965152 -0.0001258139126502966 -0.00024007323079356551 5.4455622983136523e-06 0.00010424057598765435
leaf_weight=11599 69855 271707 153130 55214 71762 986837 78801
leaf_count=11599 69855 271707 153130 55214 71762 986837 78801
internal_value=-1.86754e-07 -2.354e-05 0.000109266 -7.01306e-05 -0.000158158 -8.39211e-06 0.000160945
internal_weight=1.6989e+06 1.40016e+06 298744 66813 141617 1.25854e+06 231931
internal_count=1698905 1400161 298744 66813 141617 1258544 231931
is_linear=0
shrinkage=0.00720685


Tree=10
num_leaves=8
num_cat=0
split_feature=0 3 2 0 25 0 7
split_gain=90.2886 38.0872 22.7769 19.6126 7.91254 7.30985 5.02363
threshold=-1.2794750928878782 0.16039007157087329 -0.71932005882263172 0.052694048732519157 1.5305930376052859 -3.7719615697860713 -0.23283336311578748
decision_type=2 8 2 2 8 2 2
left_child=2 6 5 -3 -4 -1 -2
right_child=1 3 4 -5 -6 -7 -8
leaf_value=-0.00042480840267295541 2.7883324749482446e-05 -6.7189344883201421e-05 -0.00014550875464679498 8.3521796825885821e-06 4.3858001505942919e-05 -0.00024459003617265161 6.3183739977157194e-05
leaf_weight=17093 375186 307428 46877 425665 15168 37005 473836
leaf_count=17093 375186 307428 46877 425665 15168 37005 473836
internal_value=4.89151e-07 1.47268e-05 -0.000193457 -2.33267e-05 -9.92143e-05 -0.000301539 4.75844e-05
internal_weight=1.69826e+06 1.58212e+06 116143 733093 62045 54098 849022
internal_count=1698258 1582115 116143 733093 62045 54098 849022
is_linear=0
shrinkage=0.00720685


Tree=11
num_leaves=8
num_cat=0
split_feature=4 11 16 9 16 18 16
split_gain=50.898 19.6699 10.5005 8.13947 7.80817 4.56896 3.41659
threshold=-0.1468207314610481 0.5842457413673402 -0.23582975566387174 -0.9982105791568755 -1.9582815766334531 0.49594020843505865 0.17597101628780368
decision_type=10 8 2 8 2 10 2
left_child=1 6 -3 5 -5 -2 -1
right_child=3 2 -4 4 -6 -7 -8
leaf_value=8.119438736387042e-06 2.056969334667634e-05 -2.2093194435053338e-05 -0.00010076728457997591 -0.00017363385193814129 4.7978137371058126e-05 -9.3623602100081471e-05 -3.5138583617890521e-05
leaf_weight=289769 38121 128867 278622 8345 779997 34819 140962
leaf_count=289769 38121 128867 278622 8345 779997 34819 140962
internal_value=-1.51683e-08 -3.99938e-05 -7.5887e-05 3.8893e-05 4.5632e-05 -3.39423e-05 -6.03727e-06
internal_weight=1.6995e+06 838220 407489 861282 788342 72940 430731
internal_count=1699502 838220 407489 861282 788342 72940 430731
is_linear=0
shrinkage=0.00720685


Tree=12
num_leaves=8
num_cat=0
split_feature=0 4 0 7 19 0 7
split_gain=87.3935 33.6854 19.4635 16.4486 7.15398 6.70819 5.08401
threshold=-1.2794750928878782 -0.11800081282854079 0.052694048732519157 0.48467607796192175 inf -2.9555821418762203 -0.23971302062273023
decision_type=2 10 2 2 8 2 2
left_child=3 2 -2 4 -1 -5 -3
right_child=1 6 -4 5 -6 -7 -8
leaf_value=-0.00014956426798102643 -6.2440165985819428e-05 2.6498799076230812e-05 1.0852967731934389e-05 -0.0003911096784298345 5.9853333908682291e-05 -0.00021788267259736436 6.293604774759995e-05
leaf_weight=59159 321628 354356 453568 20765 9888 26352 453331
leaf_count=59159 321628 354356 453568 20765 9888 26352 453331
internal_value=3.77266e-07 1.43794e-05 -1.95563e-05 -0.000190419 -0.000119573 -0.000294233 4.695e-05
internal_weight=1.69905e+06 1.58288e+06 775196 116164 69047 47117 807687
internal_count=1699047 1582883 775196 116164 69047 47117 807687
is_linear=0
shrinkage=0.00720685


Tree=13
num_leaves=8
num_cat=0
split_feature=11 9 16 12 12 6 13
split_gain=43.1352 12.0808 11.2722 16.1179 15.3054 7.94592 7.10564
threshold=0.68888410925865184 -0.9982105791568755 -0.23582975566387174 inf inf -0.44739066064357752 -0.68468666076660145
decision_type=8 10 2 8 8 8 8
left_child=1 6 4 -4 -2 -3 -1
right_child=2 5 3 -5 -6 -7 -8
leaf_value=-0.0001220078066024086 -2.2466078812407387e-05 5.832929352104148e-05 -6.650144962785538e-05 -0.00027318055536673061 0.00030678570033098728 1.7185408227161811e-05 -7.6134430869795585e-06
leaf_weight=37723 167843 393353 318029 20884 7667 641212 111738
leaf_count=37723 167843 393353 318029 20884 7667 641212 111738
internal_value=1.39516e-07 2.4079e-05 -5.49609e-05 -7.92379e-05 -8.08128e-06 3.28288e-05 -3.64866e-05
internal_weight=1.69845e+06 1.18403e+06 514423 338913 175510 1.03456e+06 149461
internal_count=1698449 1184026 514423 338913 175510 1034565 149461
is_linear=0
shrinkage=0.00720685


Tree=14
num_leaves=8
num_cat=0
split_feature=1 2 1 3 16 1 1
split_gain=83.1867 51.5474 50.6526 28.36 18.2878 15.2797 7.33073
threshold=-0.2621766179800033 -1.2200124263763426 -3.4009884595870967 0.23808770626783374 -0.23582975566387174 0.60569909214973461 -0.4619456678628921
decision_type=2 2 2 8 2 2 2
left_child=2 5 4 -3 -1 -2 -4
right_child=1 3 6 -5 -6 -7 -8
leaf_value=0.00019497461375236221 -8.5731367346635488e-05 1.705371772169188e-05 0.00018471136380243647 -5.1363584733654301e-05 -0.00012043385610169069 -0.0002634270031268183 9.4953418197353277e-05
leaf_weight=11542 47278 763834 166644 535136 55240 53663 65975
leaf_count=11542 47278 763834 166644 535136 55240 53663 65975
internal_value=-3.86248e-09 -2.3323e-05 0.000109029 -1.11321e-05 -6.59191e-05 -0.000180201 0.000159255
internal_weight=1.69931e+06 1.39991e+06 299401 1.29897e+06 66782 100941 232619
internal_count=1699312 1399911 299401 1298970 66782 100941 232619
is_linear=0
shrinkage=0.00720685


Tree=15
num_leaves=8
num_cat=0
split_feature=1 2 1 11 1 9 1
split_gain=81.424 52.8869 47.6528 20.0539 19.6416 17.3835 10.2101
threshold=-0.23364705592393872 -0.95648938417434681 -3.4009884595870967 0.5842457413673402 0.57071241736412059 0.014350604731589557 -0.38898986577987665
decision_type=2 2 2 8 2 8 2
left_child=2 4 5 -3 -2 -1 -4
right_child=1 3 6 -5 -6 -7 -8
leaf_value=-0.00017980390716248716 -6.9461970323460881e-05 1.0353795581417588e-05 0.00017765126346278113 -5.3257879287001522e-05 -0.00023623724993685589 5.2967456459725984e-05 6.8978326270015795e-05
leaf_weight=34002 73193 875825 186606 364541 73522 32677 59136
leaf_count=34002 73193 875825 186606 364541 73522 32677 59136
internal_value=2.79168e-08 -2.36465e-05 0.000105137 -8.34155e-06 -0.000153038 -6.57314e-05 0.0001515
internal_weight=1.6995e+06 1.38708e+06 312421 1.24037e+06 146715 66679 245742
internal_count=1699502 1387081 312421 1240366 146715 66679 245742
is_linear=0
shrinkage=0.00720685


Tree=16
num_leaves=8
num_cat=0
split_feature=0 1 0 3 2 9 1
split_gain=88.946 59.87 62.9434 29.1955 21.3182 13.2318 7.57904
threshold=-1.2794750928878782 -0.27603577077388758 0.056023648008704192 0.17045571655035022 -0.95648938417434681 0.35784676671028143 1.294856131076813
decision_type=2 2 2 8 2 8 2
left_child=4 2 -2 -3 6 -6 -1
right_child=1 3 -4 -5 5 -7 -8
leaf_value=-0.000371815336940304 -6.654305271123699e-05 2.3645354428110248e-05 0.00017136889583325074 -4.5351131039871269e-05 -0.0002034501245855493 -5.166315663186474e-06 -0.00016323560809802185
leaf_weight=32909 79125 717198 213873 573036 38871 31763 12483
leaf_count=32909 79125 717198 213873 573036 38871 31763 12483
internal_value=5.66721e-09 1.41208e-05 0.00010712 -6.99828e-06 -0.000192601 -0.000114287 -0.00031446
internal_weight=1.69926e+06 1.58323e+06 292998 1.29023e+06 116026 70634 45392
internal_count=1699258 1583232 292998 1290234 116026 70634 45392
is_linear=0
shrinkage=0.00720685


Tree=17
num_leaves=8
num_cat=0
split_feature=0 1 0 3 2 0 23
split_gain=85.8451 57.9549 56.0632 25.4109 24.0864 9.04138 8.63165
threshold=-1.0785772800445554 -0.2621766179800033 0.056023648008704192 0.18024256825447085 -0.68417516350746144 -3.7719615697860713 5.5139057636260995
decision_type=2 2 2 8 2 2 8
left_child=4 2 -2 -3 5 -1 -6
right_child=1 3 -4 -5 6 -7 -8
leaf_value=-0.00041772547264176836 -5.8707396544041248e-05 2.197320765729686e-05 0.00016463877099437532 -4.3167278978205204e-05 -0.00012529117804629215 -0.00022405191831476466 6.6871156900004535e-05
leaf_weight=17320 79583 711019 219016 552899 58963 45192 15288
leaf_count=17320 79583 711019 219016 552899 58963 45192 15288
internal_value=-3.43408e-07 1.48112e-05 0.000105112 -6.52239e-06 -0.000173483 -0.000277718 -8.5725e-05
internal_weight=1.69928e+06 1.56252e+06 298599 1.26392e+06 136763 62512 74251
internal_count=1699280 1562517 298599 1263918 136763 62512 74251
is_linear=0
shrinkage=0.00720685


Tree=18
num_leaves=8
num_cat=0
split_feature=0 1 0 3 9 0 0
split_gain=84.1559 58.579 57.403 25.3348 19.4263 10.369 6.65912
threshold=-1.0785772800445554 -0.2621766179800033 0.056023648008704192 0.16039007157087329 0.088756572455167784 -2.9555821418762203 -2.4328616857528682
decision_type=2 2 2 8 8 2 2
left_child=4 2 -2 -3 5 -1 -6
right_child=1 3 -4 -5 6 -7 -8
leaf_value=-0.00037289437465372257 -6.0615434345563715e-05 2.2062283094587181e-05 0.00016550245329687903 -4.2871070736070366e-05 -0.00017051461793862749 -0.00019174839408046381 -1.3997381905967984e-05
leaf_weight=23723 79443 700284 219215 562979 22961 53274 36659
leaf_count=23723 79443 700284 219215 562979 22961 53274 36659
internal_value=-4.18536e-07 1.45843e-05 0.000105355 -6.87556e-06 -0.000171943 -0.000247564 -7.42779e-05
internal_weight=1.69854e+06 1.56192e+06 298658 1.26326e+06 136617 76997 59620
internal_count=1698538 1561921 298658 1263263 136617 76997 59620
is_linear=0
shrinkage=0.00720685


Tree=19
num_leaves=8
num_cat=0
split_feature=0 1 0 3 9 0 7
split_gain=83.9514 58.8259 55.039 26.6429 15.8264 7.67874 7.1455
threshold=-1.3568078875541685 -0.2621766179800033 0.056023648008704192 0.18024256825447085 -0.10457775369286536 -4.3228039741516104 0.23073310405015948
decision_type=2 2 2 8 8 2 2
left_child=4 2 -2 -3 5 -1 -6
right_child=1 3 -4 -5 6 -7 -8
leaf_value=-0.00044367107229276149 -5.8439713456958105e-05 2.0864147897356836e-05 0.00016300016436212659 -4.5088533585005227e-05 -4.4090317238079081e-05 -0.00023428233621928046 -0.0002256934574523327
leaf_weight=11308 79452 720867 218946 569432 35379 46547 16502
leaf_count=11308 79452 720867 218946 569432 35379 46547 16502
internal_value=-4.69156e-07 1.28473e-05 0.000104039 -8.24194e-06 -0.000193257 -0.000275215 -0.000101857
internal_weight=1.69843e+06 1.5887e+06 298398 1.2903e+06 109736 57855 51881
internal_count=1698433 1588697 298398 1290299 109736 57855 51881
is_linear=0
shrinkage=0.00720685


Tree=20
num_leaves=8
num_cat=0
split_feature=1 1 3 1 16 1 8
split_gain=75.2661 44.6901 41.9849 20.1855 16.6854 10.6617 8.13655
threshold=-0.23364705592393872 -3.4009884595870967 0.23808770626783374 0.49286355078220373 -0.25060263276100153 -0.38898986577987665 0.28375205397605902
decision_type=2 2 8 2 2 2 8
left_child=1 4 6 -4 -1 -3 -2
right_child=2 5 3 -5 -6 -7 -8
leaf_value=0.0002721718573745079 -1.0674318581918435e-06 0.00017339188499942388 -3.9547188987374022e-05 -0.00012982411408046416 -0.00010236787892964901 6.2362036322917801e-05 5.1976160516303054e-05
leaf_weight=6888 580266 186334 418386 185754 59841 59191 202653
leaf_count=6888 580266 186334 418386 185754 59841 59191 202653
internal_value=5.89435e-07 0.000101678 -2.21676e-05 -6.73047e-05 -6.37029e-05 0.000146625 1.26625e-05
internal_weight=1.69931e+06 312254 1.38706e+06 604140 66729 245525 782919
internal_count=1699313 312254 1387059 604140 66729 245525 782919
is_linear=0
shrinkage=0.00720685


Tree=21
num_leaves=8
num_cat=0
split_feature=1 2 1 3 9 1 1
split_gain=74.005 49.5111 43.6584 23.1831 17.4835 16.4932 9.81188
threshold=-0.23364705592393872 -0.98480567336082447 -3.4009884595870967 0.3173282146453858 0.014350604731589557 0.5964762568473817 -0.38898986577987665
decision_type=2 2 2 8 8 2 2
left_child=2 5 4 -3 -1 -2 -4
right_child=1 3 6 -5 -6 -7 -8
leaf_value=-0.0001772058813688243 -7.4964157070271648e-05 1.6112970862650305e-05 0.0001707885464414892 -4.823554577426194e-05 5.6297270959331971e-05 -0.00023101609850532676 6.4331880430937307e-05
leaf_weight=34036 72877 784012 186020 462241 32611 68002 59306
leaf_count=34036 72877 784012 186020 462241 32611 68002 59306
internal_value=3.25608e-07 -2.22306e-05 0.000100617 -7.75419e-06 -6.2951e-05 -0.000150291 0.000145054
internal_weight=1.6991e+06 1.38713e+06 311973 1.24625e+06 66647 140879 245326
internal_count=1699105 1387132 311973 1246253 66647 140879 245326
is_linear=0
shrinkage=0.00720685


Tree=22
num_leaves=8
num_cat=0
split_feature=0 3 0 7 9 4 0
split_gain=82.6508 34.3386 21.0247 14.3229 7.22069 4.91178 4.07067
threshold=-1.5466667413711546 0.23808770626783374 0.052694048732519157 0.57513698935508739 0.33386990427970892 0.42497141659259802 -2.9555821418762203
decision_type=2 8 2 2 8 8 2
left_child=3 5 -3 4 -1 -2 -5
right_child=1 2 -4 6 -6 -7 -8
leaf_value=-0.00021811663345090167 2.2698354433935548e-05 -7.0764099507150568e-05 8.9232666065538155e-06 -0.00039009093611373861 -5.7915073624450588e-05 5.6440635163874846e-05 -0.00023840669566144699
leaf_weight=28617 407192 306026 392551 19267 29863 498252 17584
leaf_count=28617 407192 306026 392551 19267 29863 498252 17584
internal_value=-2.75881e-07 1.19771e-05 -2.59854e-05 -0.00020644 -0.000136312 4.12663e-05 -0.000317721
internal_weight=1.69935e+06 1.60402e+06 698577 95331 58480 905444 36851
internal_count=1699352 1604021 698577 95331 58480 905444 36851
is_linear=0
shrinkage=0.00720685


Tree=23
num_leaves=8
num_cat=0
split_feature=1 2 1 4 1 9 1
split_gain=73.6683 47.1175 42.0497 18.355 17.0438 16.6779 9.78123
threshold=-0.23364705592393872 -0.95648938417434681 -3.4009884595870967 -0.11800081282854079 0.60569909214973461 0.014350604731589557 -0.38898986577987665
decision_type=2 2 2 10 2 8 2
left_child=2 4 5 -3 -2 -1 -4
right_child=1 3 6 -5 -6 -7 -8
leaf_value=-0.00017199531294081959 -7.2053954094081107e-05 -3.7647414134500843e-05 0.00016931280179550393 1.793660596296878e-05 -0.00022775763730025511 5.5830879253211681e-05 6.2931037562073865e-05
leaf_weight=34032 78411 578487 186362 661299 68339 32746 59137
leaf_count=34032 78411 578487 186362 661299 68339 32746 59137
internal_value=6.95008e-08 -2.2453e-05 0.000100071 -7.99901e-06 -0.000144564 -6.02763e-05 0.000143687
internal_weight=1.69881e+06 1.38654e+06 312277 1.23979e+06 146750 66778 245499
internal_count=1698813 1386536 312277 1239786 146750 66778 245499
is_linear=0
shrinkage=0.00720685


Tree=24
num_leaves=8
num_cat=0
split_feature=0 3 0 2 8 9 0
split_gain=79.0327 34.2757 18.8764 17.6254 13.4607 11.6227 5.7647
threshold=-1.5466667413711546 0.3173282146453858 0.052694048732519157 -1.2643821239471433 0.36099347472190862 -0.11184643581509589 -3.3068820238113399
decision_type=2 8 2 2 10 8 2
left_child=3 4 -3 6 -2 -5 -1
right_child=1 2 -4 5 -6 -7 -8
leaf_value=-0.00044177036679301449 2.2797754496682459e-05 -7.1759144429536827e-05 6.5050396288486971e-06 -0.00023680513550209569 8.3513692587076799e-05 -4.2632168498345262e-05 -0.00024636660627692724
leaf_weight=15231 694641 289901 357372 29915 260875 34449 16175
leaf_count=15231 694641 289901 357372 29915 260875 34449 16175
internal_value=-7.21702e-08 1.19446e-05 -2.8548e-05 -0.00020118 3.93745e-05 -0.000132882 -0.000341143
internal_weight=1.69856e+06 1.60279e+06 647273 95770 955516 64364 31406
internal_count=1698559 1602789 647273 95770 955516 64364 31406
is_linear=0
shrinkage=0.00720685


Tree=25
num_leaves=8
num_cat=0
split_feature=0 11 2 0 19 8 0
split_gain=77.5009 26.4422 19.8479 14.0207 13.1675 10.3522 7.18802
threshold=-1.2794750928878782 0.5842457413673402 -0.81850203871726979 0.052694048732519157 -1.5951603651046751 0.34828017652034765 -3.7719615697860713
decision_type=2 8 2 2 10 10 2
left_child=2 5 6 -3 -4 -2 -1
right_child=1 3 4 -5 -6 -7 -8
leaf_value=-0.000411623873883416 1.9888239691073582e-05 -6.9962795475885051e-05 0.00014445759423262192 4.5713946970895446e-06 -0.00014057533791833154 7.0762719269448646e-05 -0.00022794052014190228
leaf_weight=16392 768336 237124 9914 293124 55754 284727 34072
leaf_count=16392 768336 237124 9914 293124 55754 284727 34072
internal_value=-4.35865e-07 1.27449e-05 -0.000180137 -2.87599e-05 -9.75416e-05 3.36437e-05 -0.000287613
internal_weight=1.69944e+06 1.58331e+06 116132 530248 65668 1.05306e+06 50464
internal_count=1699443 1583311 116132 530248 65668 1053063 50464
is_linear=0
shrinkage=0.00720685


Tree=26
num_leaves=8
num_cat=0
split_feature=2 11 5 7 2 5 21
split_gain=51.2815 24.6552 10.0935 10.0775 7.62781 6.90948 5.56698
threshold=-0.98480567336082447 0.5842457413673402 -0.48405647277832026 1.0000000180025095e-35 -2.4036716222763057 0.17668881267309192 0.93352505564689647
decision_type=2 8 10 2 2 10 8
left_child=3 2 -2 6 -5 -3 -1
right_child=1 5 -4 4 -6 -7 -8
leaf_value=-9.3941016552871135e-05 -1.5266656004621792e-05 -5.6836366175662799e-05 4.3394301941678317e-05 -0.00024299766984068894 -0.0001148976727180181 -1.4598892994854545e-06 7.882075860053743e-05
leaf_weight=20323 184943 239949 864354 30787 111897 228442 18510
leaf_count=20323 184943 239949 864354 30787 111897 228442 18510
internal_value=-4.43001e-08 1.36478e-05 3.3055e-05 -0.000114526 -0.000142539 -2.98285e-05 -1.15924e-05
internal_weight=1.6992e+06 1.51769e+06 1.0493e+06 181517 142684 468391 38833
internal_count=1699205 1517688 1049297 181517 142684 468391 38833
is_linear=0
shrinkage=0.00720685


Tree=27
num_leaves=8
num_cat=0
split_feature=0 1 0 3 7 9 0
split_gain=79.1895 58.1098 51.5378 26.0462 13.2601 6.49235 5.29765
threshold=-1.5466667413711546 -0.2621766179800033 0.052694048732519157 0.17045571655035022 0.39253810048103338 0.36684212088584905 -4.3228039741516104
decision_type=2 2 2 8 2 8 2
left_child=4 2 -2 -3 5 -1 -6
right_child=1 3 -4 -5 6 -7 -8
leaf_value=-0.00020938546641500807 -5.9618828473749589e-05 2.0151126472320756e-05 0.00015777301047796024 -4.4566951338642567e-05 -0.0004201355986717944 -4.6053324103438079e-05 -0.00024406734837413341
leaf_weight=23628 75920 721659 223042 584653 12217 27182 32489
leaf_count=23628 75920 721659 223042 584653 12217 27182 32489
internal_value=-6.61878e-08 1.19293e-05 0.000102567 -8.81409e-06 -0.000201665 -0.00012201 -0.000292191
internal_weight=1.70079e+06 1.60527e+06 298962 1.30631e+06 95516 50810 44706
internal_count=1700790 1605274 298962 1306312 95516 50810 44706
is_linear=0
shrinkage=0.00720685


Tree=28
num_leaves=8
num_cat=0
split_feature=0 11 2 0 19 8 0
split_gain=76.9377 26.396 17.8227 13.8983 12.652 11.1126 5.94095
threshold=-1.3568078875541685 0.5842457413673402 -0.79810956120491017 0.052694048732519157 -1.5951603651046751 0.34828017652034765 -3.7719615697860713
decision_type=2 8 2 2 10 10 2
left_child=2 5 6 -3 -4 -2 -1
right_child=1 3 4 -5 -6 -7 -8
leaf_value=-0.00039801861477880586 1.9029363080886883e-05 -6.9727812597178109e-05 0.00014338180481512125 4.3061852989981498e-06 -0.00014641445087474307 7.1670298455681782e-05 -0.00023041313427895704
leaf_weight=16571 769893 239274 9236 292939 51177 285534 32605
leaf_count=16571 769893 239274 9236 292939 51177 285534 32605
internal_value=-3.44817e-07 1.24035e-05 -0.000185031 -2.89783e-05 -0.000102108 3.32709e-05 -0.000286899
internal_weight=1.69723e+06 1.58764e+06 109589 532213 60413 1.05543e+06 49176
internal_count=1697229 1587640 109589 532213 60413 1055427 49176
is_linear=0
shrinkage=0.00720685


Tree=29
num_leaves=8
num_cat=0
split_feature=0 1 0 3 9 0 0
split_gain=77.6783 53.7884 52.8997 20.9672 17.7684 9.33506 6.34455
threshold=-1.0785772800445554 -0.27603577077388758 0.056023648008704192 0.14117404073476794 -0.11184643581509589 -3.7719615697860713 -3.3068820238113399
decision_type=2 2 2 8 8 2 2
left_child=4 2 -2 -3 5 -1 -6
right_child=1 3 -4 -5 6 -7 -8
leaf_value=-0.00040407061339525194 -5.756716170579353e-05 1.9967886013015682e-05 0.00016054877472643109 -3.8855544385372426e-05 -0.00020910308682167532 -0.00020181414433172645 -4.1057583144126612e-05
leaf_weight=15042 79118 694613 213852 575462 15196 55917 50273
leaf_count=15042 79118 694613 213852 575462 15196 55917 50273
internal_value=-7.74448e-07 1.36203e-05 0.000101645 -6.68458e-06 -0.000165693 -0.000244694 -8.00654e-05
internal_weight=1.69947e+06 1.56304e+06 292970 1.27008e+06 136428 70959 65469
internal_count=1699473 1563045 292970 1270075 136428 70959 65469
is_linear=0
shrinkage=0.00720685


Tree=30
num_leaves=8
num_cat=0
split_feature=1 2 1 3 9 1 1
split_gain=68.5275 43.034 42.0179 21.5311 17.1834 15.1821 8.4922
threshold=-0.24734136462211606 -0.98480567336082447 -3.4009884595870967 0.22879163175821307 0.014350604731589557 0.57071241736412059 -0.4619456678628921
decision_type=2 2 2 8 8 2 2
left_child=2 5 4 -3 -1 -2 -4
right_child=1 3 6 -5 -6 -7 -8
leaf_value=-0.00017568465476115792 -6.4998274894945894e-05 1.6670718802044875e-05 0.0001706992849662572 -4.4130590065995637e-05 5.5975467600113535e-05 -0.00021445105099050519 7.7177899569551956e-05
leaf_weight=34019 69622 742858 166299 510308 32533 71622 72384
leaf_count=34019 69622 742858 166299 510308 32533 71622 72384
internal_value=-1.19486e-07 -2.15297e-05 9.76888e-05 -8.08848e-06 -6.24413e-05 -0.000140784 0.000142338
internal_weight=1.69964e+06 1.39441e+06 305235 1.25317e+06 66552 141244 238683
internal_count=1699645 1394410 305235 1253166 66552 141244 238683
is_linear=0
shrinkage=0.00720685


Tree=31
num_leaves=8
num_cat=0
split_feature=0 1 0 3 7 0 23
split_gain=72.4743 51.6095 50.8696 22.8782 16.0708 7.41539 7.32419
threshold=-1.1414960026741026 -0.2621766179800033 0.056023648008704192 0.17045571655035022 0.37513089179992681 -3.7719615697860713 2.7431707382202153
decision_type=2 2 2 8 2 2 8
left_child=4 2 -2 -3 6 -6 -1
right_child=1 3 -4 -5 5 -7 -8
leaf_value=-0.00013038872810889587 -5.7105355144011492e-05 2.0960622758721364e-05 0.00015574282609350743 -4.0623585488223144e-05 -0.00038380888569102651 -0.00020198951313631037 4.4054932565534481e-05
leaf_weight=55646 79492 708550 218945 561673 16121 42034 16122
leaf_count=55646 79492 708550 218945 561673 16121 42034 16122
internal_value=2.18045e-07 1.3766e-05 9.90483e-05 -6.27095e-06 -0.000163356 -0.000252397 -9.12012e-05
internal_weight=1.69858e+06 1.56866e+06 298437 1.27022e+06 129923 58155 71768
internal_count=1698583 1568660 298437 1270223 129923 58155 71768
is_linear=0
shrinkage=0.00720685


Tree=32
num_leaves=8
num_cat=0
split_feature=0 3 2 0 23 12 0
split_gain=69.0203 29.5529 16.9707 16.3167 8.5405 7.09773 6.15104
threshold=-1.3568078875541685 0.17045571655035022 -0.83923572301864613 0.052694048732519157 2.7431707382202153 0.34309409558773046 -2.9555821418762203
decision_type=2 8 2 2 8 10 2
left_child=2 5 6 -3 -4 -2 -1
right_child=1 3 4 -5 -6 -7 -8
leaf_value=-0.00036423964019272536 5.4507391279000498e-05 -6.1303225007102515e-05 -0.00014401190051355312 7.570998532695139e-06 5.4372922313268294e-05 9.6172548145745374e-06 -0.0002000984984168634
leaf_weight=22426 594191 310357 46904 420989 14835 264321 25175
leaf_count=22426 594191 310357 46904 420989 14835 264321 25175
internal_value=-3.72799e-08 1.20082e-05 -0.000175183 -2.16568e-05 -9.63423e-05 4.06866e-05 -0.000277436
internal_weight=1.6992e+06 1.58986e+06 109340 731346 61739 858512 47601
internal_count=1699198 1589858 109340 731346 61739 858512 47601
is_linear=0
shrinkage=0.00720685


Tree=33
num_leaves=8
num_cat=0
split_feature=0 1 0 11 2 19 0
split_gain=74.4322 53.6741 50.6466 19.8198 16.5528 9.85972 5.12709
threshold=-1.5466667413711546 -0.2621766179800033 0.052694048732519157 0.5842457413673402 -0.81850203871726979 -1.5951603651046751 -4.3228039741516104
decision_type=2 2 2 8 2 10 2
left_child=4 2 -2 -3 6 -6 -1
right_child=1 3 -4 -5 5 -7 -8
leaf_value=-0.00042119964280079927 -6.2473297245469852e-05 1.0456188784786414e-05 0.00015328410890619114 -5.0137485391074032e-05 0.00011891131042596956 -0.00015184801002675587 -0.00024903793036484855
leaf_weight=12626 75688 896453 222984 407966 8323 43440 31184
leaf_count=12626 75688 896453 222984 407966 8323 43440 31184
internal_value=-1.88836e-07 1.14594e-05 9.86078e-05 -8.4949e-06 -0.000195569 -0.000108311 -0.000298663
internal_weight=1.69866e+06 1.60309e+06 298672 1.30442e+06 95573 51763 43810
internal_count=1698664 1603091 298672 1304419 95573 51763 43810
is_linear=0
shrinkage=0.00720685


Tree=34
num_leaves=8
num_cat=0
split_feature=0 1 0 3 7 19 0
split_gain=72.1678 54.1694 48.0648 23.4474 12.9918 6.97234 4.9369
threshold=-1.5466667413711546 -0.29150286316871638 0.056023648008704192 0.17045571655035022 0.40068385004997259 inf -4.3228039741516104
decision_type=2 2 2 8 2 8 2
left_child=4 2 -2 -3 5 -1 -6
right_child=1 3 -4 -5 6 -7 -8
leaf_value=-0.00015034851470085119 -5.0518989012407425e-05 1.916772196345212e-05 0.00015876280901817047 -4.2022811482027094e-05 -0.00040689798043557168 8.3444599823882034e-05 -0.00023628551440348533
leaf_weight=43527 78584 728648 207488 587487 12181 7814 31854
leaf_count=43527 78584 728648 207488 587487 12181 7814 31854
internal_value=-7.41066e-08 1.13906e-05 0.000101273 -8.14607e-06 -0.000192667 -0.000114764 -0.000283489
internal_weight=1.69758e+06 1.60221e+06 286072 1.31614e+06 95376 51341 44035
internal_count=1697583 1602207 286072 1316135 95376 51341 44035
is_linear=0
shrinkage=0.00720685


Tree=35
num_leaves=8
num_cat=0
split_feature=1 2 1 3 9 1 1
split_gain=63.8441 43.1831 40.0694 20.3278 15.5997 12.3929 9.64954
threshold=-0.23364705592393872 -1.0725118517875669 -3.4009884595870967 0.3173282146453858 0.014350604731589557 0.49903479218482977 -0.38898986577987665
decision_type=2 2 2 8 8 2 2
left_child=2 5 4 -3 -1 -2 -4
right_child=1 3 6 -5 -6 -7 -8
leaf_value=-0.00017167274546845432 -6.057166705742625e-05 1.3638824401799043e-05 0.00016076092394041062 -4.6079138911803864e-05 4.8657328898873656e-05 -0.0002078671790025241 5.5199768185645585e-05
leaf_weight=34095 49069 789595 186238 473644 32693 75040 59300
leaf_count=34095 49069 789595 186238 473644 32693 75040 59300
internal_value=-3.97702e-07 -2.1355e-05 9.2694e-05 -8.75207e-06 -6.38207e-05 -0.000149632 0.000135267
internal_weight=1.69967e+06 1.38735e+06 312326 1.26324e+06 66788 124109 245538
internal_count=1699674 1387348 312326 1263239 66788 124109 245538
is_linear=0
shrinkage=0.00720685


Tree=36
num_leaves=8
num_cat=0
split_feature=0 1 0 10 9 0 7
split_gain=66.2107 48.9041 46.6485 17.2261 16.1675 9.47962 7.93138
threshold=-1.0785772800445554 -0.27603577077388758 0.056023648008704192 -0.66990193724632252 0.36684212088584905 -4.3228039741516104 0.37513089179992681
decision_type=2 2 2 8 8 2 2
left_child=4 2 -2 -3 5 -1 -6
right_child=1 3 -4 -5 6 -7 -8
leaf_value=-0.00039830158055624408 -5.1654499132159632e-05 -4.8909804476698597e-05 0.00015337166547148531 1.0773844074431855e-05 -4.0215124038360145e-06 -0.00018163884425557043 -0.00022037689231366563
leaf_weight=12267 78980 344735 213295 925400 40355 72364 11254
leaf_count=12267 78980 344735 213295 925400 40355 72364 11254
internal_value=6.29685e-07 1.39163e-05 9.79684e-05 -5.42526e-06 -0.000151741 -0.000213048 -5.12042e-05
internal_weight=1.69865e+06 1.56241e+06 292275 1.27014e+06 136240 84631 51609
internal_count=1698650 1562410 292275 1270135 136240 84631 51609
is_linear=0
shrinkage=0.00720685


Tree=37
num_leaves=8
num_cat=0
split_feature=0 1 0 2 3 19 0
split_gain=69.7058 48.3894 49.19 20.2279 20.1749 11.1637 8.28088
threshold=-1.0785772800445554 -0.27603577077388758 0.056023648008704192 -0.68417516350746144 0.16039007157087329 -1.5951603651046751 -3.3068820238113399
decision_type=2 2 2 2 8 10 2
left_child=3 2 -2 6 -3 -5 -1
right_child=1 4 -4 5 -6 -7 -8
leaf_value=-0.00036739974704600294 -5.6542692312131575e-05 2.0031894989810817e-05 0.00015390672502491723 0.00014376261331975173 -3.7786074463343735e-05 -0.0001111920317233848 -0.00019222959945651335
leaf_weight=21173 79030 703216 213590 10367 565545 63881 41487
leaf_count=21173 79030 703216 213590 10367 565545 63881 41487
internal_value=-1.44682e-07 1.35274e-05 9.7069e-05 -0.000156069 -5.74022e-06 -7.55918e-05 -0.000251425
internal_weight=1.69829e+06 1.56138e+06 292620 136908 1.26876e+06 74248 62660
internal_count=1698289 1561381 292620 136908 1268761 74248 62660
is_linear=0
shrinkage=0.00720685


Tree=38
num_leaves=8
num_cat=0
split_feature=0 1 0 3 0 1 1
split_gain=66.3258 49.1885 45.2001 21.4727 14.4489 7.8841 3.9373
threshold=-1.2101092934608457 -0.27603577077388758 0.056023648008704192 0.3173282146453858 -3.3068820238113399 1.0711352229118349 0.8387051820755006
decision_type=2 2 2 8 2 2 2
left_child=4 2 -2 -3 6 -6 -1
right_child=1 3 -4 -5 5 -7 -8
leaf_value=-0.00014654707059019641 -5.0201226834946337e-05 1.660288280721647e-05 0.00015132771035806242 -4.402674991719473e-05 -0.00015384928439887637 -1.9772266090417944e-07 -0.0003295833881465842
leaf_weight=7954 79219 791545 213819 491958 64767 23689 26284
leaf_count=7954 79219 791545 213819 491958 64767 23689 26284
internal_value=3.78794e-08 1.25988e-05 9.68469e-05 -6.63604e-06 -0.000161361 -0.000112701 -0.000287067
internal_weight=1.69924e+06 1.57654e+06 293038 1.2835e+06 122694 88456 34238
internal_count=1699235 1576541 293038 1283503 122694 88456 34238
is_linear=0
shrinkage=0.00720685


Tree=39
num_leaves=8
num_cat=0
split_feature=0 2 0 12 19 8 0
split_gain=64.2403 19.408 15.9977 17.3733 12.2982 11.12 5.46001
threshold=-1.0785772800445554 -1.2643821239471433 0.052694048732519157 inf -1.5951603651046751 0.36099347472190862 -3.3068820238113399
decision_type=2 2 2 8 10 8 2
left_child=1 6 3 -2 -3 -4 -1
right_child=2 4 5 -5 -6 -7 -8
leaf_value=-0.00039320696082722622 -1.1422868791981841e-05 0.00010925317358307118 1.4661575277017438e-05 -0.00021723930884564734 -0.00012768161039519263 6.7144602947346883e-05 -0.00021813386521187631
leaf_weight=15099 476285 13157 775522 22298 84124 287382 23910
leaf_count=15099 476285 13157 775522 22298 84124 287382 23910
internal_value=-4.41956e-08 -0.000150097 1.30528e-05 -2.0628e-05 -9.56358e-05 2.88517e-05 -0.000285907
internal_weight=1.69778e+06 136290 1.56149e+06 498583 97281 1.0629e+06 39009
internal_count=1697777 136290 1561487 498583 97281 1062904 39009
is_linear=0
shrinkage=0.00720685


Tree=40
num_leaves=8
num_cat=0
split_feature=0 1 0 4 0 1 23
split_gain=64.9465 47.5924 46.3919 17.4036 15.8592 7.71201 5.36448
threshold=-1.0785772800445554 -0.27603577077388758 0.056023648008704192 -0.11800081282854079 -3.3068820238113399 1.0711352229118349 -0.038792386651039117
decision_type=2 2 2 10 2 2 8
left_child=4 2 -2 -3 6 -6 -1
right_child=1 3 -4 -5 5 -7 -8
leaf_value=-0.00038383442604488519 -5.3151683445597343e-05 -3.3655968257134974e-05 0.00015157732820775599 1.979220753354817e-05 -0.00014280006932690953 -6.6636203717555787e-07 -0.00020217936317200682
leaf_weight=15537 78659 601468 213580 667666 75706 26863 18505
leaf_count=15537 78659 601468 213580 667666 75706 26863 18505
internal_value=3.71145e-07 1.35552e-05 9.64724e-05 -5.53794e-06 -0.000150312 -0.000105576 -0.000285097
internal_weight=1.69798e+06 1.56137e+06 292239 1.26913e+06 136611 102569 34042
internal_count=1697984 1561373 292239 1269134 136611 102569 34042
is_linear=0
shrinkage=0.00720685


Tree=41
num_leaves=8
num_cat=0
split_feature=1 1 3 1 9 12 1
split_gain=59.8949 39.5216 34.246 16.6697 16.5873 7.32471 6.8966
threshold=-0.2621766179800033 -3.4009884595870967 0.3666186928749085 0.4808782041072846 0.014350604731589557 0.3026628196239472 -0.51744556427001942
decision_type=2 2 8 2 8 10 2
left_child=1 4 5 -4 -1 -2 -3
right_child=2 6 3 -5 -6 -7 -8
leaf_value=-0.00017390134807529758 2.2970976349241322e-05 0.00016487875914389673 -3.7488138185505462e-05 -0.00012328689310652809 5.3792910656473863e-05 -2.125738793205501e-05 8.200942138200643e-05
leaf_weight=34006 569741 153016 360548 174556 32496 295273 79143
leaf_count=34006 569741 153016 360548 174556 32496 295273 79143
internal_value=-3.95605e-07 9.22584e-05 -2.01598e-05 -6.54767e-05 -6.26397e-05 7.87356e-06 0.000136629
internal_weight=1.69878e+06 298661 1.40012e+06 535104 66502 865014 232159
internal_count=1698779 298661 1400118 535104 66502 865014 232159
is_linear=0
shrinkage=0.00720685


Tree=42
num_leaves=8
num_cat=0
split_feature=11 5 17 9 10 13 7
split_gain=34.5211 13.7274 9.64485 8.37465 8.14379 7.94083 3.6937
threshold=0.5842457413673402 -0.48405647277832026 -0.068474419414997087 0.014350604731589557 -2.0102124214172359 -0.87481126189231861 1.1466762423515322
decision_type=8 10 2 10 10 10 2
left_child=1 6 3 -2 -4 -3 -1
right_child=2 5 4 -5 -6 -7 -8
leaf_value=-2.0286803444793232e-05 -0.00010357330304762164 -3.4295631048284058e-05 0.00011094414505563473 -2.949219297350758e-05 -2.5156163334727309e-05 4.2561041767338158e-05 -0.00013735921805644428
leaf_weight=193666 179809 76246 25243 141735 239279 828612 15087
leaf_count=193666 179809 76246 25243 141735 239279 828612 15087
internal_value=3.69424e-07 2.39314e-05 -4.44016e-05 -7.0919e-05 -1.21678e-05 3.60848e-05 -2.87486e-05
internal_weight=1.69968e+06 1.11361e+06 586066 321544 264522 904858 208753
internal_count=1699677 1113611 586066 321544 264522 904858 208753
is_linear=0
shrinkage=0.00720685


Tree=43
num_leaves=8
num_cat=0
split_feature=1 1 11 16 1 5 1
split_gain=62.0011 36.938 27.4581 16.0645 15.1799 11.2736 9.44624
threshold=-0.23364705592393872 -3.4009884595870967 0.5647658407688142 -0.23582975566387174 0.47515711188316351 -0.42872039973735804 -0.38898986577987665
decision_type=2 2 8 2 2 8 2
left_child=1 3 5 -1 -4 -2 -3
right_child=2 6 4 -5 -6 -7 -8
leaf_value=0.00018517905921554241 -4.8056923995454451e-05 0.00015823608002250308 -3.6982246090066022e-05 -0.00010992500656180121 -0.00012518442884783412 1.4929340862510466e-05 5.3816407099409434e-05
leaf_weight=11604 184355 186083 311372 54933 150248 740116 59351
leaf_count=11604 184355 186083 311372 54933 150248 740116 59351
internal_value=3.62433e-07 9.21548e-05 -2.02975e-05 -5.84568e-05 -6.56905e-05 2.36876e-06 0.000132986
internal_weight=1.69806e+06 311971 1.38609e+06 66537 461620 924471 245434
internal_count=1698062 311971 1386091 66537 461620 924471 245434
is_linear=0
shrinkage=0.00720685


Tree=44
num_leaves=8
num_cat=0
split_feature=0 4 0 9 12 0 24
split_gain=65.6094 24.7635 14.1471 13.5024 7.27148 5.81732 4.74342
threshold=-1.4446150660514829 -0.11800081282854079 0.052694048732519157 -0.11988966166973113 0.34309409558773046 -4.3228039741516104 -1.6577124595642088
decision_type=2 10 2 8 8 2 2
left_child=3 2 -2 5 -3 -1 -5
right_child=1 4 -4 6 -6 -7 -8
leaf_value=-0.00040177301481388907 -5.3626859391800695e-05 5.3215424770999087e-05 8.3494076082387969e-06 0.00021237366772529278 6.3223284683415253e-06 -0.0002170427422595655 -0.00010646213744936679
leaf_weight=11157 330975 565443 453284 2557 246678 42929 46130
leaf_count=11157 330975 565443 453284 2557 246678 42929 46130
internal_value=-2.84342e-07 1.10784e-05 -1.7806e-05 -0.000176782 3.89719e-05 -0.000255156 -8.97128e-05
internal_weight=1.69915e+06 1.59638e+06 784259 102773 812121 54086 48687
internal_count=1699153 1596380 784259 102773 812121 54086 48687
is_linear=0
shrinkage=0.00720685


Tree=45
num_leaves=8
num_cat=0
split_feature=2 10 7 5 2 5 9
split_gain=42.0457 20.749 11.3174 10.006 7.50906 5.2806 4.87462
threshold=-0.98480567336082447 -0.73723283410072316 1.0000000180025095e-35 -0.56853753328323353 -2.4036716222763057 0.17668881267309192 -0.014438111800700424
decision_type=2 10 2 8 2 10 10
left_child=2 5 6 -3 -4 -2 -1
right_child=1 3 4 -5 -6 -7 -8
leaf_value=-0.00010232338536576563 -5.910338887179824e-05 -2.0473653527600677e-05 -0.0002329225460188401 3.7422913496990056e-05 -0.00010566575813795659 -5.0613746174817958e-06 6.6209327067881719e-05
leaf_weight=13890 199326 185052 30684 955948 111970 177571 24877
leaf_count=13890 199326 185052 30684 955948 111970 177571 24877
internal_value=3.25409e-07 1.27189e-05 -0.000103367 2.8033e-05 -0.000133039 -3.36422e-05 5.82331e-06
internal_weight=1.69932e+06 1.5179e+06 181421 1.141e+06 142654 376897 38767
internal_count=1699318 1517897 181421 1141000 142654 376897 38767
is_linear=0
shrinkage=0.00720685


Tree=46
num_leaves=8
num_cat=0
split_feature=0 3 0 0 8 19 23
split_gain=63.1445 27.6275 14.9108 11.5854 11.4761 8.79558 4.25418
threshold=-1.4446150660514829 0.16039007157087329 0.052694048732519157 -4.3228039741516104 0.34828017652034765 -1.5951603651046751 -0.048568688333034508
decision_type=2 8 2 2 8 10 8
left_child=3 4 -3 6 -2 -5 -1
right_child=1 2 -4 5 -6 -7 -8
leaf_value=-0.00044573065098683234 2.279180473808334e-05 -5.8381501223367236e-05 6.969876583178864e-06 6.1351014563439094e-05 8.1701076877394556e-05 -0.00016322699112999103 -0.00023512882087834618
leaf_weight=8873 615708 316240 425080 10355 238210 72268 11371
leaf_count=8873 615708 316240 425080 10355 238210 72268 11371
internal_value=1.20822e-07 1.12807e-05 -2.09084e-05 -0.000172942 3.92253e-05 -0.00013508 -0.000327454
internal_weight=1.6981e+06 1.59524e+06 741320 102867 853918 82623 20244
internal_count=1698105 1595238 741320 102867 853918 82623 20244
is_linear=0
shrinkage=0.00720685


Tree=47
num_leaves=8
num_cat=0
split_feature=0 1 0 4 2 19 1
split_gain=63.0382 48.565 43.8311 19.6361 12.1585 6.71774 4.13236
threshold=-2.0593975782394405 -0.27603577077388758 0.052694048732519157 -0.11800081282854079 -1.4081666469573972 -1.5951603651046751 1.4050957560539248
decision_type=2 2 2 8 2 10 2
left_child=4 2 -2 -3 6 -6 -1
right_child=1 3 -4 -5 5 -7 -8
leaf_value=-0.00041437784821108325 -5.6850480514449431e-05 -3.8639450263760352e-05 0.00014445252010480584 1.6600784198337347e-05 4.1985356002982897e-05 -0.00018800488688549299 -0.00019718596625809722
leaf_weight=16047 75750 643919 217432 694911 7989 37822 6355
leaf_count=16047 75750 643919 217432 694911 7989 37822 6355
internal_value=-5.41722e-07 8.42984e-06 9.24414e-05 -9.96736e-06 -0.000215186 -0.000147896 -0.000352777
internal_weight=1.70022e+06 1.63201e+06 293182 1.33883e+06 68213 45811 22402
internal_count=1700225 1632012 293182 1338830 68213 45811 22402
is_linear=0
shrinkage=0.00720685


Tree=48
num_leaves=8
num_cat=0
split_feature=0 1 0 2 10 19 0
split_gain=59.909 44.3177 43.3548 18.2874 15.5605 12.3329 6.29463
threshold=-1.0785772800445554 -0.29150286316871638 0.056023648008704192 -0.79810956120491017 -0.64174216985702504 -1.5951603651046751 -3.7719615697860713
decision_type=2 2 2 2 8 10 2
left_child=3 2 -2 6 -3 -5 -1
right_child=1 4 -4 5 -6 -7 -8
leaf_value=-0.00036104197653361438 -5.0247660763610868e-05 -4.5204558086893738e-05 0.00014860062666388426 0.00014974968401597761 1.0633511127836034e-05 -0.00010968631560867362 -0.00019437971312819392
leaf_weight=16526 78475 361716 207603 11067 914688 67909 40924
leaf_count=16526 78475 361716 207603 11067 914688 67909 40924
internal_value=3.34684e-07 1.29806e-05 9.40538e-05 -0.000144497 -5.19026e-06 -7.33296e-05 -0.000242327
internal_weight=1.69891e+06 1.56248e+06 286078 136426 1.2764e+06 78976 57450
internal_count=1698908 1562482 286078 136426 1276404 78976 57450
is_linear=0
shrinkage=0.00720685


Tree=49
num_leaves=8
num_cat=0
split_feature=0 1 0 4 7 0 24
split_gain=61.6754 44.9249 43.4717 15.9413 14.4649 7.32672 7.05742
threshold=-1.0785772800445554 -0.29150286316871638 0.056023648008704192 0.039102453738451011 -1.0000000180025095e-35 -4.3228039741516104 -1.1823428273200987
decision_type=2 2 2 10 2 2 2
left_child=4 2 -2 -3 6 -6 -1
right_child=1 3 -4 -5 5 -7 -8
leaf_value=0.00017359932345566219 -4.9567077984826348e-05 -2.8837271181922121e-05 0.00014921699318012227 2.2259409159319498e-05 -0.00034758975679927584 -0.00017286751752717706 -8.2484103580927057e-05
leaf_weight=6394 78780 686004 208000 589751 15140 70591 44378
leaf_count=6394 78780 686004 208000 589751 15140 70591 44378
internal_value=2.71321e-07 1.31052e-05 9.46099e-05 -5.21648e-06 -0.000146635 -0.000203727 -5.0231e-05
internal_weight=1.69904e+06 1.56254e+06 286780 1.27576e+06 136503 85731 50772
internal_count=1699038 1562535 286780 1275755 136503 85731 50772
is_linear=0
shrinkage=0.00720685


Tree=50
num_leaves=8
num_cat=0
split_feature=0 1 0 9 3 0 7
split_gain=57.3449 41.3611 41.7262 17.7713 16.417 8.99178 7.58491
threshold=-0.86990204453468312 -0.27603577077388758 0.056023648008704192 -0.035489175468683236 0.23808770626783374 -2.9555821418762203 0.38384164869785314
decision_type=2 2 2 8 8 2 2
left_child=3 2 -2 5 -3 -1 -5
right_child=1 4 -4 6 -6 -7 -8
leaf_value=-0.00032099510611344222 -5.0683136155027739e-05 1.7571356903923606e-05 0.00014332791832428489 -1.0810769516794552e-05 -3.5757531916543835e-05 -0.00015468148153712158 -0.00018705282887947016
leaf_weight=22916 78826 732458 213579 60348 507592 64163 16057
leaf_count=22916 78826 732458 213579 60348 507592 64163 16057
internal_value=2.35484e-07 1.39233e-05 9.10267e-05 -0.000128069 -4.25785e-06 -0.000198452 -4.78514e-05
internal_weight=1.69594e+06 1.53246e+06 292405 163484 1.24005e+06 87079 76405
internal_count=1695939 1532455 292405 163484 1240050 87079 76405
is_linear=0
shrinkage=0.00720685


Tree=51
num_leaves=8
num_cat=0
split_feature=0 1 0 3 9 0 7
split_gain=58.8212 42.9229 41.1189 16.6921 15.9665 8.4929 6.7435
threshold=-1.0785772800445554 -0.29150286316871638 0.056023648008704192 0.14117404073476794 0.088756572455167784 -2.9555821418762203 0.32791088521480566
decision_type=2 2 2 8 8 2 2
left_child=4 2 -2 -3 5 -1 -6
right_child=1 3 -4 -5 6 -7 -8
leaf_value=-0.00032554606661786922 -4.7992283875858527e-05 1.8729806664023786e-05 0.00014557502282834916 -3.3640391135117164e-05 -1.0794194021051182e-05 -0.00016132439628834664 -0.00018940478375657671
leaf_weight=23605 78476 698161 208268 577648 44907 53279 14531
leaf_count=23605 78476 698161 208268 577648 44907 53279 14531
internal_value=3.99735e-07 1.29253e-05 9.25995e-05 -4.98183e-06 -0.00014317 -0.000211748 -5.44625e-05
internal_weight=1.69888e+06 1.56255e+06 286744 1.27581e+06 136322 76884 59438
internal_count=1698875 1562553 286744 1275809 136322 76884 59438
is_linear=0
shrinkage=0.00720685


Tree=52
num_leaves=8
num_cat=0
split_feature=0 1 0 3 2 19 1
split_gain=56.5094 44.479 39.8151 19.2312 13.9858 9.89772 5.23485
threshold=-1.5466667413711546 -0.2621766179800033 0.052694048732519157 0.030539055354893211 -1.2643821239471433 -1.5951603651046751 1.294856131076813
decision_type=2 2 2 8 2 10 2
left_child=4 2 -2 -3 6 -6 -1
right_child=1 3 -4 -5 5 -7 -8
leaf_value=-0.0003562351493244488 -5.3285150651418094e-05 1.9859110447779148e-05 0.00013791242372561822 -3.5477105587399751e-05 9.7159627369741643e-05 -0.00014839209319612558 -0.00015214640123852383
leaf_weight=21951 75778 647472 223143 657384 10129 53846 9294
leaf_count=21951 75778 647472 223143 657384 10129 53846 9294
internal_value=1.88279e-08 1.01464e-05 8.94428e-05 -8.01916e-06 -0.000170556 -0.000109513 -0.000295535
internal_weight=1.699e+06 1.60378e+06 298921 1.30486e+06 95220 63975 31245
internal_count=1698997 1603777 298921 1304856 95220 63975 31245
is_linear=0
shrinkage=0.00720685


Tree=53
num_leaves=8
num_cat=0
split_feature=0 1 0 3 9 0 0
split_gain=55.5842 40.4408 39.7156 17.9635 15.6221 8.76766 6.0361
threshold=-1.0785772800445554 -0.2621766179800033 0.052694048732519157 0.17045571655035022 0.35784676671028143 -4.3228039741516104 -3.3068820238113399
decision_type=2 2 2 8 8 2 2
left_child=4 2 -2 -3 5 -1 -6
right_child=1 3 -4 -5 6 -7 -8
leaf_value=-0.00037728817062919337 -5.4390066850773824e-05 1.889827423643268e-05 0.00013662072828758687 -3.58226267045133e-05 -0.000175430866269414 -0.00016916223358731176 4.2402943076547985e-06
leaf_weight=12300 75812 706030 222368 557711 12938 72375 38934
leaf_count=12300 75812 706030 222368 557711 12938 72375 38934
internal_value=3.71892e-07 1.25619e-05 8.80563e-05 -5.251e-06 -0.000139065 -0.000199399 -4.05755e-05
internal_weight=1.69847e+06 1.56192e+06 298180 1.26374e+06 136547 84675 51872
internal_count=1698468 1561921 298180 1263741 136547 84675 51872
is_linear=0
shrinkage=0.00720685


Tree=54
num_leaves=8
num_cat=0
split_feature=0 1 0 2 3 19 0
split_gain=56.1645 38.9989 41.0629 19.8147 15.5917 10.8599 7.27115
threshold=-0.86990204453468312 -0.29150286316871638 0.056023648008704192 -0.73783153295516957 0.17045571655035022 -1.5951603651046751 -3.7719615697860713
decision_type=2 2 2 2 8 10 2
left_child=3 2 -2 6 -3 -5 -1
right_child=1 4 -4 5 -6 -7 -8
leaf_value=-0.00034939515440901917 -5.1281625463940805e-05 1.8241238498807408e-05 0.00014222004132213159 0.00014092246551971455 -3.3103702627352809e-05 -8.933666685292264e-05 -0.00017777916580836154
leaf_weight=17071 78515 702664 207474 12192 545762 83449 51547
leaf_count=17071 78515 702664 207474 12192 545762 83449 51547
internal_value=-3.73548e-07 1.3185e-05 8.90963e-05 -0.00012703 -4.20471e-06 -5.99826e-05 -0.000220479
internal_weight=1.69867e+06 1.53442e+06 285989 164259 1.24843e+06 95641 68618
internal_count=1698674 1534415 285989 164259 1248426 95641 68618
is_linear=0
shrinkage=0.00720685


Tree=55
num_leaves=8
num_cat=0
split_feature=0 11 2 8 0 19 0
split_gain=53.4125 23.4941 14.1026 10.6882 9.26173 9.11826 3.73644
threshold=-1.5466667413711546 0.68888410925865184 -1.3100513219833372 0.34828017652034765 0.052694048732519157 -1.5951603651046751 -3.3068820238113399
decision_type=2 8 2 10 2 10 2
left_child=2 3 6 -2 -3 -4 -1
right_child=1 4 5 -5 -6 -7 -8
leaf_value=-0.00037719750805184957 1.4315130462008522e-05 -6.6165628581782817e-05 9.069313119075644e-05 6.428706334137822e-05 -2.3262901889841909e-06 -0.00014301348539159608 -0.00021622718978019816
leaf_weight=14674 826159 225308 10287 304138 247907 55166 15311
leaf_count=14674 826159 225308 10287 304138 247907 55166 15311
internal_value=5.38649e-08 9.9122e-06 -0.00016558 2.77615e-05 -3.27217e-05 -0.000106282 -0.000295013
internal_weight=1.69895e+06 1.60351e+06 95438 1.1303e+06 473215 65453 29985
internal_count=1698950 1603512 95438 1130297 473215 65453 29985
is_linear=0
shrinkage=0.00720685


Tree=56
num_leaves=8
num_cat=0
split_feature=0 11 2 8 0 9 0
split_gain=52.4624 21.8615 12.8473 10.6336 9.31216 9.12565 3.291
threshold=-1.5466667413711546 0.73797410726547252 -1.4081666469573972 0.27133612334728247 0.052694048732519157 0.37506796419620519 -3.3068820238113399
decision_type=2 8 2 10 2 8 2
left_child=2 3 6 -2 -3 -4 -1
right_child=1 4 5 -5 -6 -7 -8
leaf_value=-0.00037377079438649213 1.2097276775197014e-05 -6.7388919138448172e-05 -0.00018309566212980537 6.000811392290274e-05 -1.2745728595058614e-06 -1.4160558480254281e-05 -0.00021663593617238369
leaf_weight=13797 820013 214955 38761 340516 228030 29059 13908
leaf_count=13797 820013 214955 38761 340516 228030 29059 13908
internal_value=-5.98853e-08 9.71453e-06 -0.000164135 2.61551e-05 -3.33562e-05 -0.000110713 -0.0002949
internal_weight=1.69904e+06 1.60351e+06 95525 1.16053e+06 442985 67820 27705
internal_count=1699039 1603514 95525 1160529 442985 67820 27705
is_linear=0
shrinkage=0.00720685


Tree=57
num_leaves=8
num_cat=0
split_feature=1 2 1 11 1 9 4
split_gain=50.8951 35.2165 34.5394 14.3862 11.8509 9.26992 8.17077
threshold=-0.23364705592393872 -0.95648938417434681 -3.6898988485336299 0.5647658407688142 0.49903479218482977 0.007018445525318385 -2.4684848785400386
decision_type=2 2 2 8 2 8 10
left_child=2 4 5 -3 -2 -1 -4
right_child=1 3 6 -5 -6 -7 -8
leaf_value=-0.00030090630353154889 -4.9265065407019444e-05 9.3530522840597128e-06 8.3783477185405811e-06 -4.4079544191863538e-05 -0.00018037710543627208 -3.1436200596440881e-05 0.00012086500491166414
leaf_weight=13270 62077 865185 38807 375211 84613 13252 247103
leaf_count=13270 62077 865185 38807 375211 84613 13252 247103
internal_value=-5.80357e-07 -1.92978e-05 8.25182e-05 -6.80993e-06 -0.000124893 -0.00016627 0.000105597
internal_weight=1.69952e+06 1.38709e+06 312432 1.2404e+06 146690 26522 285910
internal_count=1699518 1387086 312432 1240396 146690 26522 285910
is_linear=0
shrinkage=0.00720685


Tree=58
num_leaves=8
num_cat=0
split_feature=0 3 2 0 8 19 0
split_gain=51.2893 20.9 16.6323 10.9446 10.7385 10.1468 5.84731
threshold=-1.0785772800445554 0.3666186928749085 -0.71932005882263172 0.052694048732519157 0.34828017652034765 -1.5951603651046751 -3.7719615697860713
decision_type=2 8 2 2 10 10 2
left_child=2 4 6 -3 -2 -4 -1
right_child=1 3 5 -5 -6 -7 -8
leaf_value=-0.00033650493922766255 1.7180076671318337e-05 -5.7546358832204375e-05 0.00014330453205534392 4.8599435687775359e-06 7.07248867155932e-05 -9.6617856084205356e-05 -0.00017893893913230934
leaf_weight=16973 697670 257618 10646 336759 269755 65353 43823
leaf_count=16973 697670 257618 10646 336759 269755 65353 43823
internal_value=-2.74404e-07 1.14458e-05 -0.000134085 -2.21885e-05 3.21105e-05 -6.30076e-05 -0.000222933
internal_weight=1.6986e+06 1.5618e+06 136795 594377 967425 75999 60796
internal_count=1698597 1561802 136795 594377 967425 75999 60796
is_linear=0
shrinkage=0.00720685


Tree=59
num_leaves=8
num_cat=0
split_feature=1 0 0 3 6 1 7
split_gain=53.6672 43.0506 32.5445 21.336 15.274 11.7331 6.63597
threshold=-0.19698543101549146 -2.4328616857528682 0.052694048732519157 0.3173282146453858 inf -0.4619456678628921 0.60043510794639599
decision_type=2 2 2 8 8 2 2
left_child=2 6 4 -3 -1 -4 -2
right_child=1 3 5 -5 -6 -7 -8
leaf_value=1.6908191704459908e-05 -0.00014944840518014361 1.150867947887216e-05 0.00015846594255922308 -4.7926714561185038e-05 -0.00020621872445740445 5.674542402670745e-05 -0.00030985710973751516
leaf_weight=55772 31151 792900 161535 519053 22307 92695 23505
leaf_count=55772 31151 792900 161535 519053 22307 92695 23505
internal_value=-2.88215e-07 -2.02621e-05 8.18535e-05 -1.2006e-05 -4.68401e-05 0.000121378 -0.000218437
internal_weight=1.69892e+06 1.36661e+06 332309 1.31195e+06 78079 254230 54656
internal_count=1698918 1366609 332309 1311953 78079 254230 54656
is_linear=0
shrinkage=0.00720685


Tree=60
num_leaves=8
num_cat=0
split_feature=2 10 7 5 2 4 21
split_gain=37.0802 19.3166 9.81575 9.71548 6.29117 5.12782 4.56661
threshold=-1.0413817167282102 -0.67906898260116566 1.0000000180025095e-35 -0.54642629623413075 -2.4036716222763057 -0.11800081282854079 1.1998715400695803
decision_type=2 10 2 10 2 10 8
left_child=2 5 6 -3 -4 -2 -1
right_child=1 3 4 -5 -6 -7 -8
leaf_value=-6.9963584563174471e-05 -4.7212429476054825e-05 -2.0500900104322593e-05 -0.00021974221465728501 3.6706123202982061e-05 -0.00010230854205600431 7.3146296591066571e-06 9.3581310861380634e-05
leaf_weight=19333 288278 184964 30835 926713 102329 129959 16380
leaf_count=19333 288278 184964 30835 926713 102329 129959 16380
internal_value=2.93975e-07 1.14806e-05 -0.000101049 2.71878e-05 -0.000129503 -3.02692e-05 5.04712e-06
internal_weight=1.69879e+06 1.52991e+06 168877 1.11168e+06 133164 418237 35713
internal_count=1698791 1529914 168877 1111677 133164 418237 35713
is_linear=0
shrinkage=0.00720685


Tree=61
num_leaves=8
num_cat=0
split_feature=0 1 0 4 9 1 0
split_gain=53.1396 41.2817 38.956 15.8334 11.0519 4.98715 4.87174
threshold=-1.5466667413711546 -0.29150286316871638 0.052694048732519157 0.039102453738451011 -0.11988966166973113 1.4050957560539248 -3.7719615697860713
decision_type=2 2 2 8 8 2 2
left_child=4 2 -2 -3 6 -6 -1
right_child=1 3 -4 -5 5 -7 -8
leaf_value=-0.00034813395965525097 -5.2693933926753029e-05 -3.0566691562068487e-05 0.00013809877316357951 1.9597285039763025e-05 -0.00012100142687847772 7.0079004990444477e-05 -0.00019292340290865377
leaf_weight=14929 75433 712260 211216 603859 36093 8829 35457
leaf_count=14929 75433 712260 211216 603859 36093 8829 35457
internal_value=-3.12409e-07 9.51879e-06 8.78907e-05 -7.55054e-06 -0.00016564 -8.34451e-05 -0.000238917
internal_weight=1.69808e+06 1.60277e+06 286649 1.31612e+06 95308 44922 50386
internal_count=1698076 1602768 286649 1316119 95308 44922 50386
is_linear=0
shrinkage=0.00720685


Tree=62
num_leaves=8
num_cat=0
split_feature=2 4 5 15 2 16 16
split_gain=38.0987 16.2686 8.13341 7.37415 8.70007 6.19728 3.55582
threshold=-0.98480567336082447 0.18318018317222598 0.17668881267309192 -0.19501540809869763 -2.4036716222763057 -1.9582815766334531 -0.2411738187074661
decision_type=2 10 10 2 2 2 2
left_child=3 2 -2 4 -1 -3 -5
right_child=1 5 -4 6 -6 -7 -8
leaf_value=-0.00030913711441353232 -2.8483328400213515e-05 -0.00017665656572032648 1.4982332323912222e-05 4.2143301458528773e-05 -0.00011398942802239331 4.2606737146708804e-05 -7.3627214325476886e-05
leaf_weight=13919 469478 6768 426936 17158 80427 613997 69964
leaf_count=13919 469478 6768 426936 17158 80427 613997 69964
internal_value=5.26804e-08 1.18568e-05 -7.78187e-06 -9.86357e-05 -0.000142783 4.02159e-05 -5.08266e-05
internal_weight=1.69865e+06 1.51718e+06 896414 181468 94346 620765 87122
internal_count=1698647 1517179 896414 181468 94346 620765 87122
is_linear=0
shrinkage=0.00720685


Tree=63
num_leaves=8
num_cat=0
split_feature=1 1 2 11 1 17 1
split_gain=51.4449 33.3436 32.9972 14.0841 11.0583 9.15749 7.8012
threshold=-0.23364705592393872 -3.6898988485336299 -0.95648938417434681 0.5647658407688142 0.49903479218482977 -0.077795989811420427 -2.7510739564895625
decision_type=2 2 2 8 2 2 2
left_child=1 5 4 -4 -2 -1 -3
right_child=2 6 3 -5 -6 -7 -8
leaf_value=4.8940349009269695e-05 -4.8459997442642734e-05 2.8045897842377672e-05 8.9162545535115658e-06 -4.3970003276188065e-05 -0.00017475704935630129 -0.00024731964860138145 0.0001241509413337706
leaf_weight=7617 62583 54139 865465 374800 84799 18775 231295
leaf_count=7617 62583 54139 865465 374800 84799 18775 231295
internal_value=-3.83817e-07 8.32616e-05 -1.91803e-05 -7.06563e-06 -0.000121128 -0.000161816 0.000105923
internal_weight=1.69947e+06 311826 1.38765e+06 1.24026e+06 147382 26392 285434
internal_count=1699473 311826 1387647 1240265 147382 26392 285434
is_linear=0
shrinkage=0.00720685


Tree=64
num_leaves=8
num_cat=0
split_feature=0 1 0 2 3 9 1
split_gain=50.8434 37.4534 37.2072 18.0661 14.2359 12.3809 7.11243
threshold=-0.86990204453468312 -0.30766296386718744 0.056023648008704192 -1.0725118517875669 0.030539055354893211 0.50628289580345165 1.294856131076813
decision_type=2 2 2 2 8 8 2
left_child=3 2 -2 6 -3 -5 -1
right_child=1 4 -4 5 -6 -7 -8
leaf_value=-0.00028342171598655055 -4.5161083829043984e-05 1.9930480639226082e-05 0.00013993339916843343 -0.00013154531165007784 -2.8610653599754491e-05 2.2629216180890927e-05 -9.2631137857181482e-05
leaf_weight=37800 78306 636233 201690 67109 619201 45323 13875
leaf_count=37800 78306 636233 201690 67109 619201 45323 13875
internal_value=-8.81316e-08 1.27987e-05 8.81683e-05 -0.00012066 -4.0108e-06 -6.93954e-05 -0.000232197
internal_weight=1.69954e+06 1.53543e+06 279996 164107 1.25543e+06 112432 51675
internal_count=1699537 1535430 279996 164107 1255434 112432 51675
is_linear=0
shrinkage=0.00720685


Tree=65
num_leaves=8
num_cat=0
split_feature=0 1 0 3 9 0 1
split_gain=50.2822 40.2397 35.3618 17.8432 10.5672 5.86924 4.46571
threshold=-1.5466667413711546 -0.29150286316871638 0.056023648008704192 0.38579490780830389 0.33386990427970892 -4.3228039741516104 1.5351020097732546
decision_type=2 2 2 8 8 2 2
left_child=4 2 -2 -3 5 -1 -6
right_child=1 3 -4 -5 6 -7 -8
leaf_value=-0.00036148292025770787 -4.3076436036114441e-05 1.2672364542397123e-05 0.00013642713602475114 -4.2602620385103339e-05 -9.9198084532965596e-05 -0.0001838570400325545 0.00011948206145406221
leaf_weight=12210 78592 844262 207474 473407 30968 46324 5750
leaf_count=12210 78592 844262 207474 473407 30968 46324 5750
internal_value=7.87998e-08 9.6338e-06 8.71114e-05 -7.18661e-06 -0.000160795 -0.000220915 -6.49501e-05
internal_weight=1.69899e+06 1.60374e+06 286066 1.31767e+06 95252 58534 36718
internal_count=1698987 1603735 286066 1317669 95252 58534 36718
is_linear=0
shrinkage=0.00720685


Tree=66
num_leaves=8
num_cat=0
split_feature=1 2 1 11 1 1 17
split_gain=48.9948 32.6088 30.3537 13.4972 11.0875 9.51855 9.41125
threshold=-0.23364705592393872 -0.95648938417434681 -3.7779737710952754 0.5556529462337495 0.56284543871879589 -3.4009884595870967 -0.077795989811420427
decision_type=2 2 2 8 2 2 2
left_child=2 4 6 -3 -2 -4 -1
right_child=1 3 5 -5 -6 -7 -8
leaf_value=5.0142508304957474e-05 -5.6571555165442173e-05 8.9861028456920084e-06 5.7241127845937495e-06 -4.2597090974747422e-05 -0.00018189293553853703 0.00011749242949292959 -0.00029523559249246777
leaf_weight=5820 71972 860645 47178 379693 74752 245600 13844
leaf_count=5820 71972 860645 47178 379693 74752 245600 13844
internal_value=-4.57761e-07 -1.8823e-05 8.1073e-05 -6.80457e-06 -0.00012042 9.94823e-05 -0.000193014
internal_weight=1.6995e+06 1.38706e+06 312442 1.24034e+06 146724 292778 19664
internal_count=1699504 1387062 312442 1240338 146724 292778 19664
is_linear=0
shrinkage=0.00720685


Tree=67
num_leaves=8
num_cat=0
split_feature=0 4 2 19 5 8 0
split_gain=47.7424 17.8764 17.0912 10.4292 9.76178 7.42144 6.14307
threshold=-0.86990204453468312 0.029520611278712753 -0.71932005882263172 -1.5951603651046751 0.19021481275558474 0.28375205397605902 -3.7719615697860713
decision_type=2 10 2 10 10 10 2
left_child=2 4 6 -4 -2 -3 -1
right_child=1 5 3 -5 -6 -7 -8
leaf_value=-0.00032138990568861915 -3.1082663487426538e-05 2.4026801693829598e-05 0.00014409932779920197 -8.2752002949359408e-05 1.8857550513635413e-05 7.4934473206951703e-05 -0.00016392765619151217
leaf_weight=17112 477991 487943 12063 82558 353735 213953 51913
leaf_count=17112 477991 487943 12063 82558 353735 213953 51913
internal_value=2.74555e-07 1.27604e-05 -0.000116737 -5.38299e-05 -9.84295e-06 3.95447e-05 -0.000202968
internal_weight=1.69727e+06 1.53362e+06 163646 94621 831726 701896 69025
internal_count=1697268 1533622 163646 94621 831726 701896 69025
is_linear=0
shrinkage=0.00720685


Tree=68
num_leaves=8
num_cat=0
split_feature=0 9 11 2 8 0 0
split_gain=46.8486 18.0488 16.8665 9.81299 8.73839 6.68448 6.59521
threshold=-0.86990204453468312 -0.11988966166973113 0.65033817291259777 -0.70178154110908497 0.34828017652034765 -2.9555821418762203 0.052694048732519157
decision_type=2 8 8 2 10 2 2
left_child=1 5 4 -3 -2 -1 -4
right_child=2 3 6 -5 -6 -7 -8
leaf_value=-0.00029518989416086651 1.5913279671392773e-05 -0.00015490193694334684 -5.4119246976324742e-05 1.6916661402445801e-05 6.2297023036313434e-05 -0.0001501723217518149 4.2068631452042696e-07
leaf_weight=22510 775857 25291 204241 54393 289735 61945 264014
leaf_count=22510 775857 25291 204241 54393 289735 61945 264014
internal_value=2.99517e-07 -0.000115421 1.2683e-05 -3.76179e-05 2.85251e-05 -0.000188827 -2.33683e-05
internal_weight=1.69799e+06 164139 1.53385e+06 79684 1.06559e+06 84455 468255
internal_count=1697986 164139 1533847 79684 1065592 84455 468255
is_linear=0
shrinkage=0.00720685


Tree=69
num_leaves=8
num_cat=0
split_feature=4 10 8 16 5 18 8
split_gain=27.1011 13.1128 9.59789 8.87391 6.92226 4.54749 4.37545
threshold=-0.11800081282854079 -0.60274145007133473 0.28375205397605902 -0.23582975566387174 -0.71198424696922291 2.611864566802979 -0.50411090254783619
decision_type=10 10 8 2 8 8 10
left_child=1 3 4 -1 -2 -4 -3
right_child=2 6 5 -5 -6 -7 -8
leaf_value=-8.584371219197176e-06 -7.4285024535028751e-05 -2.9793887800522193e-05 6.0683232688989992e-05 -8.0496859072274116e-05 2.0732094029675611e-05 0.00021417457695974558 1.6574515859529061e-05
leaf_weight=131207 42945 170343 239301 277883 547639 10463 278520
leaf_count=131207 42945 170343 239301 277883 547639 10463 278520
internal_value=5.72455e-07 -2.79199e-05 2.96618e-05 -5.74326e-05 1.38227e-05 6.71141e-05 -1.02221e-06
internal_weight=1.6983e+06 857953 840348 409090 590584 249764 448863
internal_count=1698301 857953 840348 409090 590584 249764 448863
is_linear=0
shrinkage=0.00720685


Tree=70
num_leaves=8
num_cat=0
split_feature=1 0 0 11 1 2 1
split_gain=47.6133 39.3904 33.8727 16.8642 13.7958 8.80836 7.52869
threshold=-0.2621766179800033 -2.4328616857528682 0.056023648008704192 0.5647658407688142 -4.1709091663360587 -1.8537279367446897 -0.51744556427001942
decision_type=2 2 2 8 2 2 2
left_child=2 5 4 -3 -1 -2 -4
right_child=1 3 6 -5 -6 -7 -8
leaf_value=-0.00037616628189597389 -0.00036840887582908891 7.4162734783076646e-06 0.00015870848008106225 -4.7065352847824137e-05 -1.7766345045680073e-05 -0.00015564290362772058 6.921203123048547e-05
leaf_weight=6034 13408 906486 145163 437518 73730 41046 73564
leaf_count=6034 13408 906486 145163 437518 73730 41046 73564
internal_value=-3.81648e-07 -1.80183e-05 8.22475e-05 -1.03193e-05 -4.48831e-05 -0.000208037 0.000128609
internal_weight=1.69695e+06 1.39846e+06 298491 1.344e+06 79764 54454 218727
internal_count=1696949 1398458 298491 1344004 79764 54454 218727
is_linear=0
shrinkage=0.00720685


end of trees

feature_importances:
LOW_TURNOVER=128
LN_TURNOVER=113
INTRADAY_REV10=43
CORD20=37
REV60=28
CORD5=18
MACD_LINE=17
CURRENT_RATIO=17
UP_DOWN_RATIO20=16
RET_AMT_CORR20=15
AMIHUD_20=14
VOL_CV20=11
CORR60=8
RET_VOL_CORR5=6
Q_SALES_YOY=6
CORD60=4
VOL_OF_VOL_20=4
EP=4
MAX_DD60=2
VSTD5=2
CNTD60=2
BP=1
ROE_YOY=1

parameters:
[boosting: gbdt]
[objective: regression]
[metric: l2]
[tree_learner: serial]
[device_type: cpu]
[data_sample_strategy: bagging]
[data: ]
[valid: ]
[num_iterations: 1000]
[learning_rate: 0.00720685]
[num_leaves: 43]
[num_threads: 8]
[seed: 42]
[deterministic: 0]
[force_col_wise: 0]
[force_row_wise: 0]
[histogram_pool_size: -1]
[max_depth: 3]
[min_data_in_leaf: 76]
[min_sum_hessian_in_leaf: 0.001]
[bagging_fraction: 0.712041]
[pos_bagging_fraction: 1]
[neg_bagging_fraction: 1]
[bagging_freq: 1]
[bagging_seed: 400]
[bagging_by_query: 0]
[feature_fraction: 0.587027]
[feature_fraction_bynode: 1]
[feature_fraction_seed: 30056]
[extra_trees: 0]
[extra_seed: 12879]
[early_stopping_round: 0]
[early_stopping_min_delta: 0]
[first_metric_only: 0]
[max_delta_step: 0]
[lambda_l1: 0.0035701]
[lambda_l2: 0.944352]
[linear_lambda: 0]
[min_gain_to_split: 0]
[drop_rate: 0.1]
[max_drop: 50]
[skip_drop: 0.5]
[xgboost_dart_mode: 0]
[uniform_drop: 0]
[drop_seed: 17869]
[top_rate: 0.2]
[other_rate: 0.1]
[min_data_per_group: 100]
[max_cat_threshold: 32]
[cat_l2: 10]
[cat_smooth: 10]
[max_cat_to_onehot: 4]
[top_k: 20]
[monotone_constraints: ]
[monotone_constraints_method: basic]
[monotone_penalty: 0]
[feature_contri: ]
[forcedsplits_filename: ]
[refit_decay_rate: 0.9]
[cegb_tradeoff: 1]
[cegb_penalty_split: 0]
[cegb_penalty_feature_lazy: ]
[cegb_penalty_feature_coupled: ]
[path_smooth: 0]
[interaction_constraints: ]
[verbosity: -1]
[saved_feature_importance_type: 0]
[use_quantized_grad: 0]
[num_grad_quant_bins: 4]
[quant_train_renew_leaf: 0]
[stochastic_rounding: 1]
[linear_tree: 0]
[max_bin: 255]
[max_bin_by_feature: ]
[min_data_in_bin: 3]
[bin_construct_sample_cnt: 200000]
[data_random_seed: 175]
[is_enable_sparse: 1]
[enable_bundle: 1]
[use_missing: 1]
[zero_as_missing: 0]
[feature_pre_filter: 1]
[pre_partition: 0]
[two_round: 0]
[header: 0]
[label_column: ]
[weight_column: ]
[group_column: ]
[ignore_column: ]
[categorical_feature: ]
[forcedbins_filename: ]
[precise_float_parser: 0]
[parser_config_file: ]
[objective_seed: 16083]
[num_class: 1]
[is_unbalance: 0]
[scale_pos_weight: 1]
[sigmoid: 1]
[boost_from_average: 1]
[reg_sqrt: 0]
[alpha: 0.9]
[fair_c: 1]
[poisson_max_delta_step: 0.7]
[tweedie_variance_power: 1.5]
[lambdarank_truncation_level: 30]
[lambdarank_norm: 1]
[label_gain: ]
[lambdarank_position_bias_regularization: 0]
[eval_at: ]
[multi_error_top_k: 1]
[auc_mu_weights: ]
[num_machines: 1]
[local_listen_port: 12400]
[time_out: 120]
[machine_list_filename: ]
[machines: ]
[gpu_platform_id: -1]
[gpu_device_id: -1]
[gpu_use_dp: 0]
[num_gpu: 1]

end of parameters

pandas_categorical:[]
