tree
version=v4
num_class=1
num_tree_per_iteration=1
label_index=0
max_feature_idx=24
objective=regression
feature_names=LOW_TURNOVER LN_TURNOVER CORR20 VOL_CV20 RET_AMT_CORR20 KLOW CONSEC_UP5 CORD60 RET_VOL_CORR5 OBV_CHG_20 CORD5 AMIHUD_20 VOL_OF_VOL_20 CORR60 VOL_PRICE_DIVERGENCE BP EP CNTD10 IMAX60 WVMA30 MAX_DD60 CNTD60 Q_SALES_YOY VSTD5 NEG_SKEW_20
feature_infos=[-6.8478446006774902:3.2287743091583252] [-3.7943730354309082:4.8443899154663086] [-4.549614429473877:6.226219654083252] [-6.4254374504089355:2.964000940322876] [-5.3239827156066895:4.2460794448852539] [-3.5607089996337891:6.2304067611694336] [-7.016624927520752:3.3928885459899902] [-3.8356931209564209:5.1536736488342285] [-5.8801121711730957:6.1173462867736816] [-7.7856388092041016:8.5610780715942383] [-5.934603214263916:5.5605044364929199] [-2.8391940593719482:7.1536798477172852] [-6.5766854286193848:3.1049227714538574] [-4.9166388511657715:4.9625382423400879] [-3.5200934410095215:3.5982351303100586] [-4.8315534591674805:7.3492598533630371] [-5.3664474487304688:6.7895731925964355] [-3.638472318649292:4.5610404014587402] [-5.5540027618408203:7.0493817329406738] [-3.0104749202728271:7.4521021842956543] [-3.6789512634277344:6.8809933662414551] [-3.6736466884613037:3.6646449565887451] [-4.8105783462524414:6.483302116394043] [-3.2747089862823486:6.0703597068786621] [-4.0685491561889648:3.8435213565826416]
tree_sizes=914 935 937 918 927 934 927 934 933 935 931 932 935 936

Tree=0
num_leaves=8
num_cat=0
split_feature=0 18 0 0 6 18 6
split_gain=94.3784 34.9051 34.8253 15.1594 7.19384 7.00258 2.2296
threshold=-2.7948952913284297 -1.2376158237457273 0.39504975080490118 -5.2746951580047599 -0.89664524793624867 -2.3342200517654415 -4.1369175910949698
decision_type=2 10 2 2 2 8 2
left_child=3 5 -3 6 -5 -2 -1
right_child=1 2 -4 4 -6 -7 -8
leaf_value=0.015203750985626067 0.015992295782757897 0.015874840770714028 0.015933864806316127 0.015608606175438898 0.015779092265979264 0.015796488543161017 0.015433989129643749
leaf_weight=3408 9891 1468612 803111 41969 18534 231280 6124
leaf_count=3408 9891 1468612 803111 41969 18534 231280 6124
internal_value=0.0158797 0.015887 0.0158957 0.0156187 0.0156608 0.0158045 0.0153516
internal_weight=2.58293e+06 2.51289e+06 2.27172e+06 70035 60503 241171 9532
internal_count=2582929 2512894 2271723 70035 60503 241171 9532
is_linear=0
shrinkage=1


Tree=1
num_leaves=8
num_cat=0
split_feature=0 5 0 0 18 6 17
split_gain=91.4625 58.2975 36.5791 15.0888 9.21707 6.25634 1.98686
threshold=-2.7948952913284297 inf 0.34776720404624945 -5.2746951580047599 2.6813780069351201 -2.4765390157699581 -0.69038608670234669
decision_type=2 8 2 2 10 2 2
left_child=3 2 -2 6 -3 -5 -1
right_child=1 4 -4 5 -6 -7 -8
leaf_value=-0.00017206375110373056 -1.6721119234216306e-05 0.00027660596248810584 3.9288714217058434e-05 -0.00031189325388805825 0.0011950764149484061 -0.00015934992530126278 -0.00055444215151363729
leaf_weight=769 1485432 740 1022477 21981 2444 38304 8759
leaf_count=769 1485432 740 1022477 21981 2444 38304 8759
internal_value=1.98085e-07 7.35162e-06 6.11414e-06 -0.000257103 0.000981766 -0.000214974 -0.000523603
internal_weight=2.58091e+06 2.51109e+06 2.50791e+06 69813 3184 60285 9528
internal_count=2580906 2511093 2507909 69813 3184 60285 9528
is_linear=0
shrinkage=0.00720685


Tree=2
num_leaves=8
num_cat=0
split_feature=1 0 10 0 6 2 6
split_gain=91.2222 29.5043 27.7686 20.7979 9.37253 5.31569 1.93701
threshold=1.7369001507759096 0.43073759973049169 inf -5.2746951580047599 -2.4765390157699581 2.1796083450317387 -4.1369175910949698
decision_type=2 2 8 2 2 10 2
left_child=1 2 -1 6 -5 -3 -2
right_child=3 5 -4 4 -6 -7 -8
leaf_value=-8.5925727841126156e-06 -0.00064088885619356889 4.502756103072413e-05 0.000794389242777244 -0.00025891712741444011 -0.00011901651016341124 0.00088667346322880865 -0.00042681754586094002
leaf_weight=1609764 3425 828928 2239 33618 95616 389 6156
leaf_count=1609764 3425 828928 2239 33618 95616 389 6156
internal_value=2.75037e-07 1.04934e-05 -7.47679e-06 -0.000179433 -0.000155411 4.54234e-05 -0.000503402
internal_weight=2.58014e+06 2.44132e+06 1.612e+06 138815 129234 829317 9581
internal_count=2580135 2441320 1612003 138815 129234 829317 9581
is_linear=0
shrinkage=0.00720685


Tree=3
num_leaves=8
num_cat=0
split_feature=5 11 19 18 20 11 18
split_gain=67.3866 70.1199 35.44 32.0811 37.8706 9.89433 6.99846
threshold=inf 3.5350842475891118 3.4970531463623051 -1.2376158237457273 1.5421896576881411 2.4540705680847172 -2.3342200517654415
decision_type=8 10 10 10 8 10 8
left_child=3 5 -3 6 -5 -2 -1
right_child=1 2 -4 4 -6 -7 -8
leaf_value=0.00010499662759640869 0.00067499045256745138 0.0087769294401020131 0.0023076454834356996 1.5252808155548259e-05 -9.1905799978685233e-05 0.0023128117614324697 -8.8119211445591235e-05
leaf_weight=10169 2794 85 92 2147064 186142 205 234225
leaf_count=10169 2794 85 92 2147064 186142 205 234225
internal_value=-2.32113e-07 0.00104873 0.0054446 -1.52499e-06 6.7037e-06 0.000787647 -8.00834e-05
internal_weight=2.58078e+06 3176 177 2.5776e+06 2.33321e+06 2999 244394
internal_count=2580776 3176 177 2577600 2333206 2999 244394
is_linear=0
shrinkage=0.00720685


Tree=4
num_leaves=8
num_cat=0
split_feature=1 23 11 18 0 6 6
split_gain=92.1484 61.6465 55.135 32.0855 22.1873 8.05581 2.21343
threshold=1.7820219397544863 inf 2.4540705680847172 -1.2934334278106687 -5.2746951580047599 -2.9348989725112911 -4.1369175910949698
decision_type=2 8 8 8 2 2 2
left_child=1 3 -3 -1 6 -6 -2
right_child=4 2 -4 -5 5 -7 -8
leaf_value=-7.7128006304099154e-05 -0.00066934852212620387 0.0006556187417866646 0.0035601088365479136 1.6940855503868082e-05 -0.0002766858364466347 -0.0001303751168621122 -0.00043984484409482382
leaf_weight=205592 3400 2937 383 2242232 24614 94940 6134
leaf_count=205592 3400 2937 383 2242232 24614 94940 6134
internal_value=4.87539e-07 1.03713e-05 0.00099161 9.04e-06 -0.000187185 -0.0001605 -0.000521751
internal_weight=2.58023e+06 2.45114e+06 3320 2.44782e+06 129088 119554 9534
internal_count=2580232 2451144 3320 2447824 129088 119554 9534
is_linear=0
shrinkage=0.00720685


Tree=5
num_leaves=8
num_cat=0
split_feature=1 5 11 0 0 5 17
split_gain=87.0443 62.7355 74.6165 30.9773 22.0544 6.60896 2.06218
threshold=1.7369001507759096 inf 3.5350842475891118 0.42633529007434851 -5.2746951580047599 1.5266405344009402 0.16429014503955844
decision_type=2 8 10 2 2 10 2
left_child=1 3 -3 -1 6 -6 -2
right_child=4 2 -4 -5 5 -7 -8
leaf_value=-9.7486199308280808e-06 -0.0003348190342809446 0.00074545137879378166 0.0054732944557621191 4.4305581124412538e-05 -0.00011986681055383737 -0.00023692647947615516 -0.00057379282658181422
leaf_weight=1599777 2572 3032 183 839666 95123 34008 6983
leaf_count=1599777 2572 3032 183 839666 95123 34008 6983
internal_value=2.11243e-07 1.01832e-05 0.0010161 8.85705e-06 -0.000175422 -0.000150697 -0.000509508
internal_weight=2.58134e+06 2.44266e+06 3215 2.43944e+06 138686 129131 9555
internal_count=2581344 2442658 3215 2439443 138686 129131 9555
is_linear=0
shrinkage=0.00720685


Tree=6
num_leaves=8
num_cat=0
split_feature=0 23 11 0 0 6 6
split_gain=84.4838 67.369 66.0966 32.8023 14.6473 6.04577 1.83252
threshold=-2.7948952913284297 inf 2.4540705680847172 0.34776720404624945 -5.2746951580047599 -0.10167109966278075 -4.1369175910949698
decision_type=2 8 8 2 2 2 2
left_child=4 3 -3 -2 6 -6 -1
right_child=1 2 -4 -5 5 -7 -8
leaf_value=-0.00064259249787665623 -1.569062408202783e-05 0.000667594879888054 0.0038738104519735169 3.7351602889311894e-05 -0.0002346274325521842 -2.6794619910179597e-05 -0.00043425715580037647
leaf_weight=3437 1484759 2997 375 1022626 51727 8459 6102
leaf_count=3437 1484759 2997 375 1022626 51727 8459 6102
internal_value=4.39723e-07 7.31163e-06 0.00102515 5.94241e-06 -0.00024701 -0.000205418 -0.000509381
internal_weight=2.58048e+06 2.51076e+06 3372 2.50738e+06 69725 60186 9539
internal_count=2580482 2510757 3372 2507385 69725 60186 9539
is_linear=0
shrinkage=0.00720685


Tree=7
num_leaves=8
num_cat=0
split_feature=0 5 0 0 18 6 6
split_gain=86.1004 60.2658 34.4677 12.4606 10.7636 6.44141 2.46701
threshold=-2.7948952913284297 inf 0.34776720404624945 -5.2746951580047599 2.6813780069351201 -1.3820210099220274 -4.1369175910949698
decision_type=2 8 2 2 10 2 2
left_child=3 2 -2 6 -3 -5 -1
right_child=1 4 -4 5 -6 -7 -8
leaf_value=-0.00065020532349321751 -1.675393482205924e-05 0.00023994331574294094 3.7616034779644165e-05 -0.00027413149942961121 0.0012180493085476307 -0.00012300442824497081 -0.00040660604041274032
leaf_weight=3357 1484966 765 1022660 35486 2482 24951 6082
leaf_count=3357 1484966 765 1022660 35486 2482 24951 6082
internal_value=-2.54379e-07 6.68993e-06 5.41922e-06 -0.000249783 0.00098775 -0.000211743 -0.000493302
internal_weight=2.58075e+06 2.51087e+06 2.50763e+06 69876 3247 60437 9439
internal_count=2580749 2510873 2507626 69876 3247 60437 9439
is_linear=0
shrinkage=0.00720685


Tree=8
num_leaves=8
num_cat=0
split_feature=0 23 0 17 0 17 17
split_gain=84.3682 51.5048 34.2082 15.4792 12.2968 6.189 2.15919
threshold=-2.7948952913284297 inf 0.35213886201381689 2.4132994413375859 -5.2746951580047599 0.51841935515403759 0.16429014503955844
decision_type=2 8 2 2 2 2 2
left_child=4 2 -2 -3 6 -6 -1
right_child=1 3 -4 -5 5 -7 -8
leaf_value=-0.00030642457377848357 -1.6097761867388555e-05 0.00081909731202023254 3.8160633347247634e-05 0.0039016896775491616 -0.00013496971545535121 -0.00028060399062125276 -0.00055181403939788857
leaf_weight=2542 1496449 3269 1011411 86 30039 30598 7016
leaf_count=2542 1496449 3269 1011411 86 30039 30598 7016
internal_value=8.99675e-08 6.97841e-06 5.78445e-06 0.000899198 -0.000246339 -0.000208462 -0.000486591
internal_weight=2.58141e+06 2.51122e+06 2.50786e+06 3355 70195 60637 9558
internal_count=2581410 2511215 2507860 3355 70195 60637 9558
is_linear=0
shrinkage=0.00720685


Tree=9
num_leaves=8
num_cat=0
split_feature=0 23 11 18 0 6 17
split_gain=83.5209 60.4568 55.7468 33.2407 13.8853 5.70027 2.35094
threshold=-2.7948952913284297 inf 2.4540705680847172 -1.2376158237457273 -5.2746951580047599 -0.5945509374141692 0.11395651474595071
decision_type=2 8 8 8 2 2 2
left_child=4 3 -3 -2 6 -6 -1
right_child=1 2 -4 -5 5 -7 -8
leaf_value=-0.00030359901502405144 -7.4548091827037014e-05 0.00063368258536621925 0.0035155005412677584 1.4482644669056732e-05 -0.00024438657676374801 -8.0545193924619359e-05 -0.00056719815406503621
leaf_weight=2339 240968 2981 394 2266471 45986 14511 7118
leaf_count=2339 240968 2981 394 2266471 45986 14511 7118
internal_value=3.80884e-07 7.22426e-06 0.000971005 5.92665e-06 -0.000245241 -0.000205089 -0.000502042
internal_weight=2.58077e+06 2.51081e+06 3375 2.50744e+06 69954 60497 9457
internal_count=2580768 2510814 3375 2507439 69954 60497 9457
is_linear=0
shrinkage=0.00720685


Tree=10
num_leaves=8
num_cat=0
split_feature=1 5 11 18 0 6 17
split_gain=83.4343 57.689 54.9408 31.776 16.505 5.69862 1.85966
threshold=1.9401999115943911 inf 2.4540705680847172 -1.2376158237457273 -5.2746951580047599 -0.86226886510848988 0.16429014503955844
decision_type=2 8 10 8 2 2 2
left_child=1 3 -3 -1 6 -6 -2
right_child=4 2 -4 -5 5 -7 -8
leaf_value=-7.2473714157354681e-05 -0.0003227756074900295 0.00062206541835221397 0.0035033919846360929 1.4995502346522344e-05 -0.00021826495624564571 -9.8475984919961949e-05 -0.0005509890465688332
leaf_weight=238709 2530 2800 391 2239272 57265 32244 7007
leaf_count=238709 2530 2800 391 2239272 57265 32244 7007
internal_value=-3.7145e-07 7.81661e-06 0.000976061 6.56938e-06 -0.000205486 -0.000175115 -0.000490489
internal_weight=2.58022e+06 2.48117e+06 3191 2.47798e+06 99046 89509 9537
internal_count=2580218 2481172 3191 2477981 99046 89509 9537
is_linear=0
shrinkage=0.00720685


Tree=11
num_leaves=8
num_cat=0
split_feature=0 23 11 18 0 0 18
split_gain=85.1654 46.145 35.6513 32.1382 17.1964 5.0668 1.44833
threshold=-2.1886471509933467 inf 2.61475682258606 -1.2376158237457273 -5.2746951580047599 -3.4344754219055171 2.6813780069351201
decision_type=2 8 8 8 2 2 10
left_child=4 3 -3 -2 6 -6 -1
right_child=1 2 -4 -5 5 -7 -8
leaf_value=-0.00047797897075595446 -7.2483148292923165e-05 0.00060570450302120887 0.0030848460021912602 1.545993846490981e-05 -0.00023626532468236058 -0.00012772531431737503 -0.00089984408865860738
leaf_weight=9069 238856 3008 334 2238656 40014 50582 444
leaf_count=9069 238856 3008 334 2238656 40014 50582 444
internal_value=-1.93082e-07 8.12309e-06 0.000854279 6.98134e-06 -0.000206279 -0.000175667 -0.000497759
internal_weight=2.58096e+06 2.48085e+06 3342 2.47751e+06 100109 90596 9513
internal_count=2580963 2480854 3342 2477512 100109 90596 9513
is_linear=0
shrinkage=0.00720685


Tree=12
num_leaves=8
num_cat=0
split_feature=1 23 18 17 1 6 17
split_gain=81.5363 64.854 30.9582 18.4829 10.4086 3.89057 3.48344
threshold=2.0009678602218632 inf -1.2376158237457273 1.6505165100097658 2.5271633863449101 -0.79892960190772999 -0.95323452353477467
decision_type=2 8 8 2 2 2 2
left_child=1 2 -1 -3 5 -2 -6
right_child=4 3 -4 -5 6 -7 -8
leaf_value=-7.1547653152523018e-05 -0.00020222119160545572 0.00084687200588279363 1.4672873318029505e-05 0.0027380835235468934 -5.8692696327917859e-05 -7.9914283896951352e-05 -0.00034704922298893655
leaf_weight=239312 38228 3017 2248711 294 2364 20894 27440
leaf_count=239312 38228 3017 2248711 294 2364 20894 27440
internal_value=6.72153e-08 7.72124e-06 6.37967e-06 0.00101554 -0.000214364 -0.000159 -0.000324181
internal_weight=2.58026e+06 2.49133e+06 2.48802e+06 3311 88926 59122 29804
internal_count=2580260 2491334 2488023 3311 88926 59122 29804
is_linear=0
shrinkage=0.00720685


Tree=13
num_leaves=8
num_cat=0
split_feature=1 5 18 18 1 6 17
split_gain=79.7228 66.4746 31.552 15.8323 12.6453 4.78218 4.5869
threshold=1.8279994130134585 inf -1.2934334278106687 2.6813780069351201 2.5271633863449101 -1.0057452917098997 0.17389380186796191
decision_type=2 8 10 10 2 2 2
left_child=1 2 -1 -3 5 -2 -6
right_child=4 3 -4 -5 6 -7 -8
leaf_value=-7.7713470118122605e-05 -0.00018583408491102172 0.00015040389692971913 1.5373115936181703e-05 0.0013267223224050263 -0.00018366508528719575 -7.9984749568400945e-05 -0.00037319722680229989
leaf_weight=206470 49946 785 2250850 2449 9950 39867 19910
leaf_count=206470 49946 785 2250850 2449 9950 39867 19910
internal_value=7.61655e-08 8.91086e-06 7.55172e-06 0.00104133 -0.000181569 -0.00013885 -0.00031005
internal_weight=2.58023e+06 2.46055e+06 2.45732e+06 3234 119673 89813 29860
internal_count=2580227 2460554 2457320 3234 119673 89813 29860
is_linear=0
shrinkage=0.00720685


end of trees

feature_importances:
LOW_TURNOVER=26
CONSEC_UP5=15
IMAX60=14
CNTD10=10
LN_TURNOVER=8
AMIHUD_20=8
KLOW=7
VSTD5=6
CORR20=1
CORD5=1
WVMA30=1
MAX_DD60=1

parameters:
[boosting: gbdt]
[objective: regression]
[metric: l2]
[tree_learner: serial]
[device_type: cpu]
[data_sample_strategy: bagging]
[data: ]
[valid: ]
[num_iterations: 1000]
[learning_rate: 0.00720685]
[num_leaves: 43]
[num_threads: 8]
[seed: 42]
[deterministic: 0]
[force_col_wise: 0]
[force_row_wise: 0]
[histogram_pool_size: -1]
[max_depth: 3]
[min_data_in_leaf: 76]
[min_sum_hessian_in_leaf: 0.001]
[bagging_fraction: 0.712041]
[pos_bagging_fraction: 1]
[neg_bagging_fraction: 1]
[bagging_freq: 1]
[bagging_seed: 400]
[bagging_by_query: 0]
[feature_fraction: 0.587027]
[feature_fraction_bynode: 1]
[feature_fraction_seed: 30056]
[extra_trees: 0]
[extra_seed: 12879]
[early_stopping_round: 0]
[early_stopping_min_delta: 0]
[first_metric_only: 0]
[max_delta_step: 0]
[lambda_l1: 0.0035701]
[lambda_l2: 0.944352]
[linear_lambda: 0]
[min_gain_to_split: 0]
[drop_rate: 0.1]
[max_drop: 50]
[skip_drop: 0.5]
[xgboost_dart_mode: 0]
[uniform_drop: 0]
[drop_seed: 17869]
[top_rate: 0.2]
[other_rate: 0.1]
[min_data_per_group: 100]
[max_cat_threshold: 32]
[cat_l2: 10]
[cat_smooth: 10]
[max_cat_to_onehot: 4]
[top_k: 20]
[monotone_constraints: ]
[monotone_constraints_method: basic]
[monotone_penalty: 0]
[feature_contri: ]
[forcedsplits_filename: ]
[refit_decay_rate: 0.9]
[cegb_tradeoff: 1]
[cegb_penalty_split: 0]
[cegb_penalty_feature_lazy: ]
[cegb_penalty_feature_coupled: ]
[path_smooth: 0]
[interaction_constraints: ]
[verbosity: -1]
[saved_feature_importance_type: 0]
[use_quantized_grad: 0]
[num_grad_quant_bins: 4]
[quant_train_renew_leaf: 0]
[stochastic_rounding: 1]
[linear_tree: 0]
[max_bin: 255]
[max_bin_by_feature: ]
[min_data_in_bin: 3]
[bin_construct_sample_cnt: 200000]
[data_random_seed: 175]
[is_enable_sparse: 1]
[enable_bundle: 1]
[use_missing: 1]
[zero_as_missing: 0]
[feature_pre_filter: 1]
[pre_partition: 0]
[two_round: 0]
[header: 0]
[label_column: ]
[weight_column: ]
[group_column: ]
[ignore_column: ]
[categorical_feature: ]
[forcedbins_filename: ]
[precise_float_parser: 0]
[parser_config_file: ]
[objective_seed: 16083]
[num_class: 1]
[is_unbalance: 0]
[scale_pos_weight: 1]
[sigmoid: 1]
[boost_from_average: 1]
[reg_sqrt: 0]
[alpha: 0.9]
[fair_c: 1]
[poisson_max_delta_step: 0.7]
[tweedie_variance_power: 1.5]
[lambdarank_truncation_level: 30]
[lambdarank_norm: 1]
[label_gain: ]
[lambdarank_position_bias_regularization: 0]
[eval_at: ]
[multi_error_top_k: 1]
[auc_mu_weights: ]
[num_machines: 1]
[local_listen_port: 12400]
[time_out: 120]
[machine_list_filename: ]
[machines: ]
[gpu_platform_id: -1]
[gpu_device_id: -1]
[gpu_use_dp: 0]
[num_gpu: 1]

end of parameters

pandas_categorical:[]
