tree
version=v4
num_class=1
num_tree_per_iteration=1
label_index=0
max_feature_idx=24
objective=regression
feature_names=LOW_TURNOVER LN_TURNOVER CORR20 VOL_CV20 RET_AMT_CORR20 KLOW CONSEC_UP5 CORD60 RET_VOL_CORR5 OBV_CHG_20 CORD5 AMIHUD_20 VOL_OF_VOL_20 CORR60 VOL_PRICE_DIVERGENCE BP EP CNTD10 IMAX60 WVMA30 MAX_DD60 CNTD60 Q_SALES_YOY VSTD5 NEG_SKEW_20
feature_infos=[-6.9264240264892578:4.1398305892944336] [-3.6602201461791992:4.826941967010498] [-4.7480721473693848:7.2139749526977539] [-7.2286739349365234:3.2232825756072998] [-6.1045956611633301:4.2460794448852539] [-3.8956985473632812:6.0809159278869629] [-6.962888240814209:3.7601370811462402] [-3.8352482318878174:5.1536736488342285] [-4.5258111953735352:6.1173462867736816] [-7.6284008026123047:8.2377719879150391] [-5.934603214263916:4.7239804267883301] [-2.5674722194671631:7.8557119369506836] [-6.4527935981750488:2.9906630516052246] [-4.705772876739502:4.9625382423400879] [-3.5200934410095215:3.4507510662078857] [-4.8315534591674805:7.344477653503418] [-5.427849292755127:6.723271369934082] [-4.2577390670776367:4.1810269355773926] [-5.401698112487793:7.0440702438354492] [-3.377269983291626:7.7996830940246582] [-3.4123673439025879:6.7869505882263184] [-3.6454567909240723:3.6274635791778564] [-4.8041324615478516:6.611900806427002] [-3.5602200031280518:6.2650713920593262] [-4.0282130241394043:3.831777811050415]
tree_sizes=915 943 966 956 954 943 967 966 938 968 971 951 978 954 964 968 974 982 981 959 954 936 954 980 936 936 984 945 937 962 947 948 955 964 978 960 969 960 938 932 956 924 956 944 945 919 930 962 979 964 957 957 963 967 977 940 936 967 976 937 973 944 973 941 938 961 970 973 938 941 936

Tree=0
num_leaves=8
num_cat=0
split_feature=0 18 18 0 6 18 17
split_gain=113.642 70.5261 46.8638 13.8467 8.26171 7.63661 2.66498
threshold=-2.8048135042190547 -1.2301085591316221 0.2632469534873963 -5.287055015563964 -0.52397373318672169 -2.2352555990219112 0.43558371067047125
decision_type=2 10 10 2 2 8 2
left_child=3 5 -3 6 -5 -2 -1
right_child=1 2 -4 4 -6 -7 -8
leaf_value=0.011176109026385567 0.011642446273544113 0.011606562898049807 0.01153913839478091 0.011261781434864547 0.011461898796536233 0.011438226689390395 0.010926382881486937
leaf_weight=3470 9943 1365362 880827 43869 14180 218185 6193
leaf_count=3470 9943 1365362 880827 43869 14180 218185 6193
internal_value=0.0115599 0.0115679 0.0115801 0.0112686 0.0113107 0.0114471 0.011016
internal_weight=2.54203e+06 2.47432e+06 2.24619e+06 67712 58049 228128 9663
internal_count=2542029 2474317 2246189 67712 58049 228128 9663
is_linear=0
shrinkage=1


Tree=1
num_leaves=8
num_cat=0
split_feature=0 18 5 6 18 6 17
split_gain=117.497 69.1527 45.7513 13.583 7.1874 5.38823 5.35648
threshold=-2.8048135042190547 -1.2481349706649778 inf -2.8773807287216182 -2.2352555990219112 -0.54330316185951222 0.64276885986328136
decision_type=2 10 8 2 8 2 2
left_child=3 4 -3 6 -2 -5 -1
right_child=1 2 -4 5 -6 -7 -8
leaf_value=-0.00030275535653033199 7.574113891670265e-05 1.9254740022654245e-05 0.00095041413724474162 -0.00028074619599246657 -0.00012312030863131709 -0.00011514201580648858 -0.00053236039494755855
leaf_weight=8695 9888 2251913 2743 30105 207900 15441 13448
leaf_count=8695 9888 2251913 2743 30105 207900 15441 13448
internal_value=4.32032e-07 8.54219e-06 2.0388e-05 -0.0002958 -0.000114091 -0.000224607 -0.000442218
internal_weight=2.54013e+06 2.47244e+06 2.25466e+06 67689 217788 45546 22143
internal_count=2540133 2472444 2254656 67689 217788 45546 22143
is_linear=0
shrinkage=0.00720685


Tree=2
num_leaves=8
num_cat=0
split_feature=1 0 0 1 6 0 1
split_gain=115.556 32.6621 25.1047 19.2437 7.98898 7.51083 6.81208
threshold=1.5338916182518008 -3.8821843862533565 0.38698180019855505 -2.0264807939529415 -0.90445956587791432 -5.287055015563964 0.019246598705649379
decision_type=2 2 2 2 2 2 2
left_child=2 5 3 -1 -3 -2 -4
right_child=1 4 6 -5 -6 -7 -8
leaf_value=0.00076580675799557078 -0.00053829510255463812 -0.00018051197520688436 4.6330012168161083e-05 -5.9763095132392571e-06 -7.3718635505993466e-05 -0.00030425407775243313 -8.0422091135211896e-05
leaf_weight=1679 9563 70557 891472 1440564 75122 27931 22579
leaf_count=1679 9563 70557 891472 1440564 75122 27931 22579
internal_value=9.52959e-08 -0.000174267 1.36499e-05 -5.07731e-06 -0.000125443 -0.00036396 4.31989e-05
internal_weight=2.53947e+06 183173 2.35629e+06 1.44224e+06 145679 37494 914051
internal_count=2539467 183173 2356294 1442243 145679 37494 914051
is_linear=0
shrinkage=0.00720685


Tree=3
num_leaves=8
num_cat=0
split_feature=18 18 5 2 18 19 18
split_gain=63.8153 65.4366 51.703 20.3096 7.47202 8.61802 6.56512
threshold=-1.2481349706649778 0.27582190930843359 inf 0.73177629709243786 -2.2352555990219112 -1.693564176559448 -1.4351578950881956
decision_type=10 10 8 10 8 8 10
left_child=4 3 -3 -2 5 -1 -6
right_child=1 2 -4 -5 6 -7 -8
leaf_value=0.0014584372793001487 5.5511614149819729e-05 -3.8852467035600399e-05 0.00098619258858308992 -1.4759936849808867e-05 -0.00016036402011017454 4.1386954547052939e-05 -7.9039819012396165e-05
leaf_weight=227 1140839 912291 2562 262827 121562 10099 89538
leaf_count=227 1140839 912291 2562 262827 121562 10099 89538
internal_value=2.80425e-07 1.14441e-05 -3.59808e-05 4.23537e-05 -0.000116612 7.26715e-05 -0.000125871
internal_weight=2.53994e+06 2.31852e+06 914853 1.40367e+06 221426 10326 211100
internal_count=2539945 2318519 914853 1403666 221426 10326 211100
is_linear=0
shrinkage=0.00720685


Tree=4
num_leaves=8
num_cat=0
split_feature=1 18 23 0 6 0 20
split_gain=118.608 65.2349 41.3511 33.6439 8.52407 7.23758 6.53237
threshold=1.5338916182518008 -1.2481349706649778 inf -3.8821843862533565 -0.90445956587791432 -5.287055015563964 -0.42340743541717524
decision_type=2 10 8 2 2 2 8
left_child=1 6 -3 5 -5 -2 -1
right_child=3 2 -4 4 -6 -7 -8
leaf_value=-0.00015175476840972643 -0.00054064245181814944 2.3740769455940654e-05 0.00089655974496937949 -0.00018450930269379103 -7.443466069808416e-05 -0.00031108685999390445 -7.1181352486285082e-05
leaf_weight=96320 9600 2142276 2822 70939 75358 27800 114261
leaf_count=96320 9600 2142276 2822 70939 75358 27800 114261
internal_value=-7.47389e-07 1.30067e-05 2.48894e-05 -0.000177126 -0.000127811 -0.000370023 -0.000108036
internal_weight=2.53938e+06 2.35568e+06 2.1451e+06 183697 146297 37400 210581
internal_count=2539376 2355679 2145098 183697 146297 37400 210581
is_linear=0
shrinkage=0.00720685


Tree=5
num_leaves=8
num_cat=0
split_feature=1 5 0 0 11 23 17
split_gain=113.789 36.628 28.7698 27.3766 25.3511 7.65145 7.03682
threshold=1.6903727054595949 inf 0.34364692866802221 -4.36318016052246 3.3172918558120732 -1.3009461164474485 0.48017463088035589
decision_type=2 8 2 2 10 10 2
left_child=1 2 -1 6 -3 -5 -2
right_child=3 4 -4 5 -6 -7 -8
leaf_value=-1.1522880164586497e-05 -0.00026358234964616841 0.00065544487855452886 3.9035782762201826e-05 0.00021664096230498864 0.0037254815617845691 -0.00015743709484185208 -0.00049342284492190738
leaf_weight=1376765 11885 2862 1015929 2912 146 113473 16572
leaf_count=1376765 11885 2862 1015929 2912 146 113473 16572
internal_value=-9.15969e-07 1.09435e-05 9.94414e-06 -0.000197071 0.000805587 -0.000148076 -0.000397443
internal_weight=2.54054e+06 2.3957e+06 2.39269e+06 144842 3008 116385 28457
internal_count=2540544 2395702 2392694 144842 3008 116385 28457
is_linear=0
shrinkage=0.00720685


Tree=6
num_leaves=8
num_cat=0
split_feature=0 18 18 0 0 18 6
split_gain=109.363 64.7577 41.4672 18.7347 7.16566 7.14134 6.36306
threshold=-2.1928827762603755 -1.2481349706649778 0.21151972562074664 -3.8821843862533565 -5.287055015563964 -2.2352555990219112 -0.84028246998786915
decision_type=2 10 8 2 2 8 2
left_child=3 5 -3 4 -1 -2 -5
right_child=1 2 -4 6 -6 -7 -8
leaf_value=-0.00053200704980692251 8.1242926407998415e-05 4.6697105427633248e-05 -1.6636944979562389e-05 -0.0002195051394323714 -0.00030438245863187517 -0.00011883062523975466 -6.755710446853467e-05
leaf_weight=9623 9702 1323616 903407 34750 28363 205820 24343
leaf_count=9623 9702 1323616 903407 34750 28363 205820 24343
internal_value=3.28224e-08 9.46126e-06 2.10052e-05 -0.000237188 -0.000362059 -0.000109824 -0.000156914
internal_weight=2.53962e+06 2.44254e+06 2.22702e+06 97079 37986 215522 59093
internal_count=2539624 2442545 2227023 97079 37986 215522 59093
is_linear=0
shrinkage=0.00720685


Tree=7
num_leaves=8
num_cat=0
split_feature=1 18 18 0 0 18 6
split_gain=107.486 64.6068 38.9283 25.1947 6.73998 6.08273 5.63909
threshold=1.7314487099647524 -1.2660486102104185 0.2632469534873963 -3.8821843862533565 -5.287055015563964 -2.2352555990219112 -0.80949893593788136
decision_type=2 10 8 2 2 8 2
left_child=1 5 -3 4 -2 -1 -5
right_child=3 2 -4 6 -6 -7 -8
leaf_value=6.5250610189309522e-05 -0.00052334443370571535 4.6621618693019051e-05 -1.5732432715686062e-05 -0.00018660913013662553 -0.00030051728360423649 -0.00012018910084635671 -7.7267508462611171e-05
leaf_weight=9643 9517 1357945 842766 54269 27236 194066 44662
leaf_count=9643 9517 1357945 842766 54269 27236 194066 44662
internal_value=2.40415e-07 1.13771e-05 2.2743e-05 -0.000197109 -0.00035823 -0.000111411 -0.000137249
internal_weight=2.5401e+06 2.40442e+06 2.20071e+06 135684 36753 203709 98931
internal_count=2540104 2404420 2200711 135684 36753 203709 98931
is_linear=0
shrinkage=0.00720685


Tree=8
num_leaves=8
num_cat=0
split_feature=1 23 0 0 17 17 23
split_gain=104.6 39.3113 30.3219 25.7521 17.1853 7.92555 6.68577
threshold=1.5338916182518008 inf -3.8821843862533565 0.35203389823436743 2.4166290760040288 0.78356385231018078 -1.2694976925849912
decision_type=2 8 2 2 2 2 10
left_child=1 3 5 -1 -3 -2 -4
right_child=2 4 6 -5 -6 -7 -8
leaf_value=-8.5735417344223519e-06 -0.00025271472854033182 0.00072803793172929187 0.00017097039658589826 3.968080857162466e-05 0.0039785605997817754 -0.00046349084621695067 -0.00012694401265663131
leaf_weight=1357568 20348 3058 4022 995744 86 17021 142682
leaf_count=1357568 20348 3058 4022 995744 86 17021 142682
internal_value=-4.39959e-09 1.29201e-05 -0.00016546 1.18441e-05 0.000818128 -0.00034873 -0.000118775
internal_weight=2.54053e+06 2.35646e+06 184073 2.35331e+06 3144 37369 146704
internal_count=2540529 2356456 184073 2353312 3144 37369 146704
is_linear=0
shrinkage=0.00720685


Tree=9
num_leaves=8
num_cat=0
split_feature=0 18 18 0 18 0 6
split_gain=103.596 62.0862 41.4012 18.5124 7.35308 6.52228 6.01198
threshold=-2.1928827762603755 -1.2481349706649778 0.2374154403805733 -3.8821843862533565 -2.2352555990219112 -5.287055015563964 -0.25066545605659479
decision_type=2 10 10 2 8 2 2
left_child=3 4 -3 5 -2 -1 -5
right_child=1 2 -4 6 -6 -7 -8
leaf_value=-0.00051821407283390701 8.4558247302129444e-05 4.5316637415779729e-05 -1.8199172142099955e-05 -0.0001942586767909337 -0.00011709256192173554 -0.0003006796443156136 -2.7603083669150025e-05
leaf_weight=9587 9840 1344074 883303 43950 205960 28299 15108
leaf_count=9587 9840 1344074 883303 43950 205960 28299 15108
internal_value=-3.47862e-07 8.82014e-06 2.01284e-05 -0.000231397 -0.000107897 -0.000355739 -0.000151627
internal_weight=2.54012e+06 2.44318e+06 2.22738e+06 96944 215800 37886 59058
internal_count=2540121 2443177 2227377 96944 215800 37886 59058
is_linear=0
shrinkage=0.00720685


Tree=10
num_leaves=8
num_cat=0
split_feature=1 18 18 0 6 17 18
split_gain=106.073 61.6433 35.9744 28.7376 7.12695 6.8802 5.55819
threshold=1.5338916182518008 -1.2301085591316221 0.21151972562074664 -3.8821843862533565 -0.52397373318672169 0.63115021586418163 -2.2352555990219112
decision_type=2 10 8 2 2 2 8
left_child=1 6 -3 5 -5 -2 -1
right_child=3 2 -4 4 -6 -7 -8
leaf_value=6.9569437636394596e-05 -0.00024478522047098578 4.9182277856401154e-05 -1.117788616637041e-05 -0.00016249628477402959 -5.990687268718626e-05 -0.00043999895644293894 -0.00010918033569752451
leaf_weight=9438 18351 1279206 856027 86976 59054 19188 211250
leaf_count=9438 18351 1279206 856027 86976 59054 19188 211250
internal_value=1.30414e-07 1.3132e-05 2.49835e-05 -0.00016673 -0.00012101 -0.000344578 -0.000101535
internal_weight=2.53949e+06 2.35592e+06 2.13523e+06 183569 146030 37539 220688
internal_count=2539490 2355921 2135233 183569 146030 37539 220688
is_linear=0
shrinkage=0.00720685


Tree=11
num_leaves=8
num_cat=0
split_feature=1 18 23 0 0 18 23
split_gain=102.219 60.5817 36.7717 30.9325 7.09865 6.82914 6.4827
threshold=1.5338916182518008 -1.2848861813545225 inf -3.8821843862533565 -5.287055015563964 -2.2352555990219112 -1.3009461164474485
decision_type=2 10 8 2 2 8 10
left_child=1 5 -3 4 -2 -1 -5
right_child=3 2 -4 6 -6 -7 -8
leaf_value=7.8971429740702862e-05 -0.00051636056568975675 2.2657033905061545e-05 0.00085042157990208379 0.00018977235187156471 -0.00028952537675660487 -0.00011995300945827608 -0.00012350881865998663
leaf_weight=9428 9624 2162087 2790 3514 28080 181667 143194
leaf_count=9428 9624 2162087 2790 3514 28080 181667 143194
internal_value=7.63928e-08 1.28664e-05 2.37242e-05 -0.000163323 -0.000347438 -0.000110138 -0.000116004
internal_weight=2.54038e+06 2.35597e+06 2.16488e+06 184412 37704 191095 146708
internal_count=2540384 2355972 2164877 184412 37704 191095 146708
is_linear=0
shrinkage=0.00720685


Tree=12
num_leaves=8
num_cat=0
split_feature=1 18 18 1 6 6 20
split_gain=104.249 60.3226 36.4372 23.0691 9.39236 6.22735 6.09059
threshold=1.5338916182518008 -1.2301085591316221 0.2374154403805733 2.3959276676177983 -0.93913140892982472 -3.5284409523010249 -0.41571538150310511
decision_type=2 10 10 2 2 2 8
left_child=1 6 -3 4 -2 -5 -1
right_child=3 2 -4 5 -6 -7 -8
leaf_value=-0.00014188682063705934 -0.0001833136059196531 4.8314992386194791e-05 -1.2671921072300443e-05 -0.00046949956882364282 -6.704727919121142e-05 -0.00026518293628775255 -6.5862326988380045e-05
leaf_weight=101316 70160 1298813 836536 10641 74314 28527 119048
leaf_count=101316 70160 1298813 836536 10641 74314 28527 119048
internal_value=-1.85258e-07 1.27075e-05 2.4423e-05 -0.000165569 -0.00012351 -0.000320701 -0.000100816
internal_weight=2.53936e+06 2.35571e+06 2.13535e+06 183642 144474 39168 220364
internal_count=2539355 2355713 2135349 183642 144474 39168 220364
is_linear=0
shrinkage=0.00720685


Tree=13
num_leaves=8
num_cat=0
split_feature=1 18 5 6 1 18 17
split_gain=103.129 59.0817 35.2854 22.3331 9.80499 6.62535 4.49341
threshold=1.5693862438201907 -1.3027923107147215 inf -3.1679116487503047 2.3959276676177983 -2.2352555990219112 0.60747644305229198
decision_type=2 10 8 2 2 8 2
left_child=1 5 -3 6 -5 -1 -2
right_child=3 2 -4 4 -6 -7 -8
leaf_value=7.262243318108746e-05 -0.00023947519132817057 2.2383923063500793e-05 0.00083807355188752802 -0.00010482498977070838 -0.00025773917079632055 -0.00012169272071525978 -0.00042602998639121792
leaf_weight=9619 10925 2179884 2757 118914 26663 173176 17387
leaf_count=9619 10925 2179884 2757 118914 26663 173176 17387
internal_value=5.38738e-07 1.29913e-05 2.34146e-05 -0.000168854 -0.000132833 -0.000111467 -0.000354054
internal_weight=2.53932e+06 2.36544e+06 2.18264e+06 173889 145577 182795 28312
internal_count=2539325 2365436 2182641 173889 145577 182795 28312
is_linear=0
shrinkage=0.00720685


Tree=14
num_leaves=8
num_cat=0
split_feature=0 18 18 0 6 18 17
split_gain=98.1446 58.4422 42.9127 11.4743 7.34959 6.59606 2.73126
threshold=-2.8048135042190547 -1.2136018872261045 0.2632469534873963 -5.287055015563964 -0.48699606955051417 -2.2352555990219112 0.51459041237831127
decision_type=2 10 8 2 2 8 2
left_child=3 5 -3 6 -5 -2 -1
right_child=1 2 -4 4 -6 -7 -8
leaf_value=-0.00034777337295067821 8.2006810930828564e-05 4.4095812129712896e-05 -2.0543443483589973e-05 -0.0002771313115688326 -8.577302664964078e-05 -0.00010803940896641537 -0.00059710221509891629
leaf_weight=3724 9896 1354285 880099 44636 13603 228193 5918
leaf_count=3724 9896 1354285 880099 44636 13603 228193 5918
internal_value=-2.24828e-07 7.19753e-06 1.86351e-05 -0.000270571 -0.000232438 -0.00010014 -0.000500851
internal_weight=2.54035e+06 2.47247e+06 2.23438e+06 67881 58239 238089 9642
internal_count=2540354 2472473 2234384 67881 58239 238089 9642
is_linear=0
shrinkage=0.00720685


Tree=15
num_leaves=8
num_cat=0
split_feature=0 18 18 6 18 0 6
split_gain=98.3382 59.5499 39.8688 11.7564 7.29195 4.78636 4.37501
threshold=-2.8048135042190547 -1.2848861813545225 0.34367206692695623 -2.4682594537734981 -2.2352555990219112 -5.287055015563964 -0.1307239234447479
decision_type=2 10 10 2 8 2 2
left_child=3 4 -3 5 -2 -1 -5
right_child=1 2 -4 6 -6 -7 -8
leaf_value=-0.0005722377891398951 7.7283373509323268e-05 4.0550216996689378e-05 -2.2279467231149886e-05 -0.00023745274303351506 -0.00012257655659241398 -0.00033779717548400914 -6.6418375121908444e-05
leaf_weight=5788 9985 1454183 820550 30999 187806 20745 10367
leaf_count=5788 9985 1454183 820550 30999 187806 20745 10367
internal_value=2.6259e-08 7.45676e-06 1.78861e-05 -0.000270549 -0.000112487 -0.000388958 -0.000194592
internal_weight=2.54042e+06 2.47252e+06 2.27473e+06 67899 197791 26533 41366
internal_count=2540423 2472524 2274733 67899 197791 26533 41366
is_linear=0
shrinkage=0.00720685


Tree=16
num_leaves=8
num_cat=0
split_feature=1 18 18 0 17 18 5
split_gain=99.3914 57.9062 35.7526 28.9671 7.39386 5.88776 5.26271
threshold=1.5338916182518008 -1.2301085591316221 0.21151972562074664 -3.8821843862533565 0.74254775047302257 -2.2352555990219112 1.3537864089012148
decision_type=2 10 10 2 2 8 10
left_child=1 5 -3 4 -2 -1 -5
right_child=3 2 -4 6 -6 -7 -8
leaf_value=7.796469020957843e-05 -0.0002440952446449942 4.847931939949794e-05 -1.1684756611123407e-05 -9.0213938159549949e-05 -0.00044623774477687016 -0.00010603905231893115 -0.00019022119029393181
leaf_weight=9434 19991 1279353 856426 109554 17746 211587 36416
leaf_count=9434 19991 1279353 856426 109554 17746 211587 36416
internal_value=2.77108e-07 1.28624e-05 2.43541e-05 -0.00016118 -0.000339163 -9.81847e-05 -0.000115165
internal_weight=2.54051e+06 2.3568e+06 2.13578e+06 183707 37737 221021 145970
internal_count=2540507 2356800 2135779 183707 37737 221021 145970
is_linear=0
shrinkage=0.00720685


Tree=17
num_leaves=8
num_cat=0
split_feature=1 18 18 1 5 17 20
split_gain=94.2672 56.4892 34.1335 20.8611 7.68931 6.19532 6.19357
threshold=1.5338916182518008 -1.2301085591316221 0.21151972562074664 2.3959276676177983 2.1478900909423833 0.085487801581621184 -0.19056780636310575
decision_type=2 10 8 2 10 2 10
left_child=1 6 -3 4 -2 -5 -1
right_child=3 2 -4 5 -6 -7 -8
leaf_value=-0.00012987063670252976 -9.5903174023820168e-05 4.6533911178073141e-05 -1.2270854656140383e-05 -0.00017566370003185098 -0.0002434180590170583 -0.0003687464877550991 -5.2216114401282145e-05
leaf_weight=130558 123129 1278683 855811 12850 21568 26310 90207
leaf_count=130558 123129 1278683 855811 12850 21568 26310 90207
internal_value=-6.63193e-07 1.16057e-05 2.29565e-05 -0.000157831 -0.000117893 -0.000305395 -9.81406e-05
internal_weight=2.53912e+06 2.35526e+06 2.13449e+06 183857 144697 39160 220765
internal_count=2539116 2355259 2134494 183857 144697 39160 220765
is_linear=0
shrinkage=0.00720685


Tree=18
num_leaves=8
num_cat=0
split_feature=6 18 18 6 20 18 18
split_gain=71.5479 56.9468 31.6928 14.689 6.41613 5.90379 4.29532
threshold=-1.5255153775215147 -1.2301085591316221 0.21151972562074664 -3.1679116487503047 -0.39323088526725763 0.62929758429527294 0.7018665373325349
decision_type=2 10 10 2 10 10 10
left_child=3 4 -3 6 -2 -5 -1
right_child=1 2 -4 5 -6 -7 -8
leaf_value=-0.00015565813881898905 -0.00013796207287459863 4.4703663626877228e-05 -1.1671194016403313e-05 -5.5018520191762252e-05 -6.07557946779124e-05 -0.00015687396366700942 -0.00031476658896412195
leaf_weight=12855 109856 1293464 863854 58678 113847 59559 28050
leaf_count=12855 109856 1293464 863854 58678 113847 59559 28050
internal_value=8.91574e-07 1.078e-05 2.21295e-05 -0.000147054 -9.86708e-05 -0.000106327 -0.00026477
internal_weight=2.54016e+06 2.38102e+06 2.15732e+06 159142 223703 118237 40905
internal_count=2540163 2381021 2157318 159142 223703 118237 40905
is_linear=0
shrinkage=0.00720685


Tree=19
num_leaves=8
num_cat=0
split_feature=6 18 18 6 23 20 23
split_gain=72.1353 57.3883 30.3507 14.9866 14.9438 6.35025 5.38581
threshold=-1.5255153775215147 -1.2481349706649778 0.21151972562074664 -3.5284409523010249 inf -0.11621715873479842 0.69739744067192089
decision_type=2 10 8 2 8 10 8
left_child=3 5 -3 6 -5 -2 -1
right_child=1 2 -4 4 -6 -7 -8
leaf_value=-0.00035559691068195266 -0.00013271582568588061 4.2927609704932698e-05 -1.2171578160895474e-05 -0.00011852559147039036 0.0013749346849561152 -5.1527570663169364e-05 -0.00015046439184007349
leaf_weight=21220 134936 1303429 863051 127260 348 79533 9684
leaf_count=21220 134936 1303429 863051 127260 348 79533 9684
internal_value=-6.51134e-08 9.8456e-06 2.0978e-05 -0.00014893 -0.000114442 -0.000102609 -0.000291324
internal_weight=2.53946e+06 2.38095e+06 2.16648e+06 158512 127608 214469 30904
internal_count=2539461 2380949 2166480 158512 127608 214469 30904
is_linear=0
shrinkage=0.00720685


Tree=20
num_leaves=8
num_cat=0
split_feature=1 18 5 0 17 20 23
split_gain=95.3632 55.7117 38.8415 28.1254 6.385 6.13281 5.91741
threshold=1.5338916182518008 -1.2481349706649778 inf -3.8821843862533565 -0.20803467929363248 -0.42340743541717524 -1.4307602643966673
decision_type=2 10 8 2 2 8 10
left_child=1 5 -3 4 -2 -1 -5
right_child=3 2 -4 6 -6 -7 -8
leaf_value=-0.00014291698770847944 -0.00015577111958487488 2.1117905986958972e-05 0.0008721694498347774 0.00026716486804730365 -0.00038437746447539102 -6.4894025140023559e-05 -0.00011954746443787486
leaf_weight=96333 8090 2142577 2788 2084 29467 114546 144097
leaf_count=96333 8090 2142577 2788 2084 29467 114546 144097
internal_value=-1.09397e-06 1.12374e-05 2.22243e-05 -0.00015923 -0.00033514 -0.000100537 -0.000114033
internal_weight=2.53998e+06 2.35624e+06 2.14536e+06 183738 37557 210879 146181
internal_count=2539982 2356244 2145365 183738 37557 210879 146181
is_linear=0
shrinkage=0.00720685


Tree=21
num_leaves=8
num_cat=0
split_feature=0 23 11 0 6 0 6
split_gain=95.3333 37.555 34.9499 33.9651 11.1942 4.33292 3.76298
threshold=-2.8048135042190547 inf 2.4768937826156621 0.3307213038206101 -2.4682594537734981 -5.287055015563964 -0.21529577672481534
decision_type=2 8 8 2 2 2 2
left_child=4 3 -3 -2 5 -1 -6
right_child=1 2 -4 -5 6 -7 -8
leaf_value=-0.0005555166668476584 -1.626546460824385e-05 0.00055386228814160792 0.0031928374188687431 3.7835081250955724e-05 -0.00023426060293521076 -0.00033302149123950065 -7.9654554058039242e-05
leaf_weight=5838 1424235 2855 286 1044933 30111 20594 11227
leaf_count=5838 1424235 2855 286 1044933 30111 20594 11227
internal_value=3.21487e-07 7.63144e-06 0.000795047 6.62947e-06 -0.000266348 -0.000382183 -0.000192275
internal_weight=2.54008e+06 2.47231e+06 3141 2.46917e+06 67770 26432 41338
internal_count=2540079 2472309 3141 2469168 67770 26432 41338
is_linear=0
shrinkage=0.00720685


Tree=22
num_leaves=8
num_cat=0
split_feature=1 18 5 0 0 6 18
split_gain=91.522 52.9813 37.0175 24.5121 7.64962 7.05468 5.72841
threshold=1.5338916182518008 -1.1972748041152952 inf -3.8821843862533565 -5.287055015563964 -0.90445956587791432 -1.4351578950881956
decision_type=2 10 8 2 2 2 10
left_child=1 6 -3 4 -2 -5 -1
right_child=3 2 -4 5 -6 -7 -8
leaf_value=-0.00012301986193742094 -0.0004932455710506793 2.2684246246541361e-05 0.00085877624585055823 -0.00016401008867342927 -0.00025818294211090207 -6.3879810010515099e-05 -5.2480832206325782e-05
leaf_weight=125047 9686 2113945 2753 70981 27932 75337 114597
leaf_count=125047 9686 2113945 2753 70981 27932 75337 114597
internal_value=1.87541e-07 1.22735e-05 2.37721e-05 -0.000154641 -0.000318719 -0.000112455 -8.92888e-05
internal_weight=2.54028e+06 2.35634e+06 2.1167e+06 183936 37618 146318 239644
internal_count=2540278 2356342 2116698 183936 37618 146318 239644
is_linear=0
shrinkage=0.00720685


Tree=23
num_leaves=8
num_cat=0
split_feature=1 18 18 1 5 20 9
split_gain=91.1637 51.0884 30.7838 24.5718 6.83415 6.35418 6.31985
threshold=1.3431395888328554 -1.2136018872261045 0.21151972562074664 2.210954070091248 1.3537864089012148 -0.20774383842945096 0.30447766184806829
decision_type=2 10 10 2 10 8 10
left_child=1 5 -3 4 -2 -1 -5
right_child=3 2 -4 6 -6 -7 -8
leaf_value=-0.00012173361362221213 -6.8507082106976938e-05 4.7935648408690883e-05 -8.8117181897638421e-06 -0.00019250326304364558 -0.0001733994165749093 -4.4541248365829414e-05 -0.00034362182384293946
leaf_weight=129505 142269 1246313 825269 30982 41724 96779 26823
leaf_count=129505 142269 1246313 825269 30982 41724 96779 26823
internal_value=9.11633e-08 1.40978e-05 2.53288e-05 -0.000133017 -9.22944e-05 -8.87198e-05 -0.000262631
internal_weight=2.53966e+06 2.29787e+06 2.07158e+06 241798 183993 226284 57805
internal_count=2539664 2297866 2071582 241798 183993 226284 57805
is_linear=0
shrinkage=0.00720685


Tree=24
num_leaves=8
num_cat=0
split_feature=1 23 0 0 11 23 0
split_gain=88.8902 35.1554 25.5588 23.7746 23.1124 7.46591 6.51585
threshold=1.5338916182518008 inf 0.35203389823436743 -3.8821843862533565 2.6488573551177983 -1.3009461164474485 -5.287055015563964
decision_type=2 8 2 2 8 8 2
left_child=1 2 -1 6 -3 -5 -2
right_child=3 4 -4 5 -6 -7 -8
leaf_value=-9.1674735696857757e-06 -0.00047594384475509074 0.00058803935785404506 3.8905600838225393e-05 0.00022081428804767916 0.0028212653886846941 -0.00011880128341356904 -0.0002583721938810039
leaf_weight=1357929 9616 2861 995538 3442 262 143105 27895
leaf_count=1357929 9616 2861 995538 3442 262 143105 27895
internal_value=2.686e-07 1.2182e-05 1.11679e-05 -0.000152264 0.000776197 -0.000110823 -0.000314158
internal_weight=2.54065e+06 2.35659e+06 2.35347e+06 184058 3123 146547 37511
internal_count=2540648 2356590 2353467 184058 3123 146547 37511
is_linear=0
shrinkage=0.00720685


Tree=25
num_leaves=8
num_cat=0
split_feature=0 5 0 11 6 6 9
split_gain=86.3745 31.8532 33.1715 24.991 11.1582 4.34749 3.89939
threshold=-2.8048135042190547 inf 0.35203389823436743 3.3172918558120732 -2.8773807287216182 -0.10226199403405188 0.79941749572753917
decision_type=2 8 2 10 2 2 10
left_child=4 2 -2 -3 6 -6 -1
right_child=1 3 -4 -5 5 -7 -8
leaf_value=-0.00032238277367012869 -1.6214658343927206e-05 0.00060162054587114698 3.7635883401651894e-05 0.0037106303026703089 -0.00022744356138230503 -5.6638428178552505e-05 -0.00052841474512701993
leaf_weight=14966 1473977 2868 995303 140 35735 9881 7011
leaf_count=14966 1473977 2868 995303 140 35735 9881 7011
internal_value=-5.55077e-07 6.39413e-06 5.4911e-06 0.00074745 -0.000254727 -0.000190448 -0.000388131
internal_weight=2.53988e+06 2.47229e+06 2.46928e+06 3008 67593 45616 21977
internal_count=2539881 2472288 2469280 3008 67593 45616 21977
is_linear=0
shrinkage=0.00720685


Tree=26
num_leaves=8
num_cat=0
split_feature=1 18 18 1 6 20 17
split_gain=90.3637 54.559 31.4594 19.0843 8.63634 6.15573 5.16101
threshold=1.5338916182518008 -1.2301085591316221 0.21151972562074664 2.3959276676177983 -0.90445956587791432 -0.29778864979743952 1.0000000180025095e-35
decision_type=2 10 10 2 2 10 2
left_child=1 5 -3 4 -2 -1 -5
right_child=3 2 -4 6 -6 -7 -8
leaf_value=-0.0001314968527905693 -0.00017248627741514122 4.542423156749717e-05 -1.1018924744341057e-05 -0.00016723141795629544 -6.1151600491306864e-05 -5.5133237109070363e-05 -0.00034882013136647858
leaf_weight=118799 71377 1278969 856250 11523 73406 101824 27629
leaf_count=118799 71377 1278969 856250 11523 73406 101824 27629
internal_value=-3.70244e-07 1.16414e-05 2.27898e-05 -0.000154216 -0.00011604 -9.62533e-05 -0.000295382
internal_weight=2.53978e+06 2.35584e+06 2.13522e+06 183935 144783 220623 39152
internal_count=2539777 2355842 2135219 183935 144783 220623 39152
is_linear=0
shrinkage=0.00720685


Tree=27
num_leaves=8
num_cat=0
split_feature=0 18 23 0 18 0 23
split_gain=82.5652 51.1334 36.9636 16.9056 7.19834 5.59173 4.24343
threshold=-2.0430727005004878 -1.2848861813545225 inf -3.8821843862533565 -2.2352555990219112 -5.287055015563964 -1.2694976925849912
decision_type=2 10 8 2 8 2 8
left_child=3 4 -3 5 -2 -1 -5
right_child=1 2 -4 6 -6 -7 -8
leaf_value=-0.00046934484787222529 8.8372024319082244e-05 1.7328500886006863e-05 0.0008310858650346965 0.00020614277017548229 -0.00011313222616264475 -0.00026771781018601392 -0.00013848311518251704
leaf_weight=9555 9687 2236164 2902 1908 185825 28346 66655
leaf_count=9555 9687 2236164 2902 1908 185825 28346 66655
internal_value=3.30471e-08 8.62377e-06 1.83836e-05 -0.000196414 -0.000103148 -0.00031856 -0.00012889
internal_weight=2.54104e+06 2.43458e+06 2.23907e+06 106464 195512 37901 68563
internal_count=2541042 2434578 2239066 106464 195512 37901 68563
is_linear=0
shrinkage=0.00720685


Tree=28
num_leaves=8
num_cat=0
split_feature=1 23 11 1 11 6 6
split_gain=86.2822 33.654 25.6107 17.8859 15.8748 6.35158 6.252
threshold=1.5338916182518008 inf 3.3172918558120732 2.210954070091248 1.2817727327346804 -0.90445956587791432 -3.1679116487503047
decision_type=2 8 8 2 8 2 2
left_child=1 4 -3 5 -1 -2 -5
right_child=3 2 -4 6 -6 -7 -8
leaf_value=4.1650634556028717e-06 -0.0001566769111265611 0.00061756272221624058 0.0037016804037441411 -0.00037489241897633094 6.8547848693164688e-05 -5.4129551852056812e-05 -0.00020868857416060635
leaf_weight=2131577 59573 2921 146 16383 219383 66270 41641
leaf_count=2131577 59573 2921 146 16383 219383 66270 41641
internal_value=-5.86544e-07 1.11575e-05 0.00076548 -0.000150943 1.01731e-05 -0.000102676 -0.000255622
internal_weight=2.53789e+06 2.35403e+06 3067 183867 2.35096e+06 125843 58024
internal_count=2537894 2354027 3067 183867 2350960 125843 58024
is_linear=0
shrinkage=0.00720685


Tree=29
num_leaves=8
num_cat=0
split_feature=1 18 23 0 6 17 20
split_gain=84.5431 49.6747 30.5942 29.3769 9.28613 7.07126 6.21897
threshold=1.3431395888328554 -1.2301085591316221 inf -3.8821843862533565 -0.90445956587791432 0.75652265548706066 -0.46935833990573878
decision_type=2 10 8 2 2 2 8
left_child=1 6 -3 5 -5 -2 -1
right_child=3 2 -4 4 -6 -7 -8
leaf_value=-0.00013394055662533375 -0.00022005988860452746 2.3607387862484734e-05 0.00077611270712864256 -0.00014787182307051232 -4.9953278352280855e-05 -0.00041693123835202637 -5.6061417995903099e-05
leaf_weight=94561 20409 2079664 2809 90566 113155 17697 121928
leaf_count=94561 20409 2079664 2809 90566 113155 17697 121928
internal_value=3.38449e-07 1.38215e-05 2.46228e-05 -0.000127839 -9.34845e-05 -0.000311499 -9.00791e-05
internal_weight=2.54079e+06 2.29896e+06 2.08247e+06 241827 203721 38106 216489
internal_count=2540789 2298962 2082473 241827 203721 38106 216489
is_linear=0
shrinkage=0.00720685


Tree=30
num_leaves=8
num_cat=0
split_feature=1 0 5 0 0 6 17
split_gain=84.1005 30.5884 28.7452 21.4181 10.183 9.29818 5.61738
threshold=1.3431395888328554 -3.8821843862533565 inf 0.35203389823436743 -0.086073361337184892 -0.48699606955051417 0.76991200447082531
decision_type=2 2 8 2 2 2 2
left_child=2 6 3 -1 -4 -3 -2
right_child=1 5 4 -5 -6 -7 -8
leaf_value=-6.7260005335342523e-06 -0.00023441573374080048 -0.00013504690221830017 0.0026672390050382893 3.7683961788548155e-05 0.00062624184241147254 -3.6725668835402838e-05 -0.00041010225543429895
leaf_weight=1300117 20526 116226 132 996253 2885 87619 17532
leaf_count=1300117 20526 116226 132 996253 2885 87619 17532
internal_value=1.72705e-08 -0.000127804 1.34645e-05 1.25407e-05 0.000716355 -9.27858e-05 -0.000315357
internal_weight=2.54129e+06 241903 2.29939e+06 2.29637e+06 3017 203845 38058
internal_count=2541290 241903 2299387 2296370 3017 203845 38058
is_linear=0
shrinkage=0.00720685


Tree=31
num_leaves=8
num_cat=0
split_feature=0 0 23 0 9 6 6
split_gain=80.4564 27.952 27.0444 15.5942 12.109 9.88607 2.10902
threshold=-2.1928827762603755 0.3307213038206101 inf -5.287055015563964 0.0052380429115146407 -0.80949893593788136 -3.9636777639389034
decision_type=2 2 8 2 8 2 2
left_child=3 2 -2 6 -3 -5 -1
right_child=1 4 -4 5 -6 -7 -8
leaf_value=-0.0006156787438148909 -1.4603979125230191e-05 1.9035197182136894e-05 0.00066533198319106287 -0.00022961520806057952 7.1292309757427615e-05 -6.9383604985712334e-05 -0.00039544724147951092
leaf_weight=3638 1393941 703308 3044 56751 342449 30885 5987
leaf_count=3638 1393941 703308 3044 56751 342449 30885 5987
internal_value=-1.22826e-07 7.97075e-06 -1.31219e-05 -0.000203394 3.61477e-05 -0.000173147 -0.000478744
internal_weight=2.54e+06 2.44274e+06 1.39698e+06 97261 1.04576e+06 87636 9625
internal_count=2540003 2442742 1396985 97261 1045757 87636 9625
is_linear=0
shrinkage=0.00720685


Tree=32
num_leaves=8
num_cat=0
split_feature=1 18 5 0 6 0 20
split_gain=81.5656 48.8897 31.6952 29.156 8.40448 6.26501 6.04732
threshold=1.3431395888328554 -1.2301085591316221 inf -3.8821843862533565 -0.87198516726493824 -5.287055015563964 -0.46935833990573878
decision_type=2 10 8 2 2 2 8
left_child=1 6 -3 5 -5 -2 -1
right_child=3 2 -4 4 -6 -7 -8
leaf_value=-0.00013282988050747935 -0.00046754198398011557 2.3258849480824313e-05 0.00079931827627126295 -0.00014216780884399369 -4.9195663666635122e-05 -0.00025492849364177288 -5.6057195907669328e-05
leaf_weight=94249 9659 2079631 2736 92617 111059 28283 122628
leaf_count=94249 9659 2079631 2736 92617 111059 28283 122628
internal_value=3.17291e-07 1.3554e-05 2.42789e-05 -0.000125643 -9.14732e-05 -0.000309065 -8.94211e-05
internal_weight=2.54086e+06 2.29924e+06 2.08237e+06 241618 203676 37942 216877
internal_count=2540862 2299244 2082367 241618 203676 37942 216877
is_linear=0
shrinkage=0.00720685


Tree=33
num_leaves=8
num_cat=0
split_feature=0 18 18 0 18 6 6
split_gain=77.6351 50.448 35.7826 10.8083 7.10416 6.76559 1.74463
threshold=-2.8048135042190547 -1.2848861813545225 0.21151972562074664 -5.287055015563964 -2.2352555990219112 -0.52397373318672169 -4.5527038574218741
decision_type=2 10 10 2 8 2 2
left_child=3 4 -3 6 -2 -5 -1
right_child=1 2 -4 5 -6 -7 -8
leaf_value=-0.00063164149308149128 8.38755264910816e-05 3.9553880210300344e-05 -1.8688019723804046e-05 -0.00024812120768579588 -0.00011402277377609941 -6.704620262674368e-05 -0.00040826514448171082
leaf_weight=2445 9919 1355077 919772 43978 187547 14172 7120
leaf_count=2445 9919 1355077 919772 43978 187547 14172 7120
internal_value=-1.80101e-07 6.41388e-06 1.60054e-05 -0.000240927 -0.000104082 -0.000203993 -0.000465424
internal_weight=2.54003e+06 2.47232e+06 2.27485e+06 67715 197466 58150 9565
internal_count=2540030 2472315 2274849 67715 197466 58150 9565
is_linear=0
shrinkage=0.00720685


Tree=34
num_leaves=8
num_cat=0
split_feature=1 18 18 0 6 17 20
split_gain=79.1102 49.3915 28.0644 26.8283 7.72469 5.732 5.71506
threshold=1.3727424740791323 -1.2301085591316221 0.21151972562074664 -3.8821843862533565 -0.52397373318672169 0.81036746501922619 -0.43925526738166804
decision_type=2 10 8 2 2 2 8
left_child=1 6 -3 5 -5 -2 -1
right_child=3 2 -4 4 -6 -7 -8
leaf_value=-0.00013139490176962681 -0.00022324384369300834 4.4856930214761934e-05 -9.1155631631181898e-06 -0.0001327040473603774 -4.096221560092249e-05 -0.00040174512086602743 -5.7180885105459152e-05
leaf_weight=98157 21058 1260105 829949 109445 84456 16805 119523
leaf_count=98157 21058 1260105 829949 109445 84456 16805 119523
internal_value=-8.24938e-08 1.26648e-05 2.34247e-05 -0.00012701 -9.27453e-05 -0.000302478 -9.06463e-05
internal_weight=2.5395e+06 2.30773e+06 2.09005e+06 231764 193901 37863 217680
internal_count=2539498 2307734 2090054 231764 193901 37863 217680
is_linear=0
shrinkage=0.00720685


Tree=35
num_leaves=8
num_cat=0
split_feature=1 18 5 6 1 20 17
split_gain=76.529 47.2597 32.6391 17.7407 7.21393 6.69182 4.43376
threshold=1.5338916182518008 -1.2136018872261045 inf -2.8773807287216182 2.2996562719345097 -0.43155437707900995 0.60747644305229198
decision_type=2 10 8 2 2 8 2
left_child=1 5 -3 6 -5 -1 -2
right_child=3 2 -4 4 -6 -7 -8
leaf_value=-0.00012966888308219596 -0.00018870938791991102 2.0986255097044781e-05 0.00080085991066001561 -8.1230026551443654e-05 -0.00020363229455528224 -5.1565413591093568e-05 -0.00035549709044211194
leaf_weight=103538 13823 2123536 2790 117580 31765 126704 20655
leaf_count=103538 13823 2123536 2790 117580 31765 126704 20655
internal_value=3.42164e-07 1.13898e-05 2.20099e-05 -0.000141285 -0.000107266 -8.66884e-05 -0.000288636
internal_weight=2.54039e+06 2.35657e+06 2.12633e+06 183823 149345 230242 34478
internal_count=2540391 2356568 2126326 183823 149345 230242 34478
is_linear=0
shrinkage=0.00720685


Tree=36
num_leaves=8
num_cat=0
split_feature=0 18 18 6 18 6 0
split_gain=74.5576 46.232 33.8932 15.1088 7.13975 5.85427 5.34509
threshold=-2.0430727005004878 -1.2301085591316221 0.2632469534873963 -2.3166794776916499 -2.2352555990219112 -0.10226199403405188 -5.287055015563964
decision_type=2 10 10 2 8 2 2
left_child=3 4 -3 6 -2 -5 -1
right_child=1 2 -4 5 -6 -7 -8
leaf_value=-0.00050140287691510398 9.9329321440610156e-05 4.0614027757727792e-05 -1.7321322962492676e-05 -0.00016541684821585819 -9.8880864023838657e-05 -1.8290678672502622e-05 -0.00026636911187197259
leaf_weight=6005 9870 1350261 857551 50231 215697 19501 30857
leaf_count=6005 9870 1350261 857551 50231 215697 19501 30857
internal_value=-1.02078e-07 8.07013e-06 1.8111e-05 -0.00018666 -9.02074e-05 -0.000124273 -0.00030467
internal_weight=2.53997e+06 2.43338e+06 2.20781e+06 106594 225567 69732 36862
internal_count=2539973 2433379 2207812 106594 225567 69732 36862
is_linear=0
shrinkage=0.00720685


Tree=37
num_leaves=8
num_cat=0
split_feature=1 18 5 1 6 17 20
split_gain=75.9737 47.1568 28.1143 22.4385 7.25969 7.15195 6.19564
threshold=1.3431395888328554 -1.2136018872261045 inf 2.1300617456436162 -1.0139566063880918 0.085487801581621184 -0.091116767376661287
decision_type=2 10 8 2 2 2 8
left_child=1 6 -3 4 -2 -5 -1
right_child=3 2 -4 5 -6 -7 -8
leaf_value=-0.00011467079554743436 -0.00013544788152166254 2.2946253553305593e-05 0.00074379936034392133 -0.00013154338711847922 -4.0110633199756917e-05 -0.00028660764222162866 -3.6641125120798227e-05
leaf_weight=142111 68593 2069362 2813 23776 104971 44126 84149
leaf_count=142111 68593 2069362 2813 23776 104971 44126 84149
internal_value=3.62752e-07 1.31384e-05 2.39252e-05 -0.000121243 -7.77889e-05 -0.000232315 -8.56509e-05
internal_weight=2.5399e+06 2.29844e+06 2.07218e+06 241466 173564 67902 226260
internal_count=2539901 2298435 2072175 241466 173564 67902 226260
is_linear=0
shrinkage=0.00720685


Tree=38
num_leaves=8
num_cat=0
split_feature=1 5 1 6 3 9 23
split_gain=72.9822 31.5286 17.0038 12.9114 12.8692 5.51169 4.42319
threshold=1.7314487099647524 inf 0.76158025860786449 -1.4583238363265989 -1.2973154783248899 0.745709389448166 -1.2432628273963926
decision_type=2 8 2 2 10 10 8
left_child=1 2 -1 5 -3 -2 -5
right_child=3 4 -4 6 -6 -7 -8
leaf_value=1.6821687481141954e-05 -0.00019769640394382798 0.0010250020169379577 -3.5778307426611297e-05 0.00018293085349048481 -2.4125237882314135e-05 -0.00035116884217032746 -0.00010813908623009503
leaf_weight=2022239 46594 2232 379028 2820 834 16447 70012
leaf_count=2022239 46594 2232 379028 2820 834 16447 70012
internal_value=2.68588e-07 9.45171e-06 8.51902e-06 -0.00016223 0.000739695 -0.000237741 -9.68665e-05
internal_weight=2.54021e+06 2.40433e+06 2.40127e+06 135873 3066 63041 72832
internal_count=2540206 2404333 2401267 135873 3066 63041 72832
is_linear=0
shrinkage=0.00720685


Tree=39
num_leaves=8
num_cat=0
split_feature=1 5 1 11 1 17 22
split_gain=75.1287 26.3805 16.6693 14.9357 11.859 6.26489 4.7089
threshold=1.7767716050148012 inf 0.76158025860786449 2.4768937826156621 2.5189371109008794 0.53731927275657665 -2.2050768136978145
decision_type=2 8 2 10 2 2 8
left_child=1 2 -1 -3 5 -2 -6
right_child=4 3 -4 -5 6 -7 -8
leaf_value=1.6915575501496193e-05 -8.133871775682648e-05 0.00052009395711086193 -3.4654628636648966e-05 0.0022602413873359984 0.0010875204378878883 -0.00019805391200596539 -0.00030371427432791012
leaf_weight=2022159 54618 2725 388008 282 126 42456 29226
leaf_count=2022159 54618 2725 388008 282 126 42456 29226
internal_value=4.83128e-07 9.45517e-06 8.61337e-06 0.000683954 -0.000170771 -0.000132387 -0.000297706
internal_weight=2.5396e+06 2.41317e+06 2.41017e+06 3007 126426 97074 29352
internal_count=2539600 2413174 2410167 3007 126426 97074 29352
is_linear=0
shrinkage=0.00720685


Tree=40
num_leaves=8
num_cat=0
split_feature=1 0 23 0 9 6 17
split_gain=71.5034 25.5692 25.2417 13.8109 12.5401 5.58211 3.7406
threshold=1.7767716050148012 0.43177393078804022 inf -4.8344538211822501 -0.0054159909486770621 -0.80949893593788136 0.67920669913291942
decision_type=2 2 8 2 8 2 2
left_child=1 2 -1 6 -3 -5 -2
right_child=3 4 -4 5 -6 -7 -8
leaf_value=-8.9049168768311654e-06 -0.00023716769517716769 2.2416025471106981e-05 0.00064048122969093666 -0.00017865335128564911 8.2906914131347585e-05 -7.3124428965345788e-05 -0.00043939079827277487
leaf_weight=1596330 8894 549985 3114 62875 263168 44437 10211
leaf_count=1596330 8894 549985 3114 62875 263168 44437 10211
internal_value=3.33866e-07 9.08851e-06 -7.64022e-06 -0.000166742 4.19933e-05 -0.000134956 -0.000345267
internal_weight=2.53901e+06 2.4126e+06 1.59944e+06 126417 813153 107312 19105
internal_count=2539014 2412597 1599444 126417 813153 107312 19105
is_linear=0
shrinkage=0.00720685


Tree=41
num_leaves=8
num_cat=0
split_feature=6 11 5 19 6 5 20
split_gain=60.1985 17.7005 17.3953 14.313 12.3719 8.08696 4.80108
threshold=-1.5255153775215147 1.2817727327346804 inf -1.693564176559448 -3.5284409523010249 inf 0.32256132364273077
decision_type=2 8 8 8 2 8 8
left_child=4 3 -3 -2 6 -6 -1
right_child=1 2 -4 -5 5 -7 -8
leaf_value=-8.8122758077305608e-05 0.00029478449336530941 6.8394183863511096e-05 0.0013869456728659354 1.7294494717967907e-06 -0.00010747805995892249 0.0010257026211513138 -0.00031061847550319582
leaf_weight=6333 8690 213511 520 2158390 127301 327 24641
leaf_count=6333 8690 213511 520 2158390 127301 327 24641
internal_value=2.44538e-08 9.07994e-06 7.16039e-05 2.90474e-06 -0.000135926 -0.000104567 -0.000265132
internal_weight=2.53971e+06 2.38111e+06 214031 2.16708e+06 158602 127628 30974
internal_count=2539713 2381111 214031 2167080 158602 127628 30974
is_linear=0
shrinkage=0.00720685


Tree=42
num_leaves=8
num_cat=0
split_feature=6 18 18 18 5 2 18
split_gain=59.997 48.329 25.1936 17.4238 19.3207 11.2075 7.03282
threshold=-1.2854242920875547 -1.2848861813545225 0.17485177516937259 0.6138039529323579 inf 0.10374387726187707 -2.2352555990219112
decision_type=2 10 10 10 8 10 8
left_child=3 6 -3 5 -5 -1 -2
right_child=1 2 -4 4 -6 -7 -8
leaf_value=7.1132893418013977e-05 8.6972311265545531e-05 3.9600506496235443e-05 -1.0657722396668643e-05 -0.00019095249035623685 0.0012057438385105481 -0.00010122877728427584 -0.00011013139690160299
leaf_weight=28155 9912 1278128 871119 105465 516 64431 182539
leaf_count=28155 9912 1278128 871119 105465 516 64431 182539
internal_value=-7.66076e-07 9.43296e-06 1.92302e-05 -0.000121043 -0.000184141 -4.88139e-05 -9.99793e-05
internal_weight=2.54026e+06 2.3417e+06 2.14925e+06 198567 105981 92586 192451
internal_count=2540265 2341698 2149247 198567 105981 92586 192451
is_linear=0
shrinkage=0.00720685


Tree=43
num_leaves=8
num_cat=0
split_feature=1 23 1 12 16 6 6
split_gain=67.6126 22.4548 19.642 11.8418 9.21976 9.14303 4.31968
threshold=1.3431395888328554 inf 2.3959276676177983 1.3443138003349306 -0.0065321531146764747 -0.87198516726493824 -3.1679116487503047
decision_type=2 8 2 8 2 2 2
left_child=1 3 5 -1 -3 -2 -4
right_child=2 4 6 -5 -6 -7 -8
leaf_value=8.7229639309833769e-06 -0.00013864624953375889 0.00014026307536233717 -0.00037307270848978454 0.00012254192667568366 0.0009444333316131774 -4.1480045556389955e-05 -0.00021067891091034361
leaf_weight=2246247 93169 1228 12495 48501 1866 109313 26683
leaf_count=2246247 93169 1228 12495 48501 1866 109313 26683
internal_value=-1.034e-07 1.1956e-05 -0.000114771 1.11287e-05 0.000625409 -8.61902e-05 -0.000262479
internal_weight=2.5395e+06 2.29784e+06 241660 2.29475e+06 3094 202482 39178
internal_count=2539502 2297842 241660 2294748 3094 202482 39178
is_linear=0
shrinkage=0.00720685


Tree=44
num_leaves=8
num_cat=0
split_feature=0 0 23 9 0 9 9
split_gain=69.3848 27.8096 24.7701 12.005 8.95763 4.93478 1.20249
threshold=-2.8048135042190547 0.35203389823436743 inf 0.01921632140874863 -5.287055015563964 0.65267601609230053 -0.069308213889598833
decision_type=2 2 8 8 2 10 8
left_child=4 2 -2 -3 6 -6 -1
right_child=1 3 -4 -5 5 -7 -8
leaf_value=-0.00025310935634088373 -1.5233562826888758e-05 1.873434149290115e-05 0.00063153807518225578 7.2979820579434189e-05 -0.00015092392049608752 -0.00029613508681885657 -0.00046823988437349578
leaf_weight=1630 1472841 689205 3081 305970 40924 17294 7965
leaf_count=1630 1472841 689205 3081 305970 40924 17294 7965
internal_value=-2.71668e-07 5.96953e-06 -1.3883e-05 3.54124e-05 -0.000227697 -0.000194064 -0.000431725
internal_weight=2.53891e+06 2.4711e+06 1.47592e+06 995175 67813 58218 9595
internal_count=2538910 2471097 1475922 995175 67813 58218 9595
is_linear=0
shrinkage=0.00720685


Tree=45
num_leaves=8
num_cat=0
split_feature=6 11 23 19 6 5 23
split_gain=56.5843 18.3918 18.5014 14.1656 12.019 11.9764 4.2397
threshold=-1.5255153775215147 1.2817727327346804 inf -1.693564176559448 -3.5284409523010249 inf 0.93689659237861644
decision_type=2 8 8 8 2 8 8
left_child=4 3 -3 -2 6 -6 -1
right_child=1 2 -4 -5 5 -7 -8
leaf_value=-0.00030826369855225068 0.00029228124080224173 6.8863918542074726e-05 0.0013972599555307108 1.1552921384767807e-06 -0.00010473081669643252 0.001255788747065399 -0.0001127042142555676
leaf_weight=23175 8715 214251 545 2158296 127360 336 7664
leaf_count=23175 8715 214251 545 2158296 127360 336 7664
internal_value=-1.439e-07 8.6313e-06 7.22407e-05 2.32624e-06 -0.000131981 -0.000101141 -0.00025967
internal_weight=2.54034e+06 2.38181e+06 214796 2.16701e+06 158535 127696 30839
internal_count=2540342 2381807 214796 2167011 158535 127696 30839
is_linear=0
shrinkage=0.00720685


Tree=46
num_leaves=8
num_cat=0
split_feature=0 23 0 17 0 17 17
split_gain=69.1296 27.9072 28.8827 14.4221 9.59359 6.04701 2.09345
threshold=-2.8048135042190547 inf 0.35203389823436743 2.4166290760040288 -5.287055015563964 0.70328330993652355 0.16663907468318942
decision_type=2 8 2 2 2 2 2
left_child=4 2 -2 -3 6 -6 -1
right_child=1 3 -4 -5 5 -7 -8
leaf_value=-0.00026591423500102489 -1.4822555332211238e-05 0.00059920408998834663 3.5434361395598648e-05 0.0035278647895448842 -0.00012871539149621048 -0.00027710232265656899 -0.00050439477577485323
leaf_weight=2648 1472517 3075 995433 89 33382 24911 6916
leaf_count=2648 1472517 3075 995433 89 33382 24911 6916
internal_value=8.394e-08 6.31559e-06 5.44827e-06 0.00068262 -0.000226847 -0.000192131 -0.000438402
internal_weight=2.53897e+06 2.47111e+06 2.46795e+06 3164 67857 58293 9564
internal_count=2538971 2471114 2467950 3164 67857 58293 9564
is_linear=0
shrinkage=0.00720685


Tree=47
num_leaves=8
num_cat=0
split_feature=1 18 5 0 17 6 20
split_gain=68.7464 46.3481 31.1517 24.4079 6.66338 6.37275 5.77888
threshold=1.3431395888328554 -1.2301085591316221 inf -3.4612880945205684 0.51459041237831127 -0.87198516726493824 -0.39323088526725763
decision_type=2 10 8 2 2 2 8
left_child=1 6 -3 4 -2 -5 -1
right_child=3 2 -4 5 -6 -7 -8
leaf_value=-0.00012700373727384193 -0.00017077457178969879 2.1703234788456457e-05 0.00078525139175586944 -0.00012582077928395598 -0.00034223640765191808 -4.2812712290184865e-05 -5.2469448333897482e-05
leaf_weight=103395 22067 2079752 2778 86546 25243 107965 113166
leaf_count=103395 22067 2079752 2778 86546 25243 107965 113166
internal_value=1.29941e-07 1.22875e-05 2.27221e-05 -0.000115456 -0.000262266 -7.9747e-05 -8.80557e-05
internal_weight=2.54091e+06 2.29909e+06 2.08253e+06 241821 47310 194511 216561
internal_count=2540912 2299091 2082530 241821 47310 194511 216561
is_linear=0
shrinkage=0.00720685


Tree=48
num_leaves=8
num_cat=0
split_feature=1 18 18 0 23 17 20
split_gain=68.1997 46.415 30.8252 21.1552 7.04138 5.70549 5.59718
threshold=1.5338916182518008 -1.2136018872261045 0.21151972562074664 -3.8821843862533565 -1.3009461164474485 -0.66384747624397267 -0.29778864979743952
decision_type=2 10 8 2 8 2 8
left_child=1 6 -3 5 -5 -2 -1
right_child=3 2 -4 4 -6 -7 -8
leaf_value=-0.00012080052046971544 -4.0932901569031515e-05 4.3574535179263156e-05 -1.2371945149447253e-05 0.00022814739870350356 -0.00010234098330577456 -0.00031896732853242416 -4.9652200943127004e-05
leaf_weight=119807 4337 1270639 856158 3428 142588 33048 110308
leaf_count=119807 4337 1270639 856158 3428 142588 33048 110308
internal_value=1.16377e-07 1.05329e-05 2.10529e-05 -0.000133747 -9.45805e-05 -0.000286715 -8.66953e-05
internal_weight=2.54031e+06 2.35691e+06 2.1268e+06 183401 146016 37385 230115
internal_count=2540313 2356912 2126797 183401 146016 37385 230115
is_linear=0
shrinkage=0.00720685


Tree=49
num_leaves=8
num_cat=0
split_feature=0 18 18 0 17 18 17
split_gain=62.0076 44.8375 32.2094 11.7709 7.20112 6.25891 1.93006
threshold=-2.1928827762603755 -1.2481349706649778 0.32899007201194769 -5.287055015563964 0.51459041237831127 -2.2352555990219112 0.4465943723917008
decision_type=2 10 8 2 2 8 2
left_child=3 5 -3 6 -5 -2 -1
right_child=1 2 -4 4 -6 -7 -8
leaf_value=-0.00028141534930615082 8.5142829668070241e-05 3.7429766005875629e-05 -1.9487069044261754e-05 -9.0715947535564999e-05 -0.00022190900164543694 -0.00010052177577231115 -0.0004951734094898973
leaf_weight=3418 9881 1413674 813615 46035 41164 206438 6154
leaf_count=3418 9881 1413674 813615 46035 41164 206438 6154
internal_value=-6.80023e-08 7.0176e-06 1.66384e-05 -0.000178988 -0.00015265 -9.20406e-05 -0.000418882
internal_weight=2.54038e+06 2.44361e+06 2.22729e+06 96771 87199 216319 9572
internal_count=2540379 2443608 2227289 96771 87199 216319 9572
is_linear=0
shrinkage=0.00720685


Tree=50
num_leaves=8
num_cat=0
split_feature=1 18 5 0 20 6 6
split_gain=65.4045 43.168 29.0745 18.1367 5.77213 5.2008 4.66907
threshold=1.5693862438201907 -1.2848861813545225 inf -3.8821843862533565 -0.47721584141254419 -0.46965596079826349 -3.1679116487503047
decision_type=2 10 8 2 8 2 2
left_child=1 4 -3 6 -1 -5 -2
right_child=3 2 -4 5 -6 -7 -8
leaf_value=-0.00014021603532701928 -0.00038100257060487186 1.7383699577304892e-05 0.00075514884858165999 -0.00013189140539622982 -6.0273532549676867e-05 -4.0208229942534033e-05 -0.00021437513280876661
leaf_weight=82083 13873 2168604 2777 84601 109486 51821 23599
leaf_count=82083 13873 2168604 2777 84601 109486 51821 23599
internal_value=-7.48874e-07 9.17813e-06 1.83276e-05 -0.000135641 -9.45278e-05 -9.70655e-05 -0.000276073
internal_weight=2.53684e+06 2.36295e+06 2.17138e+06 173894 191569 136422 37472
internal_count=2536844 2362950 2171381 173894 191569 136422 37472
is_linear=0
shrinkage=0.00720685


Tree=51
num_leaves=8
num_cat=0
split_feature=1 0 0 1 2 0 6
split_gain=66.0462 22.8871 20.3758 15.5366 6.6358 6.10704 5.48547
threshold=1.3431395888328554 -3.4612880945205684 0.43177393078804022 -2.1446454524993892 2.2591958045959477 -5.287055015563964 -0.50482043623924244
decision_type=2 2 2 2 8 2 2
left_child=2 5 3 -1 -4 -2 -3
right_child=1 6 4 -5 -6 -7 -8
leaf_value=0.00090677408107972068 -0.00041721411350660657 -0.00011246599693883648 4.0801598251614532e-05 -4.234286764925276e-06 0.0010391530744157079 -0.00021375228993652972 -3.5342565494879372e-05
leaf_weight=972 9616 108366 813872 1483460 345 37740 85848
leaf_count=972 9616 108366 813872 1483460 345 37740 85848
internal_value=3.41039e-07 -0.000113016 1.2254e-05 -3.63717e-06 4.12259e-05 -0.000255075 -7.83758e-05
internal_weight=2.54022e+06 241570 2.29865e+06 1.48443e+06 814217 47356 194214
internal_count=2540219 241570 2298649 1484432 814217 47356 194214
is_linear=0
shrinkage=0.00720685


Tree=52
num_leaves=8
num_cat=0
split_feature=1 18 18 0 18 2 15
split_gain=61.9733 43.0466 29.9883 10.4678 5.8559 5.00892 1.43515
threshold=1.9328467249870303 -1.322777211666107 0.2374154403805733 -5.287055015563964 -2.2352555990219112 0.14538613706827166 -0.45250372588634485
decision_type=2 10 10 2 8 10 2
left_child=1 4 -3 6 -1 -5 -2
right_child=3 2 -4 5 -6 -7 -8
leaf_value=6.9384096313906786e-05 -0.00047246732211939676 3.7166193684016555e-05 -1.658903422968023e-05 -4.2697887497112592e-05 -0.00011068659066404345 -0.00017993413853931712 -0.00029016150564572992
leaf_weight=9938 5977 1382929 883289 17182 166804 70479 3602
leaf_count=9938 5977 1382929 883289 17182 166804 70479 3602
internal_value=6.63915e-07 7.76591e-06 1.62144e-05 -0.000177758 -0.000100561 -0.000153036 -0.000403953
internal_weight=2.5402e+06 2.44296e+06 2.26622e+06 97240 176742 87661 9579
internal_count=2540200 2442960 2266218 97240 176742 87661 9579
is_linear=0
shrinkage=0.00720685


Tree=53
num_leaves=8
num_cat=0
split_feature=1 18 18 0 20 3 0
split_gain=64.4049 40.4041 32.3878 15.3862 6.80741 5.71195 3.21967
threshold=1.6903727054595949 -1.1499220132827757 0.21151972562074664 -4.36318016052246 0.63370779156684887 1.595251798629761 -5.287055015563964
decision_type=2 10 8 2 10 8 2
left_child=1 4 -3 6 -1 -5 -2
right_child=3 2 -4 5 -6 -7 -8
leaf_value=-8.7984463179848808e-05 -0.00040471437309241235 4.3335306938590834e-05 -1.3839448927594642e-05 -0.00011486379341783622 1.6609022437401393e-05 0.00049396410481533279 -0.00024263967604551062
leaf_weight=234579 9649 1245424 876925 115878 37483 805 18739
leaf_count=234579 9649 1245424 876925 115878 37483 805 18739
internal_value=1.78419e-07 9.11199e-06 1.97115e-05 -0.00014727 -7.35741e-05 -0.000110659 -0.000297741
internal_weight=2.53948e+06 2.39441e+06 2.12235e+06 145071 272062 116683 28388
internal_count=2539482 2394411 2122349 145071 272062 116683 28388
is_linear=0
shrinkage=0.00720685


Tree=54
num_leaves=8
num_cat=0
split_feature=1 18 18 0 20 6 6
split_gain=63.37 41.1323 24.0483 22.851 6.26657 6.12845 4.14926
threshold=1.3431395888328554 -1.3027923107147215 0.21151972562074664 -3.8821843862533565 0.097774229943752303 -0.90445956587791432 -3.1679116487503047
decision_type=2 10 10 2 8 2 2
left_child=1 4 -3 6 -1 -5 -2
right_child=3 2 -4 5 -6 -7 -8
leaf_value=-0.00012052520425426232 -0.0003718314107179947 4.0013753215707122e-05 -9.7581452473309003e-06 -0.00012477811663999278 -2.6571554672479839e-05 -4.5283657209068518e-05 -0.00021561362930365777
leaf_weight=126838 14015 1293034 826479 90822 51985 113093 23895
leaf_count=126838 14015 1293034 826479 90822 51985 113093 23895
internal_value=7.38416e-08 1.175e-05 2.06058e-05 -0.000110898 -9.32127e-05 -8.06904e-05 -0.000273374
internal_weight=2.54016e+06 2.29834e+06 2.11951e+06 241825 178823 203915 37910
internal_count=2540161 2298336 2119513 241825 178823 203915 37910
is_linear=0
shrinkage=0.00720685


Tree=55
num_leaves=8
num_cat=0
split_feature=1 23 11 0 0 23 0
split_gain=64.6222 23.9752 26.4175 22.0821 19.6523 8.00789 4.51357
threshold=1.3431395888328554 inf 2.4768937826156621 -3.8821843862533565 0.35203389823436743 -1.2694976925849912 -5.287055015563964
decision_type=2 8 8 2 2 8 2
left_child=1 4 -3 6 -1 -5 -2
right_child=3 2 -4 5 -6 -7 -8
leaf_value=-7.5405760295153497e-06 -0.00040755577037478727 0.00043156703985048218 0.0027111819351609782 0.00019028384869426831 3.5012112296129219e-05 -8.988381378718615e-05 -0.00022625239607719703
leaf_weight=1299482 9539 2770 291 5443 995569 198701 28292
leaf_count=1299482 9539 2770 291 5443 995569 198701 28292
internal_value=-2.67923e-08 1.17686e-05 0.000649061 -0.000112051 1.09183e-05 -8.24129e-05 -0.000271977
internal_weight=2.54009e+06 2.29811e+06 3061 241975 2.29505e+06 204144 37831
internal_count=2540087 2298112 3061 241975 2295051 204144 37831
is_linear=0
shrinkage=0.00720685


Tree=56
num_leaves=8
num_cat=0
split_feature=0 23 0 11 6 0 5
split_gain=60.5186 25.2739 26.5544 20.0428 9.3286 3.87096 2.91752
threshold=-2.8048135042190547 inf 0.38698180019855505 2.4768937826156621 -2.6512677669525142 -5.287055015563964 1.3967765569686892
decision_type=2 8 2 8 2 2 10
left_child=4 2 -2 -3 5 -1 -6
right_child=1 3 -4 -5 6 -7 -8
leaf_value=-0.00049377576010881487 -1.3108120139976457e-05 0.00046824974089490018 3.5833587461058546e-05 0.0024660916463147687 -0.00011206185691295002 -0.00027621503375820349 -0.00024338872417357558
leaf_weight=5481 1555537 2876 914192 286 31235 18913 12227
leaf_count=5481 1555537 2876 914192 286 31235 18913 12227
internal_value=6.15889e-09 5.83261e-06 5.00808e-06 0.000649643 -0.000212325 -0.000325116 -0.000149013
internal_weight=2.54075e+06 2.47289e+06 2.46973e+06 3162 67856 24394 43462
internal_count=2540747 2472891 2469729 3162 67856 24394 43462
is_linear=0
shrinkage=0.00720685


Tree=57
num_leaves=8
num_cat=0
split_feature=0 18 18 6 23 0 18
split_gain=59.0014 42.3613 30.7585 12.8499 6.12282 5.31085 5.16492
threshold=-2.0430727005004878 -1.1972748041152952 0.2632469534873963 -2.3166794776916499 -1.2694976925849912 -5.287055015563964 -2.2352555990219112
decision_type=2 10 8 2 8 2 8
left_child=3 6 -3 5 -5 -1 -2
right_child=1 2 -4 4 -6 -7 -8
leaf_value=-0.00047137785677891765 8.0940989856811814e-05 3.8716705493043413e-05 -1.6621666899196527e-05 0.00025245708818049013 -0.00012131006200695475 -0.0002369088419336201 -8.9463481719884746e-05
leaf_weight=5992 9614 1332096 857491 2355 67417 30883 235883
leaf_count=5992 9614 1332096 857491 2355 67417 30883 235883
internal_value=-2.86672e-07 6.97991e-06 1.7045e-05 -0.000166204 -0.000108691 -0.000275021 -8.27898e-05
internal_weight=2.54173e+06 2.43508e+06 2.18959e+06 106647 69772 36875 245497
internal_count=2541731 2435084 2189587 106647 69772 36875 245497
is_linear=0
shrinkage=0.00720685


Tree=58
num_leaves=8
num_cat=0
split_feature=1 18 18 0 6 18 6
split_gain=59.7873 40.9314 25.8449 20.2542 6.591 5.77499 4.55942
threshold=1.3431395888328554 -1.3027923107147215 0.21151972562074664 -3.8821843862533565 -0.48699606955051417 -2.2352555990219112 -3.5284409523010249
decision_type=2 10 10 2 2 8 2
left_child=1 5 -3 6 -5 -1 -2
right_child=3 2 -4 4 -6 -7 -8
leaf_value=8.1725765590033136e-05 -0.00037656301999321559 4.0036628539622578e-05 -1.1567938913866336e-05 -0.00011509001367299325 -3.2348648002462333e-05 -0.00010317529331292672 -0.00020693649871714271
leaf_weight=9251 12044 1292663 826264 116335 87700 169625 26013
leaf_count=9251 12044 1292663 826264 116335 87700 169625 26013
internal_value=-2.73423e-07 1.10761e-05 1.99137e-05 -0.000107996 -7.95259e-05 -9.36122e-05 -0.000260627
internal_weight=2.5399e+06 2.2978e+06 2.11893e+06 242092 204035 178876 38057
internal_count=2539895 2297803 2118927 242092 204035 178876 38057
is_linear=0
shrinkage=0.00720685


Tree=59
num_leaves=8
num_cat=0
split_feature=0 5 0 0 6 17 9
split_gain=56.887 29.6401 26.6906 15.2177 9.12651 4.2385 3.1876
threshold=-2.8048135042190547 inf 0.29686439037323004 -0.086073361337184892 -3.1679116487503047 -0.29139654338359827 0.79941749572753917
decision_type=2 8 2 2 2 2 10
left_child=4 2 -2 -3 6 -6 -1
right_child=1 3 -4 -5 5 -7 -8
leaf_value=-0.00027466951038339192 -1.7458465614258e-05 0.0030007449792946793 3.0119774984137246e-05 0.00059981874794244659 -4.0727378778121605e-05 -0.00019396813671752563 -0.00047226094336565237
leaf_weight=13057 1342738 143 1125889 2929 12719 35663 6286
leaf_count=13057 1342738 143 1125889 2929 12719 35663 6286
internal_value=-5.24794e-07 5.12149e-06 4.24096e-06 0.000712477 -0.00020659 -0.000153685 -0.000338903
internal_weight=2.53942e+06 2.4717e+06 2.46863e+06 3072 67725 48382 19343
internal_count=2539424 2471699 2468627 3072 67725 48382 19343
is_linear=0
shrinkage=0.00720685


Tree=60
num_leaves=8
num_cat=0
split_feature=1 0 0 9 19 17 9
split_gain=57.5026 21.738 19.5111 12.4302 10.896 5.2497 4.86986
threshold=1.3727424740791323 -3.8821843862533565 0.43177393078804022 0.0052380429115146407 -1.693564176559448 0.075752068310976042 0.61449939012527477
decision_type=2 2 2 8 8 2 10
left_child=2 5 4 -4 -1 -2 -3
right_child=1 6 3 -5 -6 -7 -8
leaf_value=0.00030618290030658623 -0.00013798867410943165 -6.0327464375182479e-05 1.9836370132622659e-05 8.0688284739137661e-05 -6.3103542328520963e-06 -0.00032195605219448753 -0.0001526676253751556
leaf_weight=5817 11576 157292 560430 253085 1488545 26518 36559
leaf_count=5817 11576 157292 560430 253085 1488545 26518 36559
internal_value=-5.03957e-07 -0.000108672 1.03671e-05 3.87675e-05 -5.09372e-06 -0.000266058 -7.7743e-05
internal_weight=2.53982e+06 231945 2.30788e+06 813515 1.49436e+06 38094 193851
internal_count=2539822 231945 2307877 813515 1494362 38094 193851
is_linear=0
shrinkage=0.00720685


Tree=61
num_leaves=8
num_cat=0
split_feature=1 5 0 0 11 5 17
split_gain=58.4379 21.2394 21.5588 14.9661 13.1043 6.10101 4.84705
threshold=1.5338916182518008 inf 0.43177393078804022 -4.36318016052246 3.3172918558120732 1.3537864089012148 0.78356385231018078
decision_type=2 8 2 2 10 10 2
left_child=1 2 -1 6 -3 -5 -2
right_child=3 4 -4 5 -6 -7 -8
leaf_value=-7.6265003600481464e-06 -0.00018679821364417723 0.00050018752370515891 3.8251583482753254e-05 -7.0175013676768361e-05 0.0026390997642024602 -0.00017389865831315152 -0.00037513070374216984
leaf_weight=1538178 14931 2887 813267 115642 156 39520 13536
leaf_count=1538178 14931 2887 813267 115642 156 39520 13536
internal_value=-6.37766e-07 9.01962e-06 8.24082e-06 -0.000124464 0.000610632 -9.65946e-05 -0.00027636
internal_weight=2.53812e+06 2.35449e+06 2.35144e+06 183629 3043 155162 28467
internal_count=2538117 2354488 2351445 183629 3043 155162 28467
is_linear=0
shrinkage=0.00720685


Tree=62
num_leaves=8
num_cat=0
split_feature=1 18 18 0 23 20 0
split_gain=57.5292 39.7269 26.8356 18.39 8.71258 6.87916 4.00545
threshold=1.3727424740791323 -1.135065972805023 0.17485177516937259 -3.8821843862533565 -1.3009461164474485 0.23264145106077197 -5.287055015563964
decision_type=2 10 8 2 10 10 2
left_child=1 5 -3 6 -5 -1 -2
right_child=3 2 -4 4 -6 -7 -8
leaf_value=-9.0758175619085681e-05 -0.00038131026957781102 4.4270267599580571e-05 -8.7273603199432731e-06 0.00023299675441306643 -8.7271379981686305e-05 -5.9912515572366043e-06 -0.00021046377956563135
leaf_weight=208618 9528 1175562 858729 4516 189455 65287 28319
leaf_count=208618 9528 1175562 858729 4516 189455 65287 28319
internal_value=5.80411e-08 1.09275e-05 2.18985e-05 -0.000108168 -7.98137e-05 -7.05536e-05 -0.000253484
internal_weight=2.54001e+06 2.3082e+06 2.03429e+06 231818 193971 273905 37847
internal_count=2540014 2308196 2034291 231818 193971 273905 37847
is_linear=0
shrinkage=0.00720685


Tree=63
num_leaves=8
num_cat=0
split_feature=1 5 11 11 1 23 9
split_gain=56.5386 22.6809 22.4876 14.1148 12.1919 6.54917 3.555
threshold=1.5338916182518008 inf 2.4768937826156621 1.2817727327346804 2.3959276676177983 -1.2694976925849912 0.31360518932342535
decision_type=2 8 10 8 2 10 10
left_child=1 3 -3 -1 5 -2 -6
right_child=4 2 -4 -5 6 -7 -8
leaf_value=3.2069528512523126e-06 0.00019960552604270202 0.00043931202891057031 0.0026331398977169312 6.3919117431312445e-05 -0.00016804563068747378 -9.9049950543995003e-05 -0.00030525862560790048
leaf_weight=2134516 3919 2784 265 219326 20375 140630 18919
leaf_count=2134516 3919 2784 265 219326 20375 140630 18919
internal_value=1.73817e-07 9.66879e-06 0.000630751 8.86402e-06 -0.000121552 -9.09514e-05 -0.000234116
internal_weight=2.54073e+06 2.35689e+06 3049 2.35384e+06 183843 144549 39294
internal_count=2540734 2356891 3049 2353842 183843 144549 39294
is_linear=0
shrinkage=0.00720685


Tree=64
num_leaves=8
num_cat=0
split_feature=1 5 0 0 11 23 0
split_gain=55.6552 19.5263 19.3006 18.7451 15.7536 8.02499 5.45591
threshold=1.3431395888328554 inf -3.4612880945205684 0.43177393078804022 2.4768937826156621 -1.3009461164474485 -5.287055015563964
decision_type=2 8 2 2 10 10 2
left_child=1 3 6 -1 -3 -4 -2
right_child=2 4 5 -5 -6 -7 -8
leaf_value=-4.9700107621698213e-06 -0.00038746736421777628 0.00042443619374571038 0.00023007428453837624 3.8074625115302182e-05 0.0022418098486429311 -7.9200549103582144e-05 -0.00019525918822633305
leaf_weight=1482121 9628 2795 4459 814076 271 189896 37750
leaf_count=1482121 9628 2795 4459 814076 271 189896 37750
internal_value=1.21956e-07 1.10583e-05 -0.000103899 1.02907e-05 0.000585721 -7.21038e-05 -0.000234327
internal_weight=2.541e+06 2.29926e+06 241733 2.2962e+06 3066 194355 47378
internal_count=2540996 2299263 241733 2296197 3066 194355 47378
is_linear=0
shrinkage=0.00720685


Tree=65
num_leaves=8
num_cat=0
split_feature=1 0 0 1 11 3 0
split_gain=56.2483 18.9372 15.4546 13.9113 10.9978 5.23534 3.92934
threshold=1.5338916182518008 0.34364692866802221 -4.36318016052246 -2.1446454524993892 1.2394505739212038 1.529711961746216 -5.287055015563964
decision_type=2 2 2 2 8 8 2
left_child=1 3 6 -1 -3 -4 -2
right_child=2 4 5 -5 -6 -7 -8
leaf_value=0.00092237214118807585 -0.00039435999061671837 2.3298287490328808e-05 -9.6619277829008813e-05 -8.725941323247015e-06 9.0461951979359844e-05 0.000369103247122426 -0.00021523654013591654
leaf_weight=833 9559 867394 154375 1340652 148273 1263 19030
leaf_count=833 9559 867394 154375 1340652 148273 1263 19030
internal_value=1.48466e-07 9.62718e-06 -0.000121129 -8.1471e-06 3.31033e-05 -9.28376e-05 -0.00027514
internal_weight=2.54138e+06 2.35715e+06 184227 1.34148e+06 1.01567e+06 155638 28589
internal_count=2541379 2357152 184227 1341485 1015667 155638 28589
is_linear=0
shrinkage=0.00720685


Tree=66
num_leaves=8
num_cat=0
split_feature=0 18 18 6 18 6 9
split_gain=51.7103 40.7118 29.0349 8.4043 5.77797 3.71362 3.23301
threshold=-2.8048135042190547 -1.2848861813545225 0.27582190930843359 -2.8773807287216182 -2.2352555990219112 -0.48699606955051417 0.79941749572753917
decision_type=2 10 8 2 8 2 10
left_child=3 4 -3 6 -2 -5 -1
right_child=1 2 -4 5 -6 -7 -8
leaf_value=-0.00025296378511745589 7.4674975676252271e-05 3.3594965912040798e-05 -1.9376494034631396e-05 -0.00018615471162110818 -0.00010353393024069586 -4.7377959133541873e-05 -0.0004404100044599126
leaf_weight=15042 9950 1403735 870851 30994 187552 14798 7010
leaf_count=15042 9950 1403735 870851 30994 187552 14798 7010
internal_value=-6.90841e-07 4.69618e-06 1.33142e-05 -0.00019698 -9.45555e-05 -0.000141311 -0.000312568
internal_weight=2.53993e+06 2.47209e+06 2.27459e+06 67844 197502 45792 22052
internal_count=2539932 2472088 2274586 67844 197502 45792 22052
is_linear=0
shrinkage=0.00720685


Tree=67
num_leaves=8
num_cat=0
split_feature=0 0 6 2 6 22 4
split_gain=51.5229 24.7688 13.8121 6.48669 5.65331 2.74128 2.24311
threshold=-3.4612880945205684 0.33512412011623388 -1.1403461098670957 2.2591958045959477 -3.5284409523010249 0.28664128482341772 -0.070986308157443986
decision_type=2 2 2 10 2 8 10
left_child=4 2 -2 -3 6 -6 -1
right_child=1 3 -4 -5 5 -7 -8
leaf_value=-0.00030546102667332813 -7.4215846824340827e-05 3.1314469342375096e-05 -6.2087427027991049e-06 0.00092826484440631575 -0.00023346183439556677 -9.8572482274473806e-05 -0.00051946164512581099
leaf_weight=10170 176509 1033270 1279404 418 21816 12206 3397
leaf_count=10170 176509 1033270 1279404 418 21816 12206 3397
internal_value=2.10131e-07 4.7003e-06 -1.44537e-05 3.1678e-05 -0.000234686 -0.000185073 -0.000359078
internal_weight=2.53719e+06 2.4896e+06 1.45591e+06 1.03369e+06 47589 34022 13567
internal_count=2537190 2489601 1455913 1033688 47589 34022 13567
is_linear=0
shrinkage=0.00720685


Tree=68
num_leaves=8
num_cat=0
split_feature=1 5 11 0 0 5 9
split_gain=52.6304 21.9918 26.2855 18.8905 15.6269 6.83643 2.37992
threshold=1.5338916182518008 inf 2.4768937826156621 0.3826220184564591 -4.8344538211822501 1.8005751371383669 1.298234283924103
decision_type=2 8 10 2 2 10 10
left_child=1 3 -3 -1 6 -6 -2
right_child=4 2 -4 -5 5 -7 -8
leaf_value=-7.5330018294276367e-06 -0.0002613825293713387 0.00041265144619227783 0.0027618463306357858 3.4280178332851779e-05 -7.1283113076306377e-05 -0.00018836455715893092 -0.00044031401230424164
leaf_weight=1427474 13893 2747 271 924725 132659 32188 5352
leaf_count=1427474 13893 2747 271 924725 132659 32188 5352
internal_value=5.21107e-07 9.69407e-06 0.000624403 8.9051e-06 -0.000116834 -9.41455e-05 -0.000311164
internal_weight=2.53931e+06 2.35522e+06 3018 2.3522e+06 184092 164847 19245
internal_count=2539309 2355217 3018 2352199 184092 164847 19245
is_linear=0
shrinkage=0.00720685


Tree=69
num_leaves=8
num_cat=0
split_feature=1 5 6 12 16 1 9
split_gain=54.7264 22.2913 15.382 12.2551 11.7669 6.794 3.54893
threshold=1.3431395888328554 inf -2.8773807287216182 1.4042123556137087 -0.0065321531146764747 2.210954070091248 0.745709389448166
decision_type=2 8 2 8 2 2 10
left_child=1 3 6 -1 -3 -4 -2
right_child=2 4 5 -5 -6 -7 -8
leaf_value=7.5321298750642706e-06 -0.00019370008994176413 5.9675482172892569e-05 -5.8422459334365158e-05 0.00013736704058124507 0.00097372031645973566 -0.00016388542014703338 -0.00034950597702972054
leaf_weight=2256552 27172 1189 164192 38401 1901 39325 10542
leaf_count=2256552 27172 1189 164192 38401 1901 39325 10542
internal_value=-3.11474e-07 1.05285e-05 -0.000103576 9.7047e-06 0.000622139 -7.88016e-05 -0.00023726
internal_weight=2.53927e+06 2.29804e+06 241231 2.29495e+06 3090 203517 37714
internal_count=2539274 2298043 241231 2294953 3090 203517 37714
is_linear=0
shrinkage=0.00720685


Tree=70
num_leaves=8
num_cat=0
split_feature=1 5 11 1 11 23 22
split_gain=50.8476 20.1099 23.3892 17.1925 14.2137 9.11427 3.45216
threshold=1.2121922969818117 inf 3.6110925674438481 2.210954070091248 1.4823196530342104 -1.2432628273963926 -2.2050768136978145
decision_type=2 8 10 2 8 10 8
left_child=1 4 -3 5 -1 -2 -5
right_child=3 2 -4 6 -6 -7 -8
leaf_value=5.6913040207029321e-06 0.0001996496876736471 0.00046068848573393008 0.0035516527541795909 0.00062174316983681682 7.2913342691647396e-05 -6.9703989475591909e-05 -0.00020440622175697392
leaf_weight=2067287 6719 2937 132 263 177388 224684 57731
leaf_count=2067287 6719 2937 132 263 177388 224684 57731
internal_value=2.24208e-07 1.18009e-05 0.000594693 -8.96912e-05 1.10036e-05 -6.18822e-05 -0.000200649
internal_weight=2.53714e+06 2.24774e+06 3069 289397 2.24468e+06 231403 57994
internal_count=2537141 2247744 3069 289397 2244675 231403 57994
is_linear=0
shrinkage=0.00720685


end of trees

feature_importances:
LOW_TURNOVER=105
IMAX60=95
LN_TURNOVER=64
CONSEC_UP5=64
VSTD5=33
KLOW=32
CNTD10=29
MAX_DD60=20
AMIHUD_20=19
OBV_CHG_20=15
CORR20=5
WVMA30=4
VOL_CV20=3
Q_SALES_YOY=3
VOL_OF_VOL_20=2
EP=2
RET_AMT_CORR20=1
BP=1

parameters:
[boosting: gbdt]
[objective: regression]
[metric: l2]
[tree_learner: serial]
[device_type: cpu]
[data_sample_strategy: bagging]
[data: ]
[valid: ]
[num_iterations: 1000]
[learning_rate: 0.00720685]
[num_leaves: 43]
[num_threads: 8]
[seed: 42]
[deterministic: 0]
[force_col_wise: 0]
[force_row_wise: 0]
[histogram_pool_size: -1]
[max_depth: 3]
[min_data_in_leaf: 76]
[min_sum_hessian_in_leaf: 0.001]
[bagging_fraction: 0.712041]
[pos_bagging_fraction: 1]
[neg_bagging_fraction: 1]
[bagging_freq: 1]
[bagging_seed: 400]
[bagging_by_query: 0]
[feature_fraction: 0.587027]
[feature_fraction_bynode: 1]
[feature_fraction_seed: 30056]
[extra_trees: 0]
[extra_seed: 12879]
[early_stopping_round: 0]
[early_stopping_min_delta: 0]
[first_metric_only: 0]
[max_delta_step: 0]
[lambda_l1: 0.0035701]
[lambda_l2: 0.944352]
[linear_lambda: 0]
[min_gain_to_split: 0]
[drop_rate: 0.1]
[max_drop: 50]
[skip_drop: 0.5]
[xgboost_dart_mode: 0]
[uniform_drop: 0]
[drop_seed: 17869]
[top_rate: 0.2]
[other_rate: 0.1]
[min_data_per_group: 100]
[max_cat_threshold: 32]
[cat_l2: 10]
[cat_smooth: 10]
[max_cat_to_onehot: 4]
[top_k: 20]
[monotone_constraints: ]
[monotone_constraints_method: basic]
[monotone_penalty: 0]
[feature_contri: ]
[forcedsplits_filename: ]
[refit_decay_rate: 0.9]
[cegb_tradeoff: 1]
[cegb_penalty_split: 0]
[cegb_penalty_feature_lazy: ]
[cegb_penalty_feature_coupled: ]
[path_smooth: 0]
[interaction_constraints: ]
[verbosity: -1]
[saved_feature_importance_type: 0]
[use_quantized_grad: 0]
[num_grad_quant_bins: 4]
[quant_train_renew_leaf: 0]
[stochastic_rounding: 1]
[linear_tree: 0]
[max_bin: 255]
[max_bin_by_feature: ]
[min_data_in_bin: 3]
[bin_construct_sample_cnt: 200000]
[data_random_seed: 175]
[is_enable_sparse: 1]
[enable_bundle: 1]
[use_missing: 1]
[zero_as_missing: 0]
[feature_pre_filter: 1]
[pre_partition: 0]
[two_round: 0]
[header: 0]
[label_column: ]
[weight_column: ]
[group_column: ]
[ignore_column: ]
[categorical_feature: ]
[forcedbins_filename: ]
[precise_float_parser: 0]
[parser_config_file: ]
[objective_seed: 16083]
[num_class: 1]
[is_unbalance: 0]
[scale_pos_weight: 1]
[sigmoid: 1]
[boost_from_average: 1]
[reg_sqrt: 0]
[alpha: 0.9]
[fair_c: 1]
[poisson_max_delta_step: 0.7]
[tweedie_variance_power: 1.5]
[lambdarank_truncation_level: 30]
[lambdarank_norm: 1]
[label_gain: ]
[lambdarank_position_bias_regularization: 0]
[eval_at: ]
[multi_error_top_k: 1]
[auc_mu_weights: ]
[num_machines: 1]
[local_listen_port: 12400]
[time_out: 120]
[machine_list_filename: ]
[machines: ]
[gpu_platform_id: -1]
[gpu_device_id: -1]
[gpu_use_dp: 0]
[num_gpu: 1]

end of parameters

pandas_categorical:[]
