tree
version=v4
num_class=1
num_tree_per_iteration=1
label_index=0
max_feature_idx=25
objective=regression
feature_names=LOW_TURNOVER LN_TURNOVER INTRADAY_REV10 CORD20 RET_AMT_CORR20 VOL_CV20 CORD60 MACD_LINE AMIHUD_20 REV60 RET_VOL_CORR5 CORD5 CORR60 VOL_OF_VOL_20 VOL_PRICE_DIVERGENCE BP UP_DOWN_RATIO20 EP MAX_DD60 CURRENT_RATIO NEG_SKEW_20 VSTD5 CNTD5 Q_SALES_YOY CNTD60 ROE_YOY
feature_infos=[-6.9217343330383301:3.0450201034545898] [-8.1787328720092773:3.9550836086273193] [-5.2777161598205566:6.6598844528198242] [-3.7494995594024658:3.576148509979248] [-3.6370337009429932:3.7054977416992188] [-5.8420267105102539:2.8272817134857178] [-3.757803201675415:3.9176528453826904] [-6.9450573921203613:8.1430149078369141] [-2.6345152854919434:6.2896966934204102] [-6.0221948623657227:4.1757268905639648] [-3.2236998081207275:4.3599057197570801] [-4.3383655548095703:3.2605228424072266] [-4.1875905990600586:3.7081325054168701] [-5.9852352142333984:2.8454527854919434] [-3.1741523742675781:3.5938582420349121] [-3.5366487503051758:6.0014796257019043] [-4.2116560935974121:5.7031030654907227] [-4.9941740036010742:6.9626002311706543] [-2.7258353233337402:5.5391974449157715] [-2.3612136840820312:6.7486171722412109] [-3.8472957611083984:4.1599020957946777] [-3.2526726722717285:6.541417121887207] [-4.1869111061096191:4.1694116592407227] [-3.6780722141265869:7.5367136001586914] [-3.7018158435821533:3.7459838390350342] [-7.669318675994873:7.4068360328674316]
tree_sizes=938 928 954 972 938 923 971 970 950 975 950 927 933 923 974 969 956 974 952 950 977 957 956 979 946 930 972 973 934 974 961 970 950

Tree=0
num_leaves=8
num_cat=0
split_feature=1 1 25 5 11 1 12
split_gain=194.357 85.5392 35.7368 13.8778 12.9342 10.7851 9.27262
threshold=-0.19807195663452146 -3.4753372669219966 0.04546839930117131 -1.3257836699485777 0.58778640627861034 -0.38420489430427546 -2.4053553342819209
decision_type=2 2 8 8 8 2 10
left_child=1 6 4 -4 -2 -3 -1
right_child=2 5 3 -5 -6 -7 -8
leaf_value=0.0031652277640617402 0.0035400682824262564 0.0037462067580015493 0.003489784779071877 0.0036074562854662706 0.0034720369113087758 0.0036714252045988213 0.0034302689485241752
leaf_weight=11067 423386 456973 58034 505265 220873 128293 18023
leaf_count=11067 423386 456973 58034 505265 220873 128293 18023
internal_value=0.0036065 0.00371086 0.0035534 0.00359533 0.00351674 0.00372981 0.00332942
internal_weight=1.82191e+06 614356 1.20756e+06 563299 644259 585266 29090
internal_count=1821914 614356 1207558 563299 644259 585266 29090
is_linear=0
shrinkage=1


Tree=1
num_leaves=8
num_cat=0
split_feature=25 3 3 6 17 25 6
split_gain=51.4024 31.1244 26.1351 17.2723 16.5432 6.44022 4.92309
threshold=0.0072728877421468505 0.071737650781869902 1.9930116534233095 inf -0.99445483088493336 -2.9853776693344112 inf
decision_type=8 8 8 8 2 10 8
left_child=1 5 4 -3 -2 -1 -4
right_child=2 3 6 -5 -6 -7 -8
leaf_value=0.00017060928043982054 -5.7662970706697556e-05 -7.7519643492287519e-05 -0.00013810356522381468 -0.00041811180717221794 5.139344007435152e-05 -1.2689271029879874e-06 -0.00037572707979091949
leaf_weight=11643 78794 418939 18318 7878 869107 410395 6016
leaf_count=11643 78794 418939 18318 7878 869107 410395 6016
internal_value=5.64263e-07 -4.04127e-05 3.63412e-05 -8.38071e-05 4.23281e-05 3.47308e-06 -0.000196864
internal_weight=1.82109e+06 848855 972235 426817 947901 422038 24334
internal_count=1821090 848855 972235 426817 947901 422038 24334
is_linear=0
shrinkage=0.00720685


Tree=2
num_leaves=8
num_cat=0
split_feature=1 4 25 3 5 9 1
split_gain=192.448 81.2236 34.5733 20.9949 13.9574 11.2224 10.4379
threshold=-0.19807195663452146 inf 0.04546839930117131 0.031320713460445411 -1.6647742986679075 0.0076266487594693908 -3.4753372669219966
decision_type=2 8 8 8 8 10 2
left_child=1 6 3 -2 -4 -3 -1
right_child=2 5 4 -5 -6 -7 -8
leaf_value=-0.00013571395718786679 -4.4113197469852938e-05 -0.00042388470360734532 -0.00013783698113521958 -0.00012667071179732424 -1.1327352351282145e-06 -0.00011722355627565424 0.00012493855210522436
leaf_weight=8090 296561 14712 41913 347418 520634 10712 580533
leaf_count=8090 296561 14712 41913 347418 520634 10712 580533
internal_value=2.65466e-07 0.00010413 -5.25949e-05 -8.8652e-05 -1.13183e-05 -0.000294688 0.000121356
internal_weight=1.82057e+06 614047 1.20653e+06 643979 562547 25424 588623
internal_count=1820573 614047 1206526 643979 562547 25424 588623
is_linear=0
shrinkage=0.00720685


Tree=3
num_leaves=8
num_cat=0
split_feature=1 1 25 3 5 24 1
split_gain=188.297 81.8561 34.1735 20.1814 12.1515 11.0868 10.0041
threshold=-0.19807195663452146 -3.4753372669219966 0.04546839930117131 0.12208115682005884 -1.7708643674850462 0.0082538011483848112 -0.38420489430427546
decision_type=2 2 8 8 8 2 2
left_child=1 5 3 -2 -4 -1 -3
right_child=2 6 4 -5 -6 -7 -8
leaf_value=-0.00012143748566964016 -4.6915323024381644e-05 0.00013742426781125454 -0.00013663232957808049 -0.00012763255396373228 -1.9379063138740093e-06 -0.00040365561299595 6.5416705779504676e-05
leaf_weight=13688 318119 457116 37252 325503 525598 15326 128353
leaf_count=13688 318119 457116 37252 325503 525598 15326 128353
internal_value=4.32767e-07 0.000103121 -5.18687e-05 -8.77371e-05 -1.08529e-05 -0.000270522 0.000121638
internal_weight=1.82096e+06 614483 1.20647e+06 643622 562850 29014 585469
internal_count=1820955 614483 1206472 643622 562850 29014 585469
is_linear=0
shrinkage=0.00720685


Tree=4
num_leaves=8
num_cat=0
split_feature=1 3 25 3 1 17 25
split_gain=186.071 78.8325 32.5118 19.8736 12.1274 11.0498 9.61632
threshold=-0.18089523166418073 inf 0.047855796292424209 0.031320713460445411 -0.37202572822570795 -0.99445483088493336 inf
decision_type=2 8 8 8 2 2 8
left_child=1 4 3 -2 -1 -4 -3
right_child=2 6 5 -5 -6 -7 -8
leaf_value=0.00013478075875200768 -4.4003571697644369e-05 -0.00030409620499946875 -0.00011264223639900605 -0.00012459031234110141 5.7224296876029829e-05 -1.8001830163824988e-06 0.00089708618478856906
leaf_weight=467349 293938 25651 51512 346086 134962 501310 350
leaf_count=467349 293938 25651 51512 346086 134962 501310 350
internal_value=2.5731e-07 0.00010063 -5.26124e-05 -8.75801e-05 0.000117403 -1.21287e-05 -0.000287894
internal_weight=1.82116e+06 628312 1.19285e+06 640024 602311 552822 26001
internal_count=1821158 628312 1192846 640024 602311 552822 26001
is_linear=0
shrinkage=0.00720685


Tree=5
num_leaves=8
num_cat=0
split_feature=1 3 25 3 5 19 1
split_gain=182.797 77.7657 33.9434 19.7167 12.4966 10.299 9.9583
threshold=-0.19807195663452146 inf 0.047855796292424209 0.04214261285960675 -1.373118460178375 inf -3.4753372669219966
decision_type=2 8 8 8 8 8 2
left_child=1 6 3 -2 -4 -3 -1
right_child=2 5 4 -5 -6 -7 -8
leaf_value=-0.00013621276609509925 -4.311733208608745e-05 -0.000298219875684521 -0.00011247604648279133 -0.00012281181720127495 1.9913331032432109e-06 0.0010966107075792383 0.00012280967105894909
leaf_weight=7812 300536 25731 54930 347881 504354 277 580372
leaf_count=7812 300536 25731 54930 347881 504354 277 580372
internal_value=1.0899e-06 0.000102317 -5.03903e-05 -8.58742e-05 -9.25119e-06 -0.000283324 0.000119369
internal_weight=1.82189e+06 614192 1.2077e+06 648417 559284 26008 588184
internal_count=1821893 614192 1207701 648417 559284 26008 588184
is_linear=0
shrinkage=0.00720685


Tree=6
num_leaves=8
num_cat=0
split_feature=1 1 0 0 1 9 1
split_gain=176.71 81.5417 49.1571 40.9976 22.1149 11.4693 9.57246
threshold=-0.19807195663452146 -3.4753372669219966 -2.6431158781051631 0.45483469963073736 1.327055096626282 0.0076266487594693908 -0.38420489430427546
decision_type=2 2 2 2 2 8 2
left_child=1 5 4 -4 -2 -1 -3
right_child=2 6 3 -5 -6 -7 -8
leaf_value=-0.00041713756069458173 -0.00046378317051526402 0.00013356668142439331 -2.2422630953132037e-05 -0.00014062644314414243 -0.00015383148582948355 -0.00012988303297140747 6.305809078436919e-05
leaf_weight=14505 19037 456466 975541 180616 32146 14375 128070
leaf_count=14505 19037 456466 975541 180616 32146 14375 128070
internal_value=4.28196e-08 9.96492e-05 -5.05644e-05 -4.08887e-05 -0.000269122 -0.000274167 0.000118119
internal_weight=1.82076e+06 613416 1.20734e+06 1.15616e+06 51183 28880 584536
internal_count=1820756 613416 1207340 1156157 51183 28880 584536
is_linear=0
shrinkage=0.00720685


Tree=7
num_leaves=8
num_cat=0
split_feature=1 1 0 0 1 24 1
split_gain=175.321 78.1281 48.5269 41.1457 20.3459 11.2333 10.0153
threshold=-0.19807195663452146 -3.4753372669219966 -2.6431158781051631 0.45483469963073736 1.327055096626282 0.0082538011483848112 -0.38420489430427546
decision_type=2 2 2 2 2 2 2
left_child=1 5 4 -4 -2 -1 -3
right_child=2 6 3 -5 -6 -7 -8
leaf_value=-0.000114642811987717 -0.00045334718310159936 0.00013351409734647371 -2.1862507705745496e-05 -0.00014028711823725352 -0.00015638475077068084 -0.00039818160293704751 6.1410001162468352e-05
leaf_weight=13716 19088 456828 975136 180603 32196 15414 128118
leaf_count=13716 19088 456828 975136 180603 32196 15414 128118
internal_value=4.42528e-07 9.9581e-05 -4.99944e-05 -4.03684e-05 -0.000266922 -0.000264685 0.000117722
internal_weight=1.8211e+06 614076 1.20702e+06 1.15574e+06 51284 29130 584946
internal_count=1821099 614076 1207023 1155739 51284 29130 584946
is_linear=0
shrinkage=0.00720685


Tree=8
num_leaves=8
num_cat=0
split_feature=0 3 25 0 0 25 23
split_gain=73.327 47.1898 39.2747 15.3588 12.5733 11.1627 5.36116
threshold=-1.4809064269065855 inf 0.047855796292424209 -3.6888332366943355 0.036999998614192016 0.1039528362452984 -0.049198273569345467
decision_type=2 8 8 2 2 8 8
left_child=3 2 -2 6 -3 -5 -1
right_child=1 4 -4 5 -6 -7 -8
leaf_value=-0.00043964178796741392 -1.612016008755731e-05 -0.00021952675607763125 5.3597292592897511e-05 -0.00020670145443605329 -0.00063650209392760869 -3.6598821473840209e-05 -0.00024036616808043739
leaf_weight=11963 893907 21540 791092 44019 4549 36780 16957
leaf_count=11963 893907 21540 791092 44019 4549 36780 16957
internal_value=3.20938e-07 1.19021e-05 1.66116e-05 -0.000180288 -0.000292254 -0.000129272 -0.000322811
internal_weight=1.82081e+06 1.71109e+06 1.685e+06 109719 26089 80799 28920
internal_count=1820807 1711088 1684999 109719 26089 80799 28920
is_linear=0
shrinkage=0.00720685


Tree=9
num_leaves=8
num_cat=0
split_feature=1 1 5 18 9 1 7
split_gain=174.535 76.2963 21.6034 13.8443 10.5996 9.38311 6.60628
threshold=-0.19807195663452146 -3.4753372669219966 -0.65111395716667164 -0.53720363974571217 0.0076266487594693908 -0.38420489430427546 0.24569861590862277
decision_type=2 2 10 8 8 2 2
left_child=1 4 6 -4 -1 -3 -2
right_child=2 5 3 -5 -6 -7 -8
leaf_value=-0.00039913467724519096 -8.2127442619563121e-05 0.00013213569209511198 -8.0866751746412659e-05 -1.874727760299012e-05 -0.00012313507189574768 6.2367023813616329e-05 -0.00015993194042958372
leaf_weight=14589 152356 456616 252354 712334 14324 128242 90267
leaf_count=14589 152356 456616 252354 712334 14324 128242 90267
internal_value=1.93638e-08 9.8972e-05 -5.02861e-05 -3.49973e-05 -0.000262409 0.000116838 -0.000111075
internal_weight=1.82108e+06 613771 1.20731e+06 964688 28913 584858 242623
internal_count=1821082 613771 1207311 964688 28913 584858 242623
is_linear=0
shrinkage=0.00720685


Tree=10
num_leaves=8
num_cat=0
split_feature=0 3 25 7 0 25 0
split_gain=75.2878 44.5435 38.97 17.6333 11.1763 7.70368 6.10765
threshold=-1.5709801912307737 inf 0.04546839930117131 0.40434928238391882 0.036999998614192016 0.050403585657477386 -4.2183423042297354
decision_type=2 8 8 2 2 8 2
left_child=3 2 -2 5 -3 -1 -5
right_child=1 4 -4 6 -6 -7 -8
leaf_value=-0.00019529257458521243 -1.6984901076395629e-05 -0.00021494618763361786 5.2289520024046611e-05 -0.00043864653904237915 -0.00060714608658315712 -3.0962588751669527e-05 -0.00024735570585224947
leaf_weight=28295 890152 21724 801565 12024 4567 31106 31099
leaf_count=28295 890152 21724 801565 12024 4567 31106 31099
internal_value=-5.794e-08 1.12637e-05 1.58385e-05 -0.000189775 -0.000283095 -0.000109242 -0.000300702
internal_weight=1.82053e+06 1.71801e+06 1.69172e+06 102524 26291 59401 43123
internal_count=1820532 1718008 1691717 102524 26291 59401 43123
is_linear=0
shrinkage=0.00720685


Tree=11
num_leaves=8
num_cat=0
split_feature=25 4 4 6 25 16 6
split_gain=44.5357 31.946 22.5504 19.4698 10.8633 6.74507 5.45928
threshold=0.04546839930117131 -0.039604062214493745 -1.8750868439674375 inf 1.6930215954780581 -2.0782688856124873 inf
decision_type=8 10 10 8 10 2 8
left_child=1 3 6 -1 -4 -3 -2
right_child=2 5 4 -5 -6 -7 -8
leaf_value=-6.7851296146739874e-05 -0.00011279243198030006 -0.00033627455618228687 5.0092354899850868e-05 -0.00041051080988020164 -7.0741013212704889e-05 1.1876656238788472e-05 -0.00037553629732405989
leaf_weight=492081 25847 2908 795840 8765 40615 450662 4883
leaf_count=492081 25847 2908 795840 8765 40615 450662 4883
internal_value=-2.03141e-07 -3.41704e-05 3.71808e-05 -7.38488e-05 4.42251e-05 9.64378e-06 -0.000154554
internal_weight=1.8216e+06 954416 867185 500846 836455 453570 30730
internal_count=1821601 954416 867185 500846 836455 453570 30730
is_linear=0
shrinkage=0.00720685


Tree=12
num_leaves=8
num_cat=0
split_feature=0 6 25 7 19 25 0
split_gain=72.4958 40.1129 37.4531 17.5224 14.3021 6.54323 6.26341
threshold=-1.5709801912307737 inf 0.047855796292424209 0.39584746956825262 inf -0.012796663679182528 -4.2183423042297354
decision_type=2 8 8 2 8 8 2
left_child=3 2 -2 5 -3 -1 -5
right_child=1 4 -4 6 -6 -7 -8
leaf_value=-0.00019735463882849212 -1.7933029213401046e-05 -0.0003933422884184067 4.9757868366284015e-05 -0.00043463600710520831 0.0025906697091388538 -4.2535676666886835e-05 -0.00024216323540860742
leaf_weight=23826 904123 13785 800350 12160 83 35018 31632
leaf_count=23826 904123 13785 800350 12160 83 35018 31632
internal_value=-4.02507e-07 1.07109e-05 1.38518e-05 -0.000186462 -0.000375306 -0.000105225 -0.000295617
internal_weight=1.82098e+06 1.71834e+06 1.70447e+06 102636 13868 58844 43792
internal_count=1820977 1718341 1704473 102636 13868 58844 43792
is_linear=0
shrinkage=0.00720685


Tree=13
num_leaves=8
num_cat=0
split_feature=25 6 11 11 17 6 9
split_gain=45.3599 23.834 20.4027 16.3115 13.47 9.74551 4.79082
threshold=0.04546839930117131 inf 1.1543120145797732 0.73738789558410656 -0.99445483088493336 inf -0.022761211730539795
decision_type=8 8 8 8 2 8 10
left_child=1 3 4 -1 -2 -4 -3
right_child=2 6 5 -5 -6 -7 -8
leaf_value=-1.2680003799198404e-05 -4.9767079156932629e-05 -0.00052139088494612283 -4.2020913429729493e-05 -8.0624198376588139e-05 5.9829208333865478e-05 -0.00037023006851552825 -0.00016513578540229573
leaf_weight=696769 63526 6000 96693 249137 700650 4938 2914
leaf_count=696769 63526 6000 96693 249137 700650 4938 2914
internal_value=1.83538e-07 -3.40712e-05 3.796e-05 -3.05755e-05 5.07184e-05 -5.79713e-05 -0.000404963
internal_weight=1.82063e+06 954820 865807 945906 764176 101631 8914
internal_count=1820627 954820 865807 945906 764176 101631 8914
is_linear=0
shrinkage=0.00720685


Tree=14
num_leaves=8
num_cat=0
split_feature=1 1 3 18 5 9 1
split_gain=169.81 70.6642 24.5893 16.7728 12.4332 11.1852 9.32135
threshold=-0.19807195663452146 -3.4753372669219966 0.18154746294021609 -0.53720363974571217 -1.4661539196968076 0.0076266487594693908 -0.38420489430427546
decision_type=2 2 8 8 10 8 2
left_child=1 5 3 -2 -4 -1 -3
right_child=2 6 4 -5 -6 -7 -8
leaf_value=-0.00038965686693787462 -8.4715439211651645e-05 0.00013002344561954647 -0.0001621105453024309 3.1145905796865986e-06 -6.9197144632141545e-05 -0.00010708373606791811 6.0513117855750571e-05
leaf_weight=14626 148675 455921 87911 469710 501686 14479 128431
leaf_count=14626 148675 455921 87911 469710 501686 14479 128431
internal_value=-1.62877e-07 9.74839e-05 -4.97515e-05 -1.8002e-05 -8.30511e-05 -0.000249093 0.000114746
internal_weight=1.82144e+06 613457 1.20798e+06 618385 589597 29105 584352
internal_count=1821439 613457 1207982 618385 589597 29105 584352
is_linear=0
shrinkage=0.00720685


Tree=15
num_leaves=8
num_cat=0
split_feature=1 1 11 9 2 9 9
split_gain=167.547 73.9177 16.6975 10.0401 8.52501 8.34702 4.22442
threshold=-0.23363056033849713 -3.4753372669219966 0.81459796428680431 0.0076266487594693908 -2.2074799537658687 0.29769745469093328 -3.386954545974731
decision_type=2 2 8 8 2 8 8
left_child=1 3 4 -1 -2 -3 -4
right_child=2 5 6 -5 -6 -7 -8
leaf_value=-0.00038626638275950548 -0.00017556941215605946 0.00014548722214039971 -0.00031802389204297103 -0.00011883667353202032 -2.8843127580041537e-05 8.9632655915294746e-05 -9.0460324033677858e-05
leaf_weight=14638 21042 294229 4297 14530 909473 263362 299765
leaf_count=14638 21042 294229 4297 14530 909473 263362 299765
internal_value=3.40851e-07 0.000100605 -4.73121e-05 -0.000253056 -3.21613e-05 0.000119106 -9.36773e-05
internal_weight=1.82134e+06 586759 1.23458e+06 29168 930515 557591 304062
internal_count=1821336 586759 1234577 29168 930515 557591 304062
is_linear=0
shrinkage=0.00720685


Tree=16
num_leaves=8
num_cat=0
split_feature=1 4 0 0 1 9 1
split_gain=167.229 70.7178 46.6561 40.5302 18.2927 10.7622 9.80622
threshold=-0.19807195663452146 inf -2.9262411594390865 0.48002888262271887 1.3691942691802981 0.0076266487594693908 -0.38420489430427546
decision_type=2 8 2 2 2 10 2
left_child=1 6 4 -4 -2 -3 -1
right_child=2 5 3 -5 -6 -7 -8
leaf_value=0.00012850570375871298 -0.0004694019547807654 -0.00040124679606262127 -2.340320150657607e-05 -0.00014596858908161846 -0.00016517220586439817 -0.0001013922142229501 5.7304199880983237e-05
leaf_weight=459904 16554 14738 1000836 162945 27024 10754 128550
leaf_count=459904 16554 14738 1000836 162945 27024 10754 128550
internal_value=1.0924e-08 9.68528e-05 -4.92335e-05 -4.05641e-05 -0.000280748 -0.00027476 0.000112952
internal_weight=1.8213e+06 613946 1.20736e+06 1.16378e+06 43578 25492 588454
internal_count=1821305 613946 1207359 1163781 43578 25492 588454
is_linear=0
shrinkage=0.00720685


Tree=17
num_leaves=8
num_cat=0
split_feature=1 1 0 0 1 1 13
split_gain=164.922 66.8323 47.792 41.1112 19.1847 11.2487 6.33154
threshold=-0.18089523166418073 -3.4753372669219966 -2.6431158781051631 0.45483469963073736 1.3691942691802981 -0.38420489430427546 -0.39706346392631525
decision_type=2 2 2 2 2 2 8
left_child=1 6 4 -4 -2 -3 -1
right_child=2 5 3 -5 -6 -7 -8
leaf_value=-0.00011503971622141561 -0.00044293737913181152 0.00012851968689807413 -2.1592558675277057e-05 -0.00014198987909121673 -0.00015563973568460683 5.5158539112968443e-05 -0.00033178713960328168
leaf_weight=11832 19483 456547 968431 173730 31740 142428 17146
leaf_count=11832 19483 456547 968431 173730 31740 142428 17146
internal_value=1.82157e-07 9.47222e-05 -4.95644e-05 -3.99059e-05 -0.000264922 0.000111076 -0.000243295
internal_weight=1.82134e+06 627953 1.19338e+06 1.14216e+06 51223 598975 28978
internal_count=1821337 627953 1193384 1142161 51223 598975 28978
is_linear=0
shrinkage=0.00720685


Tree=18
num_leaves=8
num_cat=0
split_feature=1 3 0 0 1 0 1
split_gain=159.414 68.3082 44.3679 40.4903 19.7913 11.1715 10.1183
threshold=-0.18089523166418073 inf -2.6431158781051631 0.44964972138404852 1.327055096626282 0.036999998614192016 -0.38420489430427546
decision_type=2 8 2 2 2 2 2
left_child=1 6 4 -4 -2 -3 -1
right_child=2 5 3 -5 -6 -7 -8
leaf_value=0.00012474876991215323 -0.00044206908309142633 -0.00020088807086691019 -2.1398125600208013e-05 -0.00013980794359281411 -0.00014827265635569993 -0.00059636279733740532 5.5273447995511772e-05
leaf_weight=459875 18892 21485 963251 177654 32221 4484 142656
leaf_count=459875 18892 21485 963251 177654 32221 4484 142656
internal_value=-1.73511e-07 9.27018e-05 -4.91427e-05 -3.98362e-05 -0.00025687 -0.000269194 0.0001083
internal_weight=1.82052e+06 628500 1.19202e+06 1.1409e+06 51113 25969 602531
internal_count=1820518 628500 1192018 1140905 51113 25969 602531
is_linear=0
shrinkage=0.00720685


Tree=19
num_leaves=8
num_cat=0
split_feature=1 3 0 0 1 0 1
split_gain=157.978 66.8672 44.1791 40.027 21.6993 10.7874 9.58548
threshold=-0.18089523166418073 inf -2.4232314825057979 0.4647925347089768 1.327055096626282 0.036999998614192016 -0.38420489430427546
decision_type=2 8 2 2 2 2 2
left_child=1 6 4 -4 -2 -3 -1
right_child=2 5 3 -5 -6 -7 -8
leaf_value=0.00012413753265323187 -0.00042223993664715099 -0.00019822907313139007 -2.0870592550152383e-05 -0.00014186088846192854 -0.0001350235103232483 -0.00058732759866182488 5.6474789615959107e-05
leaf_weight=459291 21731 21545 967840 166440 36797 4468 142483
leaf_count=459291 21731 21545 967840 166440 36797 4468 142483
internal_value=1.15713e-07 9.26528e-05 -4.85875e-05 -3.86244e-05 -0.00024167 -0.000265081 0.000108117
internal_weight=1.8206e+06 627787 1.19281e+06 1.13428e+06 58528 26013 601774
internal_count=1820595 627787 1192808 1134280 58528 26013 601774
is_linear=0
shrinkage=0.00720685


Tree=20
num_leaves=8
num_cat=0
split_feature=1 1 25 3 23 24 1
split_gain=155.855 69.1707 30.0152 18.674 9.51553 9.20121 8.5898
threshold=-0.19807195663452146 -3.4753372669219966 0.04546839930117131 0.031320713460445411 0.066061254590749754 0.0082538011483848112 -0.38420489430427546
decision_type=2 2 8 8 8 2 2
left_child=1 5 3 -2 -4 -1 -3
right_child=2 6 4 -5 -6 -7 -8
leaf_value=-0.00011355707126532097 -3.8739633144163335e-05 0.00012544594169672349 -3.894672572722967e-05 -0.00011661942270930117 2.0306639855424895e-05 -0.00037096846128928531 5.8678419372373636e-05
leaf_weight=13607 295820 456888 276716 348068 286516 15350 128155
leaf_count=13607 295820 456888 276716 348068 286516 15350 128155
internal_value=3.20771e-07 9.38025e-05 -4.72286e-05 -8.08394e-05 -8.80452e-06 -0.000250018 0.000110821
internal_weight=1.82112e+06 614000 1.20712e+06 643888 563232 28957 585043
internal_count=1821120 614000 1207120 643888 563232 28957 585043
is_linear=0
shrinkage=0.00720685


Tree=21
num_leaves=8
num_cat=0
split_feature=1 3 25 3 9 1 15
split_gain=152.85 65.7607 30.6632 18.8803 10.7053 10.0896 9.10572
threshold=-0.18089523166418073 inf 0.04546839930117131 0.071737650781869902 0.0076266487594693908 -0.38420489430427546 0.66450044512748729
decision_type=2 8 8 8 8 2 2
left_child=1 5 3 -2 -3 -1 -4
right_child=2 4 6 -5 -6 -7 -8
leaf_value=0.00012289286033022383 -4.0544331080897883e-05 -0.0003908499196068544 3.7093700891776065e-06 -0.00011916171322315982 -9.5376709154002505e-05 5.3490601490639568e-05 -7.7305335417846742e-05
leaf_weight=459758 301563 14812 471587 334812 11174 142528 85052
leaf_count=459758 301563 14812 471587 334812 11174 142528 85052
internal_value=1.75789e-07 9.11539e-05 -4.77357e-05 -8.1907e-05 -0.000263805 0.000106469 -8.66939e-06
internal_weight=1.82129e+06 628272 1.19301e+06 636375 25986 602286 556639
internal_count=1821286 628272 1193014 636375 25986 602286 556639
is_linear=0
shrinkage=0.00720685


Tree=22
num_leaves=8
num_cat=0
split_feature=0 3 25 7 0 23 25
split_gain=66.4304 39.6379 37.0253 16.8459 10.7715 7.53206 7.47893
threshold=-1.5709801912307737 inf 0.047855796292424209 0.31848298013210302 0.036999998614192016 0.095149613916873946 -0.012796663679182528
decision_type=2 8 8 2 2 10 8
left_child=3 2 -2 6 -3 -5 -1
right_child=1 4 -4 5 -6 -7 -8
leaf_value=-0.00019379329476558514 -1.6650850002553523e-05 -0.00020011538027800812 5.0884914430904711e-05 -0.00033759896904388397 -0.00058608478270941742 -0.00014287831653360619 -2.149481045184092e-05
leaf_weight=22000 897102 21819 795478 32969 4536 15021 32289
leaf_count=22000 897102 21819 795478 32969 4536 15021 32289
internal_value=1.53743e-07 1.0771e-05 1.50896e-05 -0.000178282 -0.000266565 -0.000276655 -9.13194e-05
internal_weight=1.82121e+06 1.71894e+06 1.69258e+06 102279 26355 47990 54289
internal_count=1821214 1718935 1692580 102279 26355 47990 54289
is_linear=0
shrinkage=0.00720685


Tree=23
num_leaves=8
num_cat=0
split_feature=1 1 23 4 9 1 4
split_gain=153.419 63.4008 27.8118 12.1282 8.9739 8.61804 8.59247
threshold=-0.19807195663452146 -3.4753372669219966 0.048584450036287315 0.11084912717342378 0.0076266487594693908 -0.38420489430427546 -0.51819598674774159
decision_type=2 2 8 10 8 2 10
left_child=1 4 3 -2 -1 -3 -4
right_child=2 5 6 -5 -6 -7 -8
leaf_value=-0.00036295349080491424 -9.883571863366203e-05 0.00012330887330597192 -4.4709423584825488e-05 -3.8864577051008776e-05 -0.00010920421274890829 5.6451717568265528e-05 1.9042116116649799e-05
leaf_weight=14560 446186 456941 173682 288335 14398 128249 298566
leaf_count=14560 446186 456941 173682 288335 14398 128249 298566
internal_value=-3.61164e-07 9.23677e-05 -4.75527e-05 -7.52943e-05 -0.000236797 0.000108657 -4.40423e-06
internal_weight=1.82092e+06 614148 1.20677e+06 734521 28958 585190 472248
internal_count=1820917 614148 1206769 734521 28958 585190 472248
is_linear=0
shrinkage=0.00720685


Tree=24
num_leaves=8
num_cat=0
split_feature=0 3 3 0 2 9 23
split_gain=67.8721 38.6064 27.0849 10.1953 8.5653 5.59394 4.67901
threshold=-2.4232314825057979 inf 0.19164399057626727 0.036999998614192016 -1.2716752290725706 -0.56949263811111439 0.10762766376137735
decision_type=2 8 8 2 2 8 10
left_child=4 2 -2 -3 6 -6 -1
right_child=1 3 -4 -5 5 -7 -8
leaf_value=-0.00040344287630044448 3.752540352947524e-05 -0.00020065599854803709 -1.9790799234439337e-05 -0.00057476418034961845 -0.00028102008179984304 -8.8647064766815439e-05 -0.0001880978306216794
leaf_weight=18103 967219 21821 768413 4577 13013 19794 7380
leaf_count=18103 967219 21821 768413 4577 13013 19794 7380
internal_value=-1.45408e-08 7.98952e-06 1.21499e-05 -0.00026554 -0.000241963 -0.000164959 -0.000341088
internal_weight=1.82032e+06 1.76203e+06 1.73563e+06 26398 58290 32807 25483
internal_count=1820320 1762030 1735632 26398 58290 32807 25483
is_linear=0
shrinkage=0.00720685


Tree=25
num_leaves=8
num_cat=0
split_feature=0 25 6 11 0 25 2
split_gain=67.3741 36.189 19.8038 14.7738 13.8125 10.9029 3.32939
threshold=-1.5709801912307737 0.047855796292424209 inf inf -4.2183423042297354 0.055458309128880508 -1.2716752290725706
decision_type=2 8 8 8 2 8 2
left_child=4 2 -2 -3 6 -6 -1
right_child=1 3 -4 -5 5 -7 -8
leaf_value=-0.00042591963720855846 -1.6814375562424637e-05 5.0252751511471637e-05 -0.00035851653811736482 -0.00018519952651061802 -0.00022296844154566891 -5.6059950233084756e-05 -0.00024527594965635723
leaf_weight=11459 905241 790661 8895 14087 39155 42275 9870
leaf_count=11459 905241 790661 8895 14087 39155 42275 9870
internal_value=1.7051e-07 1.08869e-05 -2.01397e-05 4.61309e-05 -0.000179085 -0.000136319 -0.000342342
internal_weight=1.82164e+06 1.71888e+06 914136 804748 102759 81430 21329
internal_count=1821643 1718884 914136 804748 102759 81430 21329
is_linear=0
shrinkage=0.00720685


Tree=26
num_leaves=8
num_cat=0
split_feature=25 11 11 17 2 11 10
split_gain=42.8983 22.5828 18.2887 13.7099 10.5582 5.24863 4.60466
threshold=0.055458309128880508 0.8345075547695161 1.2913199067115786 -0.99445483088493336 -1.9902991056442259 -1.0000000180025095e-35 -1.1016474366188047
decision_type=8 8 8 2 2 10 8
left_child=1 4 3 -2 -1 -3 -4
right_child=2 5 6 -5 -6 -7 -8
leaf_value=-0.00020317716448523457 -5.3317982096652115e-05 -0.0001998604838790429 -4.3881432298412747e-05 5.7131929608082907e-05 -9.7543390591874749e-06 -8.3993334259972925e-05 -0.00018988549587053229
leaf_weight=14953 63659 22535 58533 702495 739849 205276 13879
leaf_count=14953 63659 22535 58533 702495 739849 205276 13879
internal_value=-2.55076e-07 -3.25673e-05 3.76076e-05 4.79547e-05 -1.35864e-05 -9.54558e-05 -7.18681e-05
internal_weight=1.82118e+06 982613 838566 766154 754802 227811 72412
internal_count=1821179 982613 838566 766154 754802 227811 72412
is_linear=0
shrinkage=0.00720685


Tree=27
num_leaves=8
num_cat=0
split_feature=1 1 0 0 1 9 9
split_gain=152.379 66.475 41.2642 39.3109 19.4137 9.9783 7.50615
threshold=-0.23363056033849713 -3.4753372669219966 -2.6431158781051631 0.51553118228912365 1.327055096626282 0.0076266487594693908 0.29029352962970739
decision_type=2 2 2 2 2 8 8
left_child=1 5 4 -4 -2 -1 -3
right_child=2 6 3 -5 -6 -7 -8
leaf_value=-0.00037503849308924658 -0.00042809377600921538 0.00013835301785407008 -2.0924406176083966e-05 -0.00014562087562615462 -0.00013776591351098147 -0.00010745678587025572 8.5434515226884156e-05
leaf_weight=14458 19039 291480 1034073 150408 32187 14497 266528
leaf_count=14458 19039 291480 1034073 150408 32187 14497 266528
internal_value=-4.3615e-09 9.56063e-05 -4.54197e-05 -3.67588e-05 -0.000245678 -0.000241076 0.000113077
internal_weight=1.82267e+06 586963 1.23571e+06 1.18448e+06 51226 28955 558008
internal_count=1822670 586963 1235707 1184481 51226 28955 558008
is_linear=0
shrinkage=0.00720685


Tree=28
num_leaves=8
num_cat=0
split_feature=0 12 23 19 0 23 23
split_gain=62.4691 32.9995 21.3509 14.9939 13.4288 9.61873 5.39377
threshold=-1.5709801912307737 inf 0.048584450036287315 inf -4.2183423042297354 0.15677995234727862 -0.059743583202362054
decision_type=2 8 8 8 2 8 8
left_child=4 2 -2 -3 6 -6 -1
right_child=1 3 -4 -5 5 -7 -8
leaf_value=-0.00047483381614582071 -6.3236969617365235e-06 -0.00036177960660615746 4.6489210455638371e-05 0.0028288459651318923 -0.00020027322169274169 -4.2731202580780941e-05 -0.00024042895134743233
leaf_weight=8457 1070164 13479 632603 76 45310 36220 12850
leaf_count=8457 1070164 13479 632603 76 45310 36220 12850
internal_value=1.39864e-07 1.04775e-05 1.32971e-05 -0.000343693 -0.00017239 -0.000130286 -0.000333485
internal_weight=1.81916e+06 1.71632e+06 1.70277e+06 13555 102837 81530 21307
internal_count=1819159 1716322 1702767 13555 102837 81530 21307
is_linear=0
shrinkage=0.00720685


Tree=29
num_leaves=8
num_cat=0
split_feature=1 1 0 0 1 1 9
split_gain=146.982 61.952 41.255 39.3209 16.4115 10.3651 9.36214
threshold=-0.18089523166418073 -3.4753372669219966 -2.6431158781051631 0.44964972138404852 1.2882485985755923 -0.38420489430427546 0.0076266487594693908
decision_type=2 2 2 2 2 2 8
left_child=1 6 4 -4 -2 -3 -1
right_child=2 5 3 -5 -6 -7 -8
leaf_value=-0.00036449082279925367 -0.00041913253497298948 0.00012133342995688155 -2.0272753925019476e-05 -0.00013696029417117696 -0.00015049882046651756 5.1041453196809088e-05 -0.00010558289495297492
leaf_weight=14662 18492 456162 964411 177614 32701 143153 14359
leaf_count=14662 18492 456162 964411 177614 32701 143153 14359
internal_value=-4.15156e-07 8.87961e-05 -4.73929e-05 -3.84208e-05 -0.000247541 0.000104544 -0.000236397
internal_weight=1.82155e+06 628336 1.19322e+06 1.14202e+06 51193 599315 29021
internal_count=1821554 628336 1193218 1142025 51193 599315 29021
is_linear=0
shrinkage=0.00720685


Tree=30
num_leaves=8
num_cat=0
split_feature=1 3 5 18 9 1 9
split_gain=146.609 60.8712 21.127 13.6854 10.3352 9.46662 6.92447
threshold=-0.18089523166418073 inf -0.65111395716667164 -0.53720363974571217 0.0076266487594693908 -0.38420489430427546 -1.0936605334281919
decision_type=2 8 8 8 8 2 10
left_child=1 5 6 -4 -3 -1 -2
right_child=2 4 3 -5 -6 -7 -8
leaf_value=0.00012040487688654662 -0.00019834426615135192 -0.00037619768737541634 -7.7218079080179882e-05 -1.4902151256559949e-05 -8.5598400787594603e-05 5.3178036944688782e-05 -9.0346670704637369e-05
leaf_weight=459723 36341 14857 247041 706563 11111 142525 203565
leaf_count=459723 36341 14857 247041 706563 11111 142525 203565
internal_value=6.51189e-07 8.97644e-05 -4.62545e-05 -3.10458e-05 -0.000251867 0.000104495 -0.000106707
internal_weight=1.82173e+06 628216 1.19351e+06 953604 25968 602248 239906
internal_count=1821726 628216 1193510 953604 25968 602248 239906
is_linear=0
shrinkage=0.00720685


Tree=31
num_leaves=8
num_cat=0
split_feature=1 1 0 0 1 1 23
split_gain=143.862 57.9823 37.9787 38.5856 18.6286 10.2648 6.60201
threshold=-0.18089523166418073 -3.4753372669219966 -2.6431158781051631 0.45483469963073736 1.3691942691802981 -0.38420489430427546 -1.7832698225975034
decision_type=2 2 2 2 2 2 10
left_child=1 6 4 -4 -2 -3 -1
right_child=2 5 3 -5 -6 -7 -8
leaf_value=0.00067572323471075933 -0.00041414205578464897 0.00012020379171295281 -2.0109073172270841e-05 -0.00013674726677791524 -0.00013095221259922652 5.0135656905023352e-05 -0.00023883906711291103
leaf_weight=415 19445 456594 967556 173766 31789 142483 28702
leaf_count=415 19445 456594 967556 173766 31789 142483 28702
internal_value=1.01037e-08 8.82746e-05 -4.64844e-05 -3.78673e-05 -0.000238438 0.000103539 -0.000225782
internal_weight=1.82075e+06 628194 1.19256e+06 1.14132e+06 51234 599077 29117
internal_count=1820750 628194 1192556 1141322 51234 599077 29117
is_linear=0
shrinkage=0.00720685


Tree=32
num_leaves=8
num_cat=0
split_feature=0 3 3 7 0 23 0
split_gain=62.8581 34.5412 22.3276 15.085 9.65756 6.20907 4.24717
threshold=-1.5709801912307737 inf 0.020981248468160633 0.39584746956825262 0.036999998614192016 0.10762766376137735 -4.2183423042297354
decision_type=2 8 8 2 2 10 2
left_child=3 2 -2 6 -3 -5 -1
right_child=1 4 -4 5 -6 -7 -8
leaf_value=-0.00024142744163055209 4.1235330043416182e-05 -0.00018564735729448078 -1.1122013486809159e-05 -0.00033174767007552785 -0.00055223356449229303 -0.00014560866971262415 -7.1654019939792617e-05
leaf_weight=9038 836966 21787 855376 30207 4504 13457 49946
leaf_count=9038 836966 21787 855376 30207 4504 13457 49946
internal_value=3.97578e-07 1.07448e-05 1.47719e-05 -0.000172844 -0.000248467 -0.000274386 -9.76719e-05
internal_weight=1.82128e+06 1.71863e+06 1.69234e+06 102648 26291 43664 58984
internal_count=1821281 1718633 1692342 102648 26291 43664 58984
is_linear=0
shrinkage=0.00720685


end of trees

feature_importances:
LN_TURNOVER=62
LOW_TURNOVER=39
ROE_YOY=24
CORD20=22
REV60=17
Q_SALES_YOY=10
CORD60=8
CORD5=8
VOL_CV20=7
RET_AMT_CORR20=6
MACD_LINE=5
INTRADAY_REV10=4
EP=4
MAX_DD60=3
CURRENT_RATIO=3
CNTD60=3
CORR60=2
RET_VOL_CORR5=1
VOL_OF_VOL_20=1
BP=1
UP_DOWN_RATIO20=1

parameters:
[boosting: gbdt]
[objective: regression]
[metric: l2]
[tree_learner: serial]
[device_type: cpu]
[data_sample_strategy: bagging]
[data: ]
[valid: ]
[num_iterations: 1000]
[learning_rate: 0.00720685]
[num_leaves: 43]
[num_threads: 8]
[seed: 42]
[deterministic: 0]
[force_col_wise: 0]
[force_row_wise: 0]
[histogram_pool_size: -1]
[max_depth: 3]
[min_data_in_leaf: 76]
[min_sum_hessian_in_leaf: 0.001]
[bagging_fraction: 0.712041]
[pos_bagging_fraction: 1]
[neg_bagging_fraction: 1]
[bagging_freq: 1]
[bagging_seed: 400]
[bagging_by_query: 0]
[feature_fraction: 0.587027]
[feature_fraction_bynode: 1]
[feature_fraction_seed: 30056]
[extra_trees: 0]
[extra_seed: 12879]
[early_stopping_round: 0]
[early_stopping_min_delta: 0]
[first_metric_only: 0]
[max_delta_step: 0]
[lambda_l1: 0.0035701]
[lambda_l2: 0.944352]
[linear_lambda: 0]
[min_gain_to_split: 0]
[drop_rate: 0.1]
[max_drop: 50]
[skip_drop: 0.5]
[xgboost_dart_mode: 0]
[uniform_drop: 0]
[drop_seed: 17869]
[top_rate: 0.2]
[other_rate: 0.1]
[min_data_per_group: 100]
[max_cat_threshold: 32]
[cat_l2: 10]
[cat_smooth: 10]
[max_cat_to_onehot: 4]
[top_k: 20]
[monotone_constraints: ]
[monotone_constraints_method: basic]
[monotone_penalty: 0]
[feature_contri: ]
[forcedsplits_filename: ]
[refit_decay_rate: 0.9]
[cegb_tradeoff: 1]
[cegb_penalty_split: 0]
[cegb_penalty_feature_lazy: ]
[cegb_penalty_feature_coupled: ]
[path_smooth: 0]
[interaction_constraints: ]
[verbosity: -1]
[saved_feature_importance_type: 0]
[use_quantized_grad: 0]
[num_grad_quant_bins: 4]
[quant_train_renew_leaf: 0]
[stochastic_rounding: 1]
[linear_tree: 0]
[max_bin: 255]
[max_bin_by_feature: ]
[min_data_in_bin: 3]
[bin_construct_sample_cnt: 200000]
[data_random_seed: 175]
[is_enable_sparse: 1]
[enable_bundle: 1]
[use_missing: 1]
[zero_as_missing: 0]
[feature_pre_filter: 1]
[pre_partition: 0]
[two_round: 0]
[header: 0]
[label_column: ]
[weight_column: ]
[group_column: ]
[ignore_column: ]
[categorical_feature: ]
[forcedbins_filename: ]
[precise_float_parser: 0]
[parser_config_file: ]
[objective_seed: 16083]
[num_class: 1]
[is_unbalance: 0]
[scale_pos_weight: 1]
[sigmoid: 1]
[boost_from_average: 1]
[reg_sqrt: 0]
[alpha: 0.9]
[fair_c: 1]
[poisson_max_delta_step: 0.7]
[tweedie_variance_power: 1.5]
[lambdarank_truncation_level: 30]
[lambdarank_norm: 1]
[label_gain: ]
[lambdarank_position_bias_regularization: 0]
[eval_at: ]
[multi_error_top_k: 1]
[auc_mu_weights: ]
[num_machines: 1]
[local_listen_port: 12400]
[time_out: 120]
[machine_list_filename: ]
[machines: ]
[gpu_platform_id: -1]
[gpu_device_id: -1]
[gpu_use_dp: 0]
[num_gpu: 1]

end of parameters

pandas_categorical:[]
