tree
version=v4
num_class=1
num_tree_per_iteration=1
label_index=0
max_feature_idx=25
objective=regression
feature_names=LOW_TURNOVER LN_TURNOVER INTRADAY_REV10 CORD20 RET_AMT_CORR20 VOL_CV20 CORD60 MACD_LINE AMIHUD_20 REV60 RET_VOL_CORR5 CORD5 CORR60 VOL_OF_VOL_20 VOL_PRICE_DIVERGENCE BP UP_DOWN_RATIO20 EP MAX_DD60 CURRENT_RATIO NEG_SKEW_20 VSTD5 CNTD5 Q_SALES_YOY CNTD60 ROE_YOY
feature_infos=[-6.6507048606872559:3.9116966724395752] [-3.5821986198425293:4.0862054824829102] [-5.1759977340698242:4.8192548751831055] [-3.7049520015716553:3.4771995544433594] [-3.4770777225494385:3.9991240501403809] [-6.384894847869873:3.0953469276428223] [-3.6698319911956787:3.9833581447601318] [-7.5722651481628418:7.5972013473510742] [-2.9601614475250244:6.690305233001709] [-5.7415909767150879:3.5614526271820068] [-2.8668863773345947:3.6979742050170898] [-3.7296333312988281:2.9198124408721924] [-4.2980785369873047:3.6019785404205322] [-5.9699907302856445:2.6167361736297607] [-3.2312240600585938:3.4488222599029541] [-5.0903816223144531:6.8478798866271973] [-3.1475920677185059:6.8278121948242188] [-5.4717979431152344:7.2269930839538574] [-2.6533071994781494:6.1431884765625] [-2.396373987197876:6.9915599822998047] [-4.1923856735229492:3.6106843948364258] [-3.7600185871124268:6.2083430290222168] [-3.8121867179870605:4.3388934135437012] [-3.4283149242401123:6.9506363868713379] [-3.839916467666626:3.8355667591094971] [-7.6913962364196777:7.0655250549316406]
tree_sizes=919 967 975 969 966 972 971 980 977 966 972 985 981 982 974 968 973 978 980 976 973 968 975 973 969 973 958 972 978 973 972 968 978

Tree=0
num_leaves=8
num_cat=0
split_feature=1 25 1 19 2 2 2
split_gain=123.883 33.7493 18.5706 14.7126 13.648 9.55218 4.64743
threshold=1.53465211391449 0.018112968653440479 2.0200885534286503 -0.38302484154701227 -0.37043088674545283 -1.8095427751541135 -1.1075475811958311
decision_type=2 10 2 8 2 2 2
left_child=1 3 6 -1 -3 -4 -2
right_child=2 4 5 -5 -6 -7 -8
leaf_value=0.011880481469275778 0.011649548489806637 0.01185389645263037 0.011430626829410928 0.011820638637814256 0.011914780645864083 0.011622191478852068 0.011761101062733446
leaf_weight=321009 30332 252541 20967 636422 787638 38080 53819
leaf_count=321009 30332 252541 20967 636422 787638 38080 53819
internal_value=0.0118569 0.0118716 0.0116521 0.0118407 0.0119 0.0115542 0.0117209
internal_weight=2.14081e+06 1.99761e+06 143198 957431 1.04018e+06 59047 84151
internal_count=2140808 1997610 143198 957431 1040179 59047 84151
is_linear=0
shrinkage=1


Tree=1
num_leaves=8
num_cat=0
split_feature=7 25 19 18 3 25 18
split_gain=43.851 30.8706 18.7459 18.1699 12.3718 9.83526 4.442
threshold=0.37158764898777014 0.046791996806859977 -0.17329390347003934 1.694462835788727 1.3707167506217959 1.4233564138412478 3.8190066814422612
decision_type=2 10 8 8 8 10 10
left_child=1 2 -1 4 -2 -3 -5
right_child=3 5 -4 6 -6 -7 -8
leaf_value=1.988200278636493e-05 -3.2436062449947868e-05 5.3520071961474298e-05 -4.6004653324721981e-05 -0.00017710418673909514 -0.00015739572379598106 -5.5275810989897316e-05 -0.00051142249300586431
leaf_weight=440004 320732 774734 457477 51419 47208 45702 2150
leaf_count=440004 320732 774734 457477 51419 47208 45702 2150
internal_value=-6.54819e-07 1.55069e-05 -1.37027e-05 -6.65242e-05 -4.84693e-05 4.74596e-05 -0.000190531
internal_weight=2.13943e+06 1.71792e+06 897481 421509 367940 820436 53569
internal_count=2139426 1717917 897481 421509 367940 820436 53569
is_linear=0
shrinkage=0.00720685


Tree=2
num_leaves=8
num_cat=0
split_feature=1 25 9 1 7 1 1
split_gain=123.414 31.3749 18.4998 15.4338 10.1494 9.58462 4.92342
threshold=1.5726319551467898 0.018112968653440479 -1.7419664859771726 0.74038138985633861 0.26280312240123754 2.2637199163436894 2.0200885534286503
decision_type=2 10 8 2 2 2 2
left_child=1 4 6 -3 -1 -4 -2
right_child=2 3 5 -5 -6 -7 -8
leaf_value=-2.4358024353429802e-06 -0.00026853484949826434 5.3393040757544883e-05 -0.00012844902799294606 -2.2491545055263055e-05 -5.7047106114421582e-05 -0.00029193618246628093 -0.00045447678799042117
leaf_weight=727368 13565 878301 80036 165423 233491 24275 16282
leaf_count=727368 13565 878301 80036 165423 233491 24275 16282
internal_value=-1.53439e-07 1.40093e-05 -0.000211771 4.13658e-05 -1.57065e-05 -0.000166498 -0.000369981
internal_weight=2.13874e+06 2.00458e+06 134158 1.04372e+06 960859 104311 29847
internal_count=2138741 2004583 134158 1043724 960859 104311 29847
is_linear=0
shrinkage=0.00720685


Tree=3
num_leaves=8
num_cat=0
split_feature=1 25 1 1 6 7 7
split_gain=122.197 30.9661 18.042 13.2151 10.8154 7.26866 3.48914
threshold=1.5013159513473513 0.018112968653440479 2.0200885534286503 0.24035129696130755 0.59530106186866771 0.29549460113048559 0.32365874946117407
decision_type=2 10 2 2 8 2 2
left_child=1 4 6 -3 -1 -4 -2
right_child=2 3 5 -5 -6 -7 -8
leaf_value=1.3149600502467218e-07 -0.00010069586089383445 6.0293776497352041e-05 -0.00021948784367935891 5.5449117759620804e-06 -5.4440544831521276e-05 -0.0003796920080772478 -0.00019264623202696989
leaf_weight=693888 58040 693840 30752 341788 259035 28209 33990
leaf_count=693888 58040 693840 30752 341788 259035 28209 33990
internal_value=-6.31246e-08 1.49449e-05 -0.000197718 4.22251e-05 -1.47029e-05 -0.00029614 -0.000134658
internal_weight=2.13954e+06 1.98855e+06 150991 1.03563e+06 952923 58961 92030
internal_count=2139542 1988551 150991 1035628 952923 58961 92030
is_linear=0
shrinkage=0.00720685


Tree=4
num_leaves=8
num_cat=0
split_feature=1 25 1 1 6 7 7
split_gain=120.034 30.9651 18.0188 13.8091 10.7515 6.98358 3.27401
threshold=1.53465211391449 0.018112968653440479 2.0200885534286503 0.78694191575050365 0.56421765685081493 0.2505152970552445 0.33148500323295599
decision_type=2 10 2 2 8 2 2
left_child=1 4 6 -3 -1 -4 -2
right_child=2 3 5 -5 -6 -7 -8
leaf_value=2.4404944977895673e-07 -9.960411905330094e-05 5.2549752870072804e-05 -0.00021713770279073463 -2.269546430206657e-05 -5.3364541813551272e-05 -0.00037408219778302436 -0.0001928667432952135
leaf_weight=685299 53450 891963 28602 147645 271203 30368 30831
leaf_count=685299 53450 891963 28602 147645 271203 30368 30831
internal_value=1.74999e-07 1.46365e-05 -0.000201336 4.18634e-05 -1.49559e-05 -0.000297965 -0.000133723
internal_weight=2.13936e+06 1.99611e+06 143251 1.03961e+06 956502 58970 84281
internal_count=2139361 1996110 143251 1039608 956502 58970 84281
is_linear=0
shrinkage=0.00720685


Tree=5
num_leaves=8
num_cat=0
split_feature=1 25 1 19 1 2 2
split_gain=118.778 30.9431 16.7759 14.7413 14.2284 8.60662 3.90046
threshold=1.53465211391449 0.018112968653440479 2.0200885534286503 -0.38787750899791712 0.48687615990638738 -1.9692671298980711 -1.1721167564392088
decision_type=2 10 2 8 2 2 2
left_child=1 3 6 -1 -3 -4 -2
right_child=2 4 5 -5 -6 -7 -8
leaf_value=2.5257578780413942e-05 -0.00020288648151055888 5.6779305086686823e-05 -0.00041965393581458416 -3.4800759230587151e-05 -5.8465022583539863e-06 -0.00023350057592239098 -9.9290477490005874e-05
leaf_weight=317434 28736 791869 19019 640687 247260 40115 55031
leaf_count=317434 28736 791869 19019 640687 247260 40115 55031
internal_value=2.77513e-07 1.46388e-05 -0.000200441 -1.49029e-05 4.18775e-05 -0.000293378 -0.000134831
internal_weight=2.14015e+06 1.99725e+06 142901 958121 1.03913e+06 59134 83767
internal_count=2140151 1997250 142901 958121 1039129 59134 83767
is_linear=0
shrinkage=0.00720685


Tree=6
num_leaves=8
num_cat=0
split_feature=0 0 0 19 6 9 9
split_gain=128.818 25.6974 23.677 16.8677 7.56785 6.44349 5.83973
threshold=-1.3121803402900694 -3.6217099428176875 -0.051824459806084626 -0.26242263615131373 0.63784387707710277 -1.4721415638923643 -3.05889880657196
decision_type=2 2 2 8 8 8 8
left_child=1 6 4 -4 -2 -3 -1
right_child=2 5 3 -5 -6 -7 -8
leaf_value=-0.00058452338744278336 -6.7056840995636369e-06 -0.00024677872591144225 5.5058153146872042e-05 6.7411231890679336e-06 -6.5984048834564455e-05 -0.00012166269302177616 -0.00033236604934739364
leaf_weight=5717 299926 27912 706236 800789 178391 91363 28867
leaf_count=5717 299926 27912 706236 800789 178391 91363 28867
internal_value=-2.06101e-07 -0.000201098 1.53626e-05 2.93839e-05 -2.8814e-05 -0.000150944 -0.000374065
internal_weight=2.1392e+06 153859 1.98534e+06 1.50702e+06 478317 119275 34584
internal_count=2139201 153859 1985342 1507025 478317 119275 34584
is_linear=0
shrinkage=0.00720685


Tree=7
num_leaves=8
num_cat=0
split_feature=0 25 0 19 0 2 25
split_gain=127.419 28.182 27.3709 14.7269 12.5106 5.94644 5.01107
threshold=-1.2469208836555479 0.018112968653440479 -3.6217099428176875 -0.38302484154701227 -0.044234553351998322 -1.8095427751541135 0.041607009246945388
decision_type=2 10 2 8 2 2 8
left_child=2 3 5 -2 -3 -1 -4
right_child=1 4 6 -5 -6 -7 -8
leaf_value=-0.00048110150489549802 2.748297897433231e-05 -4.1689906235434985e-06 -0.00019566894371668661 -3.2782414295868003e-05 5.5511597873562118e-05 -0.00029037993911984629 -0.00010506818346620877
leaf_weight=15202 315821 237041 57536 632139 791893 19252 70645
leaf_count=15202 315821 237041 57536 632139 791893 19252 70645
internal_value=-3.0755e-07 1.56446e-05 -0.000194211 -1.27044e-05 4.17626e-05 -0.000374543 -0.000145737
internal_weight=2.13953e+06 1.97689e+06 162635 947960 1.02893e+06 34454 128181
internal_count=2139529 1976894 162635 947960 1028934 34454 128181
is_linear=0
shrinkage=0.00720685


Tree=8
num_leaves=8
num_cat=0
split_feature=0 25 0 0 6 23 6
split_gain=131.189 29.852 27.3708 13.22 10.2489 4.54296 4.41153
threshold=-1.2469208836555479 0.018112968653440479 -3.6217099428176875 -0.044234553351998322 0.59530106186866771 -0.2419379651546478 0.74564519524574291
decision_type=2 10 2 2 8 8 10
left_child=2 4 5 -3 -2 -1 -4
right_child=1 3 6 -5 -6 -7 -8
leaf_value=-0.00049205986936336015 1.3139825045473579e-06 -4.3157069208939778e-06 -0.00011526582365611219 5.7018006207852166e-05 -5.1933452198093734e-05 -0.00031768285214477668 -0.00020244015350839495
leaf_weight=11826 690221 237189 78806 791969 257896 22607 48844
leaf_count=11826 690221 237189 78806 791969 257896 22607 48844
internal_value=-1.53017e-07 1.6005e-05 -0.000197266 4.28825e-05 -1.31698e-05 -0.000377585 -0.000148624
internal_weight=2.13936e+06 1.97728e+06 162083 1.02916e+06 948117 34433 127650
internal_count=2139358 1977275 162083 1029158 948117 34433 127650
is_linear=0
shrinkage=0.00720685


Tree=9
num_leaves=8
num_cat=0
split_feature=1 19 9 7 1 1 1
split_gain=112.699 22.1817 18.9301 13.8176 9.40236 8.37781 5.71695
threshold=1.5013159513473513 -0.34602212905883784 -1.420151352882385 0.50826776027679454 0.48687615990638738 2.0940726995468144 1.951994836330414
decision_type=2 8 8 2 2 2 2
left_child=1 3 6 -1 -3 -4 -2
right_child=2 4 5 -5 -6 -7 -8
leaf_value=5.7529087756612264e-05 -0.00023040762081253424 7.2937840047434581e-06 -9.9125401440719585e-05 -3.3170583210985882e-05 -3.9256529767672403e-05 -0.0002357070990812729 -0.00040236050208746318
leaf_weight=660217 18694 930510 76976 100521 297387 33469 21715
leaf_count=660217 18694 930510 76976 100521 297387 33469 21715
internal_value=5.58635e-07 1.4965e-05 -0.000189352 4.55443e-05 -3.98034e-06 -0.000140517 -0.00032282
internal_weight=2.13949e+06 1.98864e+06 150854 760738 1.2279e+06 110445 40409
internal_count=2139489 1988635 150854 760738 1227897 110445 40409
is_linear=0
shrinkage=0.00720685


Tree=10
num_leaves=8
num_cat=0
split_feature=0 25 0 0 6 7 2
split_gain=125.117 28.9715 24.1632 12.84 10.1403 5.39869 4.45076
threshold=-1.3121803402900694 0.018112968653440479 -4.0801110267639151 0.21751561760902408 0.57437276840209972 0.2888603955507279 -1.7361308336257932
decision_type=2 10 2 2 8 2 2
left_child=2 4 6 -3 -2 -4 -1
right_child=1 3 5 -5 -6 -7 -8
leaf_value=-0.00049337637232080495 1.4241243144329183e-06 1.1967352349594091e-05 -0.00011929620669139155 6.3468608338677592e-05 -5.0931331247020669e-05 -0.00021516863681967348 -0.00030514072605727417
leaf_weight=12828 685223 433205 77486 599223 267008 50324 13294
leaf_count=12828 685223 433205 77486 599223 267008 50324 13294
internal_value=6.28024e-08 1.54147e-05 -0.00019787 4.18588e-05 -1.32565e-05 -0.000157047 -0.000397595
internal_weight=2.13859e+06 1.98466e+06 153932 1.03243e+06 952231 127810 26122
internal_count=2138591 1984659 153932 1032428 952231 127810 26122
is_linear=0
shrinkage=0.00720685


Tree=11
num_leaves=8
num_cat=0
split_feature=9 25 19 25 4 18 23
split_gain=52.1815 29.4791 15.4225 10.8574 8.77805 8.90518 5.49404
threshold=-1.420151352882385 0.046791996806859977 -0.38302484154701227 1.4233564138412478 -0.94953796267509449 2.1098999977111821 -0.067419163882732377
decision_type=10 10 8 8 8 10 10
left_child=4 2 -2 -3 6 -6 -1
right_child=1 3 -4 -5 5 -7 -8
leaf_value=-0.00027871620952618344 2.4085126125009177e-05 4.6249733732224417e-05 -3.5822795905203313e-05 -6.1043568371523191e-05 -6.0954735215417985e-05 -0.00020024150035172458 -0.00011307003332591282
leaf_weight=22935 333664 878653 674103 51877 130242 29182 19032
leaf_count=22935 333664 878653 674103 51877 130242 29182 19032
internal_value=-4.52656e-07 1.10193e-05 -1.59877e-05 4.02681e-05 -0.000110865 -8.64519e-05 -0.000203601
internal_weight=2.13969e+06 1.9383e+06 1.00777e+06 930530 201391 159424 41967
internal_count=2139688 1938297 1007767 930530 201391 159424 41967
is_linear=0
shrinkage=0.00720685


Tree=12
num_leaves=8
num_cat=0
split_feature=0 25 0 19 0 18 25
split_gain=119.532 27.7741 24.8024 13.787 12.8034 4.07449 4.00645
threshold=-1.3121803402900694 0.018112968653440479 -3.6217099428176875 -0.38302484154701227 -0.044234553351998322 1.8807828426361086 0.041607009246945388
decision_type=2 10 2 8 2 10 8
left_child=2 3 5 -2 -3 -1 -4
right_child=1 4 6 -5 -6 -7 -8
leaf_value=-0.00031569479135551431 2.6210538632802252e-05 -4.6519566514937542e-06 -0.00019015175708941365 -3.1972517018046578e-05 5.5360275703978885e-05 -0.00049224319901107548 -0.00010620633617903748
leaf_weight=25126 317208 240765 53598 634911 792146 9311 65776
leaf_count=25126 317208 240765 53598 634911 792146 9311 65776
internal_value=4.92672e-07 1.54899e-05 -0.000193055 -1.25882e-05 4.13718e-05 -0.000363442 -0.000143899
internal_weight=2.13884e+06 1.98503e+06 153811 952119 1.03291e+06 34437 119374
internal_count=2138841 1985030 153811 952119 1032911 34437 119374
is_linear=0
shrinkage=0.00720685


Tree=13
num_leaves=8
num_cat=0
split_feature=9 25 19 25 13 18 19
split_gain=52.0083 28.0243 15.5054 10.6439 10.5208 5.65612 4.82213
threshold=-1.420151352882385 0.046791996806859977 -0.17329390347003934 1.4233564138412478 -1.1087780594825742 2.1098999977111821 0.39464823901653295
decision_type=10 10 8 8 8 10 8
left_child=4 2 -2 -3 6 -6 -1
right_child=1 3 -4 -5 5 -7 -8
leaf_value=-0.00015621654058070903 1.3650058853964696e-05 4.6248549287227819e-05 -4.2913929569134497e-05 -5.9949345361182508e-05 -6.3086226926358982e-05 -0.00019571946985347531 -0.00031354721379355552
leaf_weight=36128 505144 878783 501689 51913 132049 19117 14057
leaf_count=36128 505144 878783 501689 51913 132049 19117 14057
internal_value=3.60873e-07 1.18171e-05 -1.45349e-05 4.03249e-05 -0.000109878 -7.98608e-05 -0.000200291
internal_weight=2.13888e+06 1.93753e+06 1.00683e+06 930696 201351 151166 50185
internal_count=2138880 1937529 1006833 930696 201351 151166 50185
is_linear=0
shrinkage=0.00720685


Tree=14
num_leaves=8
num_cat=0
split_feature=1 1 19 2 2 1 9
split_gain=105.303 21.2147 20.7492 11.9298 9.59653 8.76413 6.81756
threshold=1.3749407529830935 2.0200885534286503 -0.39246492087841028 -0.35924454033374781 -1.6747075915336607 0.27175830304622656 -1.420151352882385
decision_type=2 2 8 2 2 2 8
left_child=2 6 3 -1 -3 -4 -2
right_child=1 4 5 -5 -6 -7 -8
leaf_value=-5.0098843602493361e-06 -0.00021300536146256458 -0.00039420079040828476 1.0905001290469462e-05 6.5160972945743943e-05 -0.00020490599887015661 -2.9829969861646328e-05 -8.4199047872728159e-05
leaf_weight=167578 27196 22589 883488 505198 36217 397860 99169
leaf_count=167578 27196 22589 883488 505198 36217 397860 99169
internal_value=-2.91434e-07 -0.000164547 1.52733e-05 4.76825e-05 -0.000277625 -1.74325e-06 -0.000111922
internal_weight=2.1393e+06 185171 1.95412e+06 672776 58806 1.28135e+06 126365
internal_count=2139295 185171 1954124 672776 58806 1281348 126365
is_linear=0
shrinkage=0.00720685


Tree=15
num_leaves=8
num_cat=0
split_feature=1 19 9 2 1 1 1
split_gain=100.26 20.1195 16.0536 15.6907 8.58069 7.8286 3.85629
threshold=1.5013159513473513 -0.26242263615131373 -2.0174851417541499 -0.37043088674545283 2.0940726995468144 0.088144466280937209 1.951994836330414
decision_type=2 8 8 2 2 2 2
left_child=1 3 6 -1 -4 -3 -2
right_child=2 5 4 -5 -6 -7 -8
leaf_value=-1.374134587190886e-05 -0.000239778289600041 8.4400147570819891e-06 -0.00010459524005702666 5.5958632312321862e-05 -0.0002340561301215778 -3.1015627483073605e-05 -0.00041479655988981533
leaf_weight=222981 11488 652089 85927 677275 38510 435710 15197
leaf_count=222981 11488 652089 85927 677275 38510 435710 15197
internal_value=-1.09923e-07 1.34932e-05 -0.000179062 3.86949e-05 -0.000144662 -7.36365e-06 -0.000339463
internal_weight=2.13918e+06 1.98806e+06 151122 900256 124437 1.0878e+06 26685
internal_count=2139177 1988055 151122 900256 124437 1087799 26685
is_linear=0
shrinkage=0.00720685


Tree=16
num_leaves=8
num_cat=0
split_feature=0 0 0 7 3 9 2
split_gain=114.652 22.5241 21.8564 8.80843 8.50358 5.93638 5.3619
threshold=-1.3834502696990965 -3.6217099428176875 -0.051824459806084626 0.416807770729065 1.1483173966407778 -1.7419664859771726 -1.5564170479774473
decision_type=2 2 2 2 8 8 2
left_child=1 6 4 -4 -2 -3 -1
right_child=2 5 3 -5 -6 -7 -8
leaf_value=-0.00044598439732978476 -1.3583787945045955e-05 -0.00025401345925112935 3.4753524027094305e-05 -1.4815999517359905e-05 -9.1117328534921546e-05 -0.00011991472267715216 -0.00026625164374474654
leaf_weight=17340 397400 21221 1289334 217616 90134 89314 17160
leaf_count=17340 397400 21221 1289334 217616 90134 89314 17160
internal_value=-2.01087e-07 -0.00019584 1.40255e-05 2.75953e-05 -2.79182e-05 -0.000145662 -0.000356597
internal_weight=2.13952e+06 145035 1.99448e+06 1.50695e+06 487534 110535 34500
internal_count=2139519 145035 1994484 1506950 487534 110535 34500
is_linear=0
shrinkage=0.00720685


Tree=17
num_leaves=8
num_cat=0
split_feature=0 25 0 0 3 2 3
split_gain=115.168 25.9069 21.5417 13.2395 9.67751 5.28286 4.01628
threshold=-1.4580292105674741 0.018112968653440479 -3.6217099428176875 -0.051824459806084626 1.0565179586410525 -1.6747075915336607 1.2483323812484743
decision_type=2 10 2 2 8 2 10
left_child=2 4 5 -3 -2 -1 -4
right_child=1 3 6 -5 -6 -7 -8
leaf_value=-0.00045322998805632836 -4.4354050075229293e-06 -7.869504463652148e-06 -0.00012833630603306261 5.2677349556022342e-05 -7.1314760013662493e-05 -0.00027382412629608447 -0.00024244182284533964
leaf_weight=16329 831577 245415 82330 795893 129933 17854 19895
leaf_count=16329 831577 245415 82330 795893 129933 17854 19895
internal_value=-2.99376e-07 1.35008e-05 -0.00020292 3.84077e-05 -1.34732e-05 -0.000359536 -0.000150546
internal_weight=2.13923e+06 2.00282e+06 136408 1.04131e+06 961510 34183 102225
internal_count=2139226 2002818 136408 1041308 961510 34183 102225
is_linear=0
shrinkage=0.00720685


Tree=18
num_leaves=8
num_cat=0
split_feature=0 25 0 0 19 9 9
split_gain=116.089 26.4505 20.1867 13.1991 12.4433 6.38491 2.77558
threshold=-1.4580292105674741 0.018112968653440479 -4.0801110267639151 -0.044234553351998322 -0.38787750899791712 -1.3183778524398801 -1.7419664859771726
decision_type=2 10 2 2 8 8 8
left_child=2 4 6 -3 -2 -4 -1
right_child=1 3 5 -5 -6 -7 -8
leaf_value=-0.00048575593567502334 2.3017784458811338e-05 -7.3222512878534367e-06 -0.00024947600046378883 5.2760997240368059e-05 -3.2218922012630695e-05 -0.00012731766795170908 -0.00032962367780766652
leaf_weight=9067 315337 249834 30738 791602 645263 80241 17054
leaf_count=9067 315337 249834 30738 791602 645263 80241 17054
internal_value=-7.04193e-07 1.31891e-05 -0.000203583 3.83474e-05 -1.40863e-05 -0.000161154 -0.000383836
internal_weight=2.13914e+06 2.00204e+06 137100 1.04144e+06 960600 110979 26121
internal_count=2139136 2002036 137100 1041436 960600 110979 26121
is_linear=0
shrinkage=0.00720685


Tree=19
num_leaves=8
num_cat=0
split_feature=0 25 0 0 6 9 9
split_gain=107.798 27.1873 19.7534 12.7383 11.0239 5.49566 3.98866
threshold=-1.4580292105674741 0.018112968653440479 -3.6217099428176875 -0.044234553351998322 0.68995600938797008 -1.420151352882385 -1.420151352882385
decision_type=2 10 2 2 8 8 8
left_child=2 4 6 -3 -2 -4 -1
right_child=1 3 5 -5 -6 -7 -8
leaf_value=-0.00044344711542118891 -5.8883890826665432e-07 -6.0738824561416886e-06 -0.00023726495365373971 5.2966419431269956e-05 -5.7728430542294552e-05 -0.00011510011841631653 -0.00028390120496352752
leaf_weight=13192 729551 249565 25462 792619 230863 76876 21277
leaf_count=13192 729551 249565 25462 792619 230863 76876 21277
internal_value=-3.36266e-08 1.33373e-05 -0.000195758 3.88284e-05 -1.4324e-05 -0.000145497 -0.000344974
internal_weight=2.1394e+06 2.0026e+06 136807 1.04218e+06 960414 102338 34469
internal_count=2139405 2002598 136807 1042184 960414 102338 34469
is_linear=0
shrinkage=0.00720685


Tree=20
num_leaves=8
num_cat=0
split_feature=1 25 1 19 1 7 7
split_gain=96.9918 26.8616 13.8819 13.1542 11.9533 4.74711 4.12721
threshold=1.53465211391449 0.018112968653440479 2.2637199163436894 -0.38787750899791712 0.078443020582199111 0.32365874946117407 0.2888603955507279
decision_type=2 10 2 8 2 2 2
left_child=1 3 5 -1 -3 -2 -4
right_child=2 4 6 -5 -6 -7 -8
leaf_value=2.3359861522875064e-05 -0.00010371996215474429 5.8355302419927275e-05 -0.00022648984196429529 -3.3413583759823697e-05 8.5145716863295726e-06 -0.00020184411485367235 -0.00038406116744408306
leaf_weight=316979 66957 621509 16884 639799 418027 41472 17684
leaf_count=316979 66957 621509 16884 639799 418027 41472 17684
internal_value=-3.64657e-08 1.2951e-05 -0.000181348 -1.46046e-05 3.8313e-05 -0.000141252 -0.000307108
internal_weight=2.13931e+06 1.99631e+06 142997 956778 1.03954e+06 108429 34568
internal_count=2139311 1996314 142997 956778 1039536 108429 34568
is_linear=0
shrinkage=0.00720685


Tree=21
num_leaves=8
num_cat=0
split_feature=1 25 1 19 2 2 9
split_gain=96.4342 27.398 19.04 12.4084 11.3 9.72437 6.56743
threshold=1.4049599766731264 0.018112968653440479 2.0200885534286503 -0.38787750899791712 -0.45322355628013605 -1.8095427751541135 -1.420151352882385
decision_type=2 10 2 8 2 2 8
left_child=1 3 6 -1 -3 -4 -2
right_child=2 4 5 -5 -6 -7 -8
leaf_value=2.4111266364720567e-05 -0.00020923316528309314 -5.632526327295707e-06 -0.00039050849318363566 -3.1453764920971865e-05 5.3261714947093712e-05 -0.00019740964097642567 -7.913509167937055e-05
leaf_weight=312751 25811 214027 21044 627643 808023 38027 91947
leaf_count=312751 25811 214027 21044 627643 808023 38027 91947
internal_value=5.73951e-07 1.50987e-05 -0.00016062 -1.29742e-05 4.09287e-05 -0.000266207 -0.000107653
internal_weight=2.13927e+06 1.96244e+06 176829 940394 1.02205e+06 59071 117758
internal_count=2139273 1962444 176829 940394 1022050 59071 117758
is_linear=0
shrinkage=0.00720685


Tree=22
num_leaves=8
num_cat=0
split_feature=0 25 0 0 7 9 9
split_gain=108.163 24.8908 21.264 14.0893 9.09914 6.50726 3.38445
threshold=-1.4580292105674741 0.0051344528328627357 -4.0801110267639151 0.22259423881769183 0.26280312240123754 -1.420151352882385 -1.7419664859771726
decision_type=2 10 2 2 2 8 8
left_child=2 4 6 -3 -2 -4 -1
right_child=1 3 5 -5 -6 -7 -8
leaf_value=-0.00049506734033429836 -1.7679090596088168e-06 6.2899402503105898e-06 -0.00024666571974139585 5.8897781845057096e-05 -5.4398971294293743e-05 -0.00012046946593369857 -0.00032216274482452245
leaf_weight=8986 697182 463121 28594 616249 225889 82341 17050
leaf_count=8986 697182 463121 28594 616249 225889 82341 17050
internal_value=-5.73734e-07 1.28283e-05 -0.000196504 3.63256e-05 -1.46476e-05 -0.000152999 -0.000381855
internal_weight=2.13941e+06 2.00244e+06 136971 1.07937e+06 923071 110935 26036
internal_count=2139412 2002441 136971 1079370 923071 110935 26036
is_linear=0
shrinkage=0.00720685


Tree=23
num_leaves=8
num_cat=0
split_feature=1 7 9 1 2 12 1
split_gain=94.486 17.731 16.2995 10.4578 7.57982 7.09649 5.50075
threshold=1.5013159513473513 0.49515359103679663 -1.4721415638923643 0.45139341056346899 -1.2076416611671446 -0.17213187366724012 2.0200885534286503
decision_type=2 2 8 2 2 8 2
left_child=1 3 6 -1 -4 -3 -2
right_child=2 5 4 -5 -6 -7 -8
leaf_value=3.1579861513056508e-05 -0.00021770223998873986 6.6163621890014499e-06 -0.00021337777936670214 -1.0777033468504185e-05 -8.7582117822377332e-05 -6.8977361001993964e-05 -0.00038878387504162382
leaf_weight=1320593 20215 103484 37288 392797 74760 171216 18887
leaf_count=1320593 20215 103484 37288 392797 74760 171216 18887
internal_value=4.52081e-08 1.32517e-05 -0.00017366 2.18695e-05 -0.000129447 -4.04999e-05 -0.000300346
internal_weight=2.13924e+06 1.98809e+06 151150 1.71339e+06 112048 274700 39102
internal_count=2139240 1988090 151150 1713390 112048 274700 39102
is_linear=0
shrinkage=0.00720685


Tree=24
num_leaves=8
num_cat=0
split_feature=0 0 0 19 6 9 2
split_gain=101.829 22.4032 20.7226 13.5279 10.6611 6.25208 4.24126
threshold=-1.4580292105674741 0.21751561760902408 -4.0801110267639151 -0.33688552677631373 0.67933502793312084 -1.0879182815551756 -2.1685150861740108
decision_type=2 2 2 8 8 8 2
left_child=2 4 6 -3 -2 -4 -1
right_child=1 3 5 -5 -6 -7 -8
leaf_value=-0.00048769003966973564 2.9832519995550526e-06 6.377126449637723e-05 -0.000225470583720175 1.311265719584214e-05 -5.1129961163950986e-05 -0.00010967675386931779 -0.00029896057054133507
leaf_weight=10261 609854 477843 35845 641140 274080 74680 15591
leaf_count=10261 609854 477843 35845 641140 274080 74680 15591
internal_value=3.48856e-07 1.33233e-05 -0.0001902 3.47456e-05 -1.37956e-05 -0.000147232 -0.000373886
internal_weight=2.13929e+06 2.00292e+06 136377 1.11898e+06 883934 110525 25852
internal_count=2139294 2002917 136377 1118983 883934 110525 25852
is_linear=0
shrinkage=0.00720685


Tree=25
num_leaves=8
num_cat=0
split_feature=0 25 0 0 19 9 9
split_gain=101.767 25.5944 18.0753 14.0352 12.9489 5.37256 4.12948
threshold=-1.6210075020790098 0.018112968653440479 -4.0801110267639151 -0.067872110754251466 -0.38302484154701227 -1.420151352882385 -3.05889880657196
decision_type=2 10 2 2 8 8 8
left_child=2 4 6 -3 -2 -4 -1
right_child=1 3 5 -5 -6 -7 -8
leaf_value=-0.00056739871935226156 2.2749816051203363e-05 -1.0916767369242963e-05 -0.00024765200104511826 5.1310494195015702e-05 -3.3195501517449921e-05 -0.00012443383606560498 -0.00032943417082172182
leaf_weight=4601 321826 245726 25009 804915 646613 69349 21487
leaf_count=4601 321826 245726 25009 804915 646613 69349 21487
internal_value=-1.79476e-08 1.21218e-05 -0.00020352 3.67566e-05 -1.4604e-05 -0.000157094 -0.000371423
internal_weight=2.13953e+06 2.01908e+06 120446 1.05064e+06 968439 94358 26088
internal_count=2139526 2019080 120446 1050641 968439 94358 26088
is_linear=0
shrinkage=0.00720685


Tree=26
num_leaves=8
num_cat=0
split_feature=2 25 2 25 21 23 9
split_gain=50.2801 28.3934 13.0382 9.61418 7.60047 7.45349 5.02821
threshold=-0.70649647712707508 0.0078036251943558463 -2.1685150861740108 -0.83116593956947316 inf -0.067419163882732377 -3.05889880657196
decision_type=2 10 2 8 8 10 8
left_child=2 3 6 -2 -3 -4 -1
right_child=1 4 5 -5 -6 -7 -8
leaf_value=-0.00031121689450614549 6.0778341941930798e-05 4.2422965256932619e-05 -8.8652658293912292e-05 -2.3002886692226713e-05 0.00079966368020185571 -1.7262160611981124e-05 -0.00013982926901900543
leaf_weight=10530 78683 944375 165850 741913 688 140142 57137
leaf_count=10530 78683 944375 165850 741913 688 140142 57137
internal_value=-2.75876e-08 1.60452e-05 -7.59764e-05 -1.49694e-05 4.29751e-05 -5.59566e-05 -0.000166504
internal_weight=2.13932e+06 1.76566e+06 373659 820596 945063 305992 67667
internal_count=2139318 1765659 373659 820596 945063 305992 67667
is_linear=0
shrinkage=0.00720685


Tree=27
num_leaves=8
num_cat=0
split_feature=0 25 0 0 7 9 9
split_gain=101.722 25.7216 22.0224 10.0191 9.34881 6.42709 3.69416
threshold=-1.3121803402900694 0.018112968653440479 -3.6217099428176875 -0.044234553351998322 0.22084787487983706 -1.420151352882385 -3.05889880657196
decision_type=2 10 2 2 2 8 8
left_child=2 4 6 -3 -2 -4 -1
right_child=1 3 5 -5 -6 -7 -8
leaf_value=-0.00050808319097629098 8.8896112068555223e-07 -1.4812824701166346e-06 -0.00022545907623488268 5.152381997124657e-05 -5.0103530880576144e-05 -0.00010199936436427829 -0.00030588359257627284
leaf_weight=5612 697775 241674 28892 792875 254974 90519 28746
leaf_count=5612 697775 241674 28892 792875 254974 90519 28746
internal_value=4.42217e-07 1.42601e-05 -0.000178138 3.91416e-05 -1.27576e-05 -0.000131873 -0.000338924
internal_weight=2.14107e+06 1.9873e+06 153769 1.03455e+06 952749 119411 34358
internal_count=2141067 1987298 153769 1034549 952749 119411 34358
is_linear=0
shrinkage=0.00720685


Tree=28
num_leaves=8
num_cat=0
split_feature=0 19 0 2 0 9 2
split_gain=99.4001 20.1888 19.8383 11.7534 10.3717 6.08766 4.31253
threshold=-1.3834502696990965 -0.34128339588642115 -3.6217099428176875 -0.2373235002160072 -0.067872110754251466 -1.3183778524398801 -1.5564170479774473
decision_type=2 8 2 2 2 8 2
left_child=2 3 6 -2 -3 -4 -1
right_child=1 4 5 -5 -6 -7 -8
leaf_value=-0.00041264619291588088 -7.3084919418135981e-07 -4.0372961771036969e-05 -0.00022360192793693378 6.0998407651348219e-05 7.6265706988780557e-06 -0.00010261363069636875 -0.00025150377119443961
leaf_weight=17412 228594 314173 29452 535473 914075 81035 17111
leaf_count=17412 228594 314173 29452 535473 914075 81035 17111
internal_value=1.83763e-07 1.34432e-05 -0.000181988 4.25302e-05 -4.65121e-06 -0.000134867 -0.000332787
internal_weight=2.13732e+06 1.99232e+06 145010 764067 1.22825e+06 110487 34523
internal_count=2137325 1992315 145010 764067 1228248 110487 34523
is_linear=0
shrinkage=0.00720685


Tree=29
num_leaves=8
num_cat=0
split_feature=0 0 25 19 25 9 9
split_gain=96.5008 28.204 23.8006 13.4966 9.17819 6.19492 4.70443
threshold=-0.9831535518169402 -3.6217099428176875 0.12022495642304422 -0.38787750899791712 1.4233564138412478 -1.420151352882385 -3.05889880657196
decision_type=2 2 10 8 8 8 8
left_child=1 6 3 -2 -4 -3 -1
right_child=2 5 4 -5 -6 -7 -8
leaf_value=-0.00052832056899078221 3.0436491367797163e-05 -0.00019240898109960464 5.5103932806784856e-05 -2.0921809786224145e-05 -4.4842142056717323e-05 -8.7799260889429584e-05 -0.00029992031822860478
leaf_weight=5594 394845 37759 676089 812932 51345 132873 28853
leaf_count=5594 394845 37759 676089 812932 51345 132873 28853
internal_value=-2.70535e-07 -0.000148925 1.54828e-05 -4.13178e-06 4.80493e-05 -0.000110949 -0.000337025
internal_weight=2.14029e+06 205079 1.93521e+06 1.20778e+06 727434 170632 34447
internal_count=2140290 205079 1935211 1207777 727434 170632 34447
is_linear=0
shrinkage=0.00720685


Tree=30
num_leaves=8
num_cat=0
split_feature=1 19 2 7 1 1 9
split_gain=86.9544 18.5775 14.573 11.6812 8.70997 7.55102 5.10092
threshold=1.5013159513473513 -0.39246492087841028 -1.7361308336257932 0.3163121789693833 0.27175830304622656 2.2637199163436894 -1.4721415638923643
decision_type=2 8 2 2 2 2 8
left_child=1 3 5 -1 -3 -2 -4
right_child=2 4 6 -5 -6 -7 -8
leaf_value=5.8133192835944011e-05 -0.00021203102035306632 9.2456267736721584e-06 -0.00022417231709222636 -1.4918606803290537e-05 -3.0575572018063692e-05 -0.00041698843605013396 -9.9423991386001517e-05
leaf_weight=540074 27319 883535 21093 144000 421326 14187 88277
leaf_count=540074 27319 883535 21093 144000 421326 14187 88277
internal_value=-3.17816e-07 1.23355e-05 -0.00016712 4.27555e-05 -3.61222e-06 -0.000282095 -0.000123485
internal_weight=2.13981e+06 1.98894e+06 150876 684074 1.30486e+06 41506 109370
internal_count=2139811 1988935 150876 684074 1304861 41506 109370
is_linear=0
shrinkage=0.00720685


Tree=31
num_leaves=8
num_cat=0
split_feature=0 0 0 1 7 3 7
split_gain=97.1885 19.4444 19.0488 12.22 4.76586 4.35393 3.70939
threshold=-1.3121803402900694 -3.6217099428176875 0.22259423881769183 -2.108783364295959 0.50826776027679454 1.3707167506217959 0.29549460113048559
decision_type=2 2 2 2 2 8 2
left_child=1 6 3 -2 -4 -3 -1
right_child=2 5 4 -5 -6 -7 -8
leaf_value=-0.00025072519216000908 0.00044096956835078715 -0.00011233983416141419 3.8716351039432176e-05 -1.2828867663373084e-05 -1.0993418339544612e-05 -0.00023402114802591835 -0.00040051268609742936
leaf_weight=17279 3092 101385 999348 872067 111331 17983 17089
leaf_count=17279 3092 101385 999348 872067 111331 17983 17089
internal_value=4.05588e-07 -0.000174165 1.39203e-05 -1.12251e-05 3.37336e-05 -0.000130673 -0.000325215
internal_weight=2.13957e+06 153736 1.98584e+06 875159 1.11068e+06 119368 34368
internal_count=2139574 153736 1985838 875159 1110679 119368 34368
is_linear=0
shrinkage=0.00720685


Tree=32
num_leaves=8
num_cat=0
split_feature=0 0 0 7 2 23 2
split_gain=96.2252 20.9887 18.0623 8.01085 6.39047 4.34752 3.32709
threshold=-1.2469208836555479 -4.0801110267639151 0.21751561760902408 0.54844215512275707 -0.10648904740810393 -0.78948733210563649 -1.6747075915336607
decision_type=2 2 2 2 2 8 2
left_child=1 6 3 -2 -4 -3 -1
right_child=2 5 4 -5 -6 -7 -8
leaf_value=-0.00043801605550092282 -1.7333546354762509e-06 -0.00024124443432322926 5.2156659388141509e-06 -6.1172757443509203e-05 4.3339628322324121e-05 -0.00011803948596250795 -0.0002747832694753541
leaf_weight=13072 717411 16996 319637 140894 799745 119292 12890
leaf_count=13072 717411 16996 319637 140894 799745 119292 12890
internal_value=-4.60197e-07 -0.000169183 1.3382e-05 -1.14906e-05 3.24535e-05 -0.000133406 -0.000356986
internal_weight=2.13994e+06 162250 1.97769e+06 858305 1.11938e+06 136288 25962
internal_count=2139937 162250 1977687 858305 1119382 136288 25962
is_linear=0
shrinkage=0.00720685


end of trees

feature_importances:
LOW_TURNOVER=50
LN_TURNOVER=38
ROE_YOY=29
REV60=27
INTRADAY_REV10=23
CURRENT_RATIO=20
MACD_LINE=18
CORD60=8
CORD20=5
MAX_DD60=5
Q_SALES_YOY=4
RET_AMT_CORR20=1
CORR60=1
VOL_OF_VOL_20=1
VSTD5=1

parameters:
[boosting: gbdt]
[objective: regression]
[metric: l2]
[tree_learner: serial]
[device_type: cpu]
[data_sample_strategy: bagging]
[data: ]
[valid: ]
[num_iterations: 1000]
[learning_rate: 0.00720685]
[num_leaves: 43]
[num_threads: 8]
[seed: 42]
[deterministic: 0]
[force_col_wise: 0]
[force_row_wise: 0]
[histogram_pool_size: -1]
[max_depth: 3]
[min_data_in_leaf: 76]
[min_sum_hessian_in_leaf: 0.001]
[bagging_fraction: 0.712041]
[pos_bagging_fraction: 1]
[neg_bagging_fraction: 1]
[bagging_freq: 1]
[bagging_seed: 400]
[bagging_by_query: 0]
[feature_fraction: 0.587027]
[feature_fraction_bynode: 1]
[feature_fraction_seed: 30056]
[extra_trees: 0]
[extra_seed: 12879]
[early_stopping_round: 0]
[early_stopping_min_delta: 0]
[first_metric_only: 0]
[max_delta_step: 0]
[lambda_l1: 0.0035701]
[lambda_l2: 0.944352]
[linear_lambda: 0]
[min_gain_to_split: 0]
[drop_rate: 0.1]
[max_drop: 50]
[skip_drop: 0.5]
[xgboost_dart_mode: 0]
[uniform_drop: 0]
[drop_seed: 17869]
[top_rate: 0.2]
[other_rate: 0.1]
[min_data_per_group: 100]
[max_cat_threshold: 32]
[cat_l2: 10]
[cat_smooth: 10]
[max_cat_to_onehot: 4]
[top_k: 20]
[monotone_constraints: ]
[monotone_constraints_method: basic]
[monotone_penalty: 0]
[feature_contri: ]
[forcedsplits_filename: ]
[refit_decay_rate: 0.9]
[cegb_tradeoff: 1]
[cegb_penalty_split: 0]
[cegb_penalty_feature_lazy: ]
[cegb_penalty_feature_coupled: ]
[path_smooth: 0]
[interaction_constraints: ]
[verbosity: -1]
[saved_feature_importance_type: 0]
[use_quantized_grad: 0]
[num_grad_quant_bins: 4]
[quant_train_renew_leaf: 0]
[stochastic_rounding: 1]
[linear_tree: 0]
[max_bin: 255]
[max_bin_by_feature: ]
[min_data_in_bin: 3]
[bin_construct_sample_cnt: 200000]
[data_random_seed: 175]
[is_enable_sparse: 1]
[enable_bundle: 1]
[use_missing: 1]
[zero_as_missing: 0]
[feature_pre_filter: 1]
[pre_partition: 0]
[two_round: 0]
[header: 0]
[label_column: ]
[weight_column: ]
[group_column: ]
[ignore_column: ]
[categorical_feature: ]
[forcedbins_filename: ]
[precise_float_parser: 0]
[parser_config_file: ]
[objective_seed: 16083]
[num_class: 1]
[is_unbalance: 0]
[scale_pos_weight: 1]
[sigmoid: 1]
[boost_from_average: 1]
[reg_sqrt: 0]
[alpha: 0.9]
[fair_c: 1]
[poisson_max_delta_step: 0.7]
[tweedie_variance_power: 1.5]
[lambdarank_truncation_level: 30]
[lambdarank_norm: 1]
[label_gain: ]
[lambdarank_position_bias_regularization: 0]
[eval_at: ]
[multi_error_top_k: 1]
[auc_mu_weights: ]
[num_machines: 1]
[local_listen_port: 12400]
[time_out: 120]
[machine_list_filename: ]
[machines: ]
[gpu_platform_id: -1]
[gpu_device_id: -1]
[gpu_use_dp: 0]
[num_gpu: 1]

end of parameters

pandas_categorical:[]
