tree
version=v4
num_class=1
num_tree_per_iteration=1
label_index=0
max_feature_idx=24
objective=regression
feature_names=LOW_TURNOVER LN_TURNOVER CORR20 VOL_CV20 RET_AMT_CORR20 KLOW CONSEC_UP5 CORD60 RET_VOL_CORR5 OBV_CHG_20 CORD5 AMIHUD_20 VOL_OF_VOL_20 CORR60 VOL_PRICE_DIVERGENCE BP EP CNTD10 IMAX60 WVMA30 MAX_DD60 CNTD60 Q_SALES_YOY VSTD5 NEG_SKEW_20
feature_infos=[-7.2979302406311035:3.8136558532714844] [-3.7221744060516357:5.1036596298217773] [-4.7247915267944336:7.0123887062072754] [-7.0154509544372559:2.9463207721710205] [-5.9910602569580078:4.2068204879760742] [-3.9019699096679688:6.1252908706665039] [-6.7888050079345703:3.9536170959472656] [-3.7904818058013916:5.0194125175476074] [-5.8801121711730957:5.2516179084777832] [-7.7947635650634766:8.5610780715942383] [-5.0593996047973633:6.0576725006103516] [-2.6853373050689697:7.2328996658325195] [-6.5980310440063477:2.9668896198272705] [-4.7852339744567871:4.9189105033874512] [-3.5200934410095215:3.4810566902160645] [-4.7633500099182129:7.3561058044433594] [-5.3484177589416504:6.856417179107666] [-4.2577390670776367:4.4016647338867188] [-5.5732932090759277:6.9312214851379395] [-2.8463983535766602:7.7062840461730957] [-3.5184414386749268:7.2699966430664062] [-3.6047813892364502:3.676544189453125] [-4.8059320449829102:6.6125278472900391] [-3.4658558368682861:6.5327377319335938] [-4.5068073272705078:3.8828458786010742]
tree_sizes=919 965 965 951 978 936 963 949 941 965 972 951 955 954 977 975 947 979 977 945 949 937 971 945 940 936 976 964 942 958 945 938 979 968 980 959 965 977 941 935 942 912 959 948 934 944 950 979 953 963 972 959 971 953 948 937 941 972 956 947 973 942 954 970 937 965 968 959 939 949 938

Tree=0
num_leaves=8
num_cat=0
split_feature=0 18 18 0 6 18 17
split_gain=118.928 66.2479 44.9647 17.3989 12.4333 7.94115 2.27162
threshold=-2.4010010957717891 -1.2352443933486936 0.33936755359172827 -5.2997648715972892 -0.57694184780120839 -2.2550073862075801 0.44466322660446173
decision_type=2 10 10 2 2 8 2
left_child=3 5 -3 6 -5 -2 -1
right_child=1 2 -4 4 -6 -7 -8
leaf_value=0.010606778137967631 0.011110813614538199 0.011059297228921286 0.010991994394460528 0.010726561410668037 0.010931234567034891 0.010895458486189646 0.010374819526442796
leaf_weight=3439 9279 1414618 811251 53764 21614 213532 6093
leaf_count=3439 9279 1414618 811251 53764 21614 213532 6093
internal_value=0.0110137 0.0110229 0.0110348 0.0107486 0.0107852 0.0109044 0.0104585
internal_weight=2.53359e+06 2.44868e+06 2.22587e+06 84910 75378 222811 9532
internal_count=2533590 2448680 2225869 84910 75378 222811 9532
is_linear=0
shrinkage=1


Tree=1
num_leaves=8
num_cat=0
split_feature=0 18 18 0 6 18 17
split_gain=116.852 67.0863 42.494 14.8549 10.4349 8.92658 3.46198
threshold=-2.8335689306259151 -1.288709223270416 0.26139757037162786 -5.2997648715972892 -0.82146304845809925 -2.2550073862075801 0.46689264476299291
decision_type=2 10 8 2 2 8 2
left_child=3 5 -3 6 -5 -2 -1
right_child=1 2 -4 4 -6 -7 -8
leaf_value=-0.00038071353079243846 9.7811547517099491e-05 4.4092183794058915e-05 -1.9881523809428356e-05 -0.00031960547321584762 -0.00010839611152821465 -0.00013117422887430925 -0.00066616909367431243
leaf_weight=3487 9285 1389750 881238 39182 17612 185082 6036
leaf_count=3487 9285 1389750 881238 39182 17612 185082 6036
internal_value=2.38981e-07 8.26936e-06 1.92677e-05 -0.000298288 -0.000254112 -0.000120235 -0.000561696
internal_weight=2.53167e+06 2.46536e+06 2.27099e+06 66317 56794 194367 9523
internal_count=2531672 2465355 2270988 66317 56794 194367 9523
is_linear=0
shrinkage=0.00720685


Tree=2
num_leaves=8
num_cat=0
split_feature=1 0 0 1 6 0 1
split_gain=116.448 29.9525 23.8141 15.7254 9.38193 8.33321 6.47498
threshold=1.5823470354080202 -3.8473391532897945 0.40874427556991583 -2.0226706266403194 -0.82146304845809925 -5.2997648715972892 -0.010008485987782477
decision_type=2 2 2 2 2 2 2
left_child=2 5 3 -1 -3 -2 -4
right_child=1 4 6 -5 -6 -7 -8
leaf_value=0.00065855259119479046 -0.0005447958551198645 -0.00018991180422953368 4.6718928516352553e-05 -4.882901575837468e-06 -6.825103525420317e-05 -0.00029865628555738862 -7.7561095447836143e-05
leaf_weight=1857 9553 67786 838368 1498748 64013 28357 22353
leaf_count=1857 9553 67786 838368 1498748 64013 28357 22353
internal_value=1.66848e-07 -0.000182175 1.32719e-05 -4.06147e-06 -0.000130824 -0.000360694 4.34913e-05
internal_weight=2.53104e+06 169709 2.36133e+06 1.5006e+06 131799 37910 860721
internal_count=2531035 169709 2361326 1500605 131799 37910 860721
is_linear=0
shrinkage=0.00720685


Tree=3
num_leaves=8
num_cat=0
split_feature=18 18 5 2 18 19 9
split_gain=65.8443 62.8572 46.2865 24.0753 8.64697 9.01801 5.19249
threshold=-1.288709223270416 0.3535116314888001 inf 0.63878771662712108 -2.2550073862075801 -1.4868490099906919 0.44423678517341619
decision_type=10 10 8 10 8 8 10
left_child=4 3 -3 -2 5 -1 -6
right_child=1 2 -4 -5 6 -7 -8
leaf_value=0.001078780918064454 5.4647722390428943e-05 -4.1424775671716861e-05 0.00093348054945859395 -1.5304681382256341e-05 -0.00012559293050941111 3.5090318098917125e-05 -0.00026265683582482065
leaf_weight=450 1150003 852286 2536 328543 172780 9257 15657
leaf_count=450 1150003 852286 2536 328543 172780 9257 15657
internal_value=-4.82488e-08 1.06624e-05 -3.85315e-05 3.91038e-05 -0.000126177 8.35769e-05 -0.000136983
internal_weight=2.53151e+06 2.33337e+06 854822 1.47855e+06 198144 9707 188437
internal_count=2531512 2333368 854822 1478546 198144 9707 188437
is_linear=0
shrinkage=0.00720685


Tree=4
num_leaves=8
num_cat=0
split_feature=1 18 18 0 6 20 0
split_gain=118.848 64.1411 37.6729 32.6345 10.112 7.05051 6.71872
threshold=1.5823470354080202 -1.2352443933486936 0.26139757037162786 -4.3566331863403311 -0.82146304845809925 -0.29737688601016993 -5.2997648715972892
decision_type=2 10 10 2 2 8 2
left_child=1 5 -3 6 -5 -1 -2
right_child=3 2 -4 4 -6 -7 -8
leaf_value=-0.00014387722726861654 -0.00056262909957473131 4.9172514204583382e-05 -1.2926866999582602e-05 -0.00019692913347453395 -7.4773294979475427e-05 -6.174564233098884e-05 -0.00032805790356724667
leaf_weight=113478 9552 1319101 824563 74590 66647 104081 18896
leaf_count=113478 9552 1319101 824563 74590 66647 104081 18896
internal_value=8.06174e-08 1.33197e-05 2.52859e-05 -0.000184145 -0.000139287 -0.000104586 -0.000406837
internal_weight=2.53091e+06 2.36122e+06 2.14366e+06 169685 141237 217559 28448
internal_count=2530908 2361223 2143664 169685 141237 217559 28448
is_linear=0
shrinkage=0.00720685


Tree=5
num_leaves=8
num_cat=0
split_feature=1 5 0 11 0 23 0
split_gain=111.776 38.4541 29.8135 27.9119 23.8041 6.96503 6.5032
threshold=1.7396117448806765 inf 0.38598483800888067 2.4772408008575444 -4.3566331863403311 -1.274039030075073 -5.2997648715972892
decision_type=2 8 2 10 2 10 2
left_child=1 2 -1 -3 6 -6 -2
right_child=4 3 -4 -5 5 -7 -8
leaf_value=-9.8122077986027135e-06 -0.00054335093582320642 0.0006109407135160515 4.253474683674495e-05 0.0030542883529232423 0.00019031811952824329 -0.00016351431672104557 -0.00031152145185847651
leaf_weight=1483323 9466 2702 912860 266 2973 101871 18722
leaf_count=1483323 9466 2702 912860 266 2973 101871 18722
internal_value=-1.29407e-07 1.11457e-05 1.01301e-05 0.00083083 -0.000203469 -0.000153479 -0.00038939
internal_weight=2.53218e+06 2.39915e+06 2.39618e+06 2968 133032 104844 28188
internal_count=2532183 2399151 2396183 2968 133032 104844 28188
is_linear=0
shrinkage=0.00720685


Tree=6
num_leaves=8
num_cat=0
split_feature=0 18 18 0 6 18 6
split_gain=107.249 64.8017 42.0972 15.8168 10.5698 8.43635 2.4275
threshold=-2.6016273498535152 -1.2352443933486936 0.26139757037162786 -5.2997648715972892 -1.0230060815811155 -2.2550073862075801 -3.5621355772018428
decision_type=2 10 10 2 2 8 2
left_child=3 5 -3 6 -5 -2 -1
right_child=1 2 -4 4 -6 -7 -8
leaf_value=-0.00067211172742035787 0.00010475862210377434 4.5941868914821381e-05 -1.8162745669796597e-05 -0.00029765007358214943 -0.0001091365237747657 -0.00011723854744066769 -0.00043949164429451777
leaf_weight=4175 9276 1357858 874878 41317 24676 213774 5299
leaf_count=4175 9276 1357858 874878 41317 24676 213774 5299
internal_value=8.98366e-07 9.12193e-06 2.0823e-05 -0.000266703 -0.000227164 -0.000108006 -0.000542062
internal_weight=2.53125e+06 2.45579e+06 2.23274e+06 75467 65993 223050 9474
internal_count=2531253 2455786 2232736 75467 65993 223050 9474
is_linear=0
shrinkage=0.00720685


Tree=7
num_leaves=8
num_cat=0
split_feature=1 18 5 0 6 0 18
split_gain=111.176 62.8764 39.9113 30.4893 8.85676 6.80287 5.89345
threshold=1.5823470354080202 -1.2530424594879148 inf -3.8473391532897945 -0.49771793186664576 -5.2997648715972892 -2.2550073862075801
decision_type=2 10 8 2 2 2 8
left_child=1 6 -3 5 -5 -2 -1
right_child=3 2 -4 4 -6 -7 -8
leaf_value=7.3102523715200295e-05 -0.00052575558780323397 2.3009323456992215e-05 0.00089226106974902566 -0.00017356671874402426 -5.2546393643331528e-05 -0.00030263463673882164 -0.0001154892698129174
leaf_weight=8996 9456 2151495 2746 80727 51414 28491 198276
leaf_count=8996 9456 2151495 2746 80727 51414 28491 198276
internal_value=-2.34544e-07 1.25827e-05 2.41178e-05 -0.00017819 -0.000126481 -0.000358246 -0.000107304
internal_weight=2.5316e+06 2.36151e+06 2.15424e+06 170088 132141 37947 207272
internal_count=2531601 2361513 2154241 170088 132141 37947 207272
is_linear=0
shrinkage=0.00720685


Tree=8
num_leaves=8
num_cat=0
split_feature=1 23 0 0 19 23 17
split_gain=109.125 36.0201 30.383 22.534 14.6094 8.0437 6.81685
threshold=1.5116230249404909 inf -4.3566331863403311 0.35162767767906195 2.4935004711151127 -1.274039030075073 0.6399880349636079
decision_type=2 8 2 2 10 8 2
left_child=1 3 6 -1 -3 -4 -2
right_child=2 4 5 -5 -6 -7 -8
leaf_value=-7.0360989089365636e-06 -0.00026593560877352537 0.00014431955490724736 0.00017692179803249742 3.8219869818112537e-05 0.0011749614201993896 -0.00013675212230796022 -0.00048865844025775798
leaf_weight=1348157 13580 1134 4364 991876 1931 156072 15057
leaf_count=1348157 13580 1134 4364 991876 1931 156072 15057
internal_value=-2.69921e-07 1.31695e-05 -0.000166818 1.21467e-05 0.000793811 -0.000128219 -0.000383054
internal_weight=2.53217e+06 2.3431e+06 189073 2.34003e+06 3065 160436 28637
internal_count=2532171 2343098 189073 2340033 3065 160436 28637
is_linear=0
shrinkage=0.00720685


Tree=9
num_leaves=8
num_cat=0
split_feature=0 18 18 6 18 0 0
split_gain=104.265 61.9582 40.077 16.4728 7.33393 6.68443 5.48874
threshold=-2.4010010957717891 -1.2352443933486936 0.27448965609073644 -2.9036942720413204 -2.2550073862075801 -3.8473391532897945 -5.2997648715972892
decision_type=2 10 10 2 8 2 2
left_child=3 4 -3 6 -2 -5 -1
right_child=1 2 -4 5 -6 -7 -8
leaf_value=-0.00061721529480518716 9.3671756696020355e-05 4.4947969038974628e-05 -1.788790117489074e-05 -0.00028054586309326628 -0.00011399604409931345 -0.00012482814887089497 -0.00035039220084907613
leaf_weight=5058 9213 1364944 858955 23087 213489 37704 19262
leaf_count=5058 9213 1364944 858955 23087 213489 37704 19262
internal_value=5.75351e-07 9.20159e-06 2.06783e-05 -0.000247392 -0.000105405 -0.00018397 -0.000405908
internal_weight=2.53171e+06 2.4466e+06 2.2239e+06 85111 222702 60791 24320
internal_count=2531712 2446601 2223899 85111 222702 60791 24320
is_linear=0
shrinkage=0.00720685


Tree=10
num_leaves=8
num_cat=0
split_feature=1 18 18 0 6 17 18
split_gain=113.494 61.8255 35.6 27.9127 7.74701 7.74443 6.72485
threshold=1.5823470354080202 -1.2352443933486936 0.26139757037162786 -3.8473391532897945 -0.82146304845809925 0.09476348385214807 -2.2550073862075801
decision_type=2 10 8 2 2 2 8
left_child=1 6 -3 5 -5 -2 -1
right_child=3 2 -4 4 -6 -7 -8
leaf_value=9.033718626061087e-05 -0.00019907820585772195 4.6954643684021027e-05 -1.3427901587694854e-05 -0.00018494072721660367 -7.4402838384196942e-05 -0.00042164164194476785 -0.00011193154569929964
leaf_weight=8900 11756 1319781 823596 67796 64040 26280 208980
leaf_count=8900 11756 1319781 823596 67796 64040 26280 208980
internal_value=-9.48894e-07 1.1995e-05 2.37525e-05 -0.000180871 -0.000131248 -0.00035286 -0.000103669
internal_weight=2.53113e+06 2.36126e+06 2.14338e+06 169872 131836 38036 217880
internal_count=2531129 2361257 2143377 169872 131836 38036 217880
is_linear=0
shrinkage=0.00720685


Tree=11
num_leaves=8
num_cat=0
split_feature=1 18 23 0 23 18 0
split_gain=102.73 60.4216 38.5802 23.3468 7.36719 7.27505 5.45194
threshold=1.7396117448806765 -1.2352443933486936 inf -4.3566331863403311 -1.274039030075073 -2.2550073862075801 -5.2997648715972892
decision_type=2 10 8 2 10 8 2
left_child=1 5 -3 6 -5 -1 -2
right_child=3 2 -4 4 -6 -7 -8
leaf_value=9.6110705749782724e-05 -0.0005210040015208487 2.0857595532633733e-05 0.00085977221616232759 0.00021056801791325186 -0.00015618193147768597 -0.00011187380011454006 -0.00030854549323185089
leaf_weight=9111 9429 2176138 2850 2926 101490 211237 18770
leaf_count=9111 9429 2176138 2850 2926 101490 211237 18770
internal_value=-3.37874e-07 1.04545e-05 2.19552e-05 -0.000195599 -0.000145903 -0.000103274 -0.000379602
internal_weight=2.53195e+06 2.39934e+06 2.17899e+06 132615 104416 220348 28199
internal_count=2531951 2399336 2178988 132615 104416 220348 28199
is_linear=0
shrinkage=0.00720685


Tree=12
num_leaves=8
num_cat=0
split_feature=1 18 23 1 6 20 22
split_gain=109.417 59.8133 36.0329 21.6342 11.1287 6.82753 5.10343
threshold=1.5823470354080202 -1.2352443933486936 inf 2.5250535011291508 -0.82146304845809925 -0.45334874093532557 -2.1904767751693721
decision_type=2 10 8 2 2 8 8
left_child=1 5 -3 4 -2 -1 -5
right_child=3 2 -4 6 -6 -7 -8
leaf_value=-0.00014707291565037287 -0.00019991956001831491 2.3016206255517895e-05 0.00083263752981782091 0.00097373006771094245 -7.1452924422399787e-05 -6.5676881073391748e-05 -0.00036402136536570516
leaf_weight=95298 75335 2141103 2858 148 65455 122112 28613
leaf_count=95298 75335 2141103 2858 148 65455 122112 28613
internal_value=-1.51947e-07 1.25455e-05 2.40958e-05 -0.000176991 -0.000140195 -0.000101356 -0.000357105
internal_weight=2.53092e+06 2.36137e+06 2.14396e+06 169551 140790 217410 28761
internal_count=2530922 2361371 2143961 169551 140790 217410 28761
is_linear=0
shrinkage=0.00720685


Tree=13
num_leaves=8
num_cat=0
split_feature=1 18 5 1 6 17 18
split_gain=101.343 59.4431 35.2523 22.0907 8.17461 7.45147 6.74909
threshold=1.5458682179450991 -1.2704969644546507 inf 2.2108106613159184 -1.0230060815811155 1.0000000180025095e-35 -2.2550073862075801
decision_type=2 10 8 2 2 2 8
left_child=1 6 -3 4 -2 -5 -1
right_child=3 2 -4 5 -6 -7 -8
leaf_value=8.7031451779718562e-05 -0.00017664590276958805 2.248909345833202e-05 0.00083515872218982814 -0.0001593720154431854 -5.7547692105493281e-05 -0.00033627602395851095 -0.0001162212458689671
leaf_weight=8884 53540 2151441 2775 17948 67890 39793 188675
leaf_count=8884 53540 2151441 2775 17948 67890 39793 188675
internal_value=-2.35646e-08 1.25639e-05 2.35363e-05 -0.000165244 -0.000110061 -0.000281292 -0.000107081
internal_weight=2.53095e+06 2.35178e+06 2.15422e+06 179171 121430 57741 197559
internal_count=2530946 2351775 2154216 179171 121430 57741 197559
is_linear=0
shrinkage=0.00720685


Tree=14
num_leaves=8
num_cat=0
split_feature=0 18 18 0 20 0 6
split_gain=98.8033 57.2585 38.3783 18.0682 7.16225 6.92779 6.65791
threshold=-2.0820896625518794 -1.2352443933486936 0.28758968412876135 -3.8473391532897945 0.23168470710515979 -5.2997648715972892 -0.24747103452682492
decision_type=2 10 10 2 10 2 2
left_child=3 4 -3 5 -2 -1 -5
right_child=1 2 -4 6 -6 -7 -8
leaf_value=-0.00051256521131814439 -0.00012435990083748929 4.3872827775765287e-05 -1.8039938977508798e-05 -0.00018887276009963005 -2.8971447166495605e-05 -0.00028731092079869135 -2.3035084928443918e-05
leaf_weight=9387 167792 1368280 838802 47539 54056 29032 17096
leaf_count=9387 167792 1368280 838802 47539 54056 29032 17096
internal_value=-2.40112e-08 9.24913e-06 2.03429e-05 -0.000218586 -0.000101118 -0.00034236 -0.00014501
internal_weight=2.53198e+06 2.42893e+06 2.20708e+06 103054 221848 38419 64635
internal_count=2531984 2428930 2207082 103054 221848 38419 64635
is_linear=0
shrinkage=0.00720685


Tree=15
num_leaves=8
num_cat=0
split_feature=0 18 18 0 6 6 18
split_gain=96.5641 58.8204 36.2573 19.1425 7.34542 7.14282 5.88157
threshold=-2.0820896625518794 -1.2352443933486936 0.27448965609073644 -3.8473391532897945 -0.49771793186664576 -3.1801584959030147 -2.2550073862075801
decision_type=2 10 8 2 2 2 8
left_child=3 6 -3 5 -5 -1 -2
right_child=1 2 -4 4 -6 -7 -8
leaf_value=-0.00047196929404218706 7.6310972718414055e-05 4.3666640736833733e-05 -1.6377288174178658e-05 -0.00019384363383355662 -3.1282413764243635e-05 -0.00026827557783384902 -0.00011033345075713258
leaf_weight=14033 9146 1357919 848848 43332 21651 24663 212347
leaf_count=14033 9146 1357919 848848 43332 21651 24663 212347
internal_value=1.36376e-07 9.33296e-06 2.05703e-05 -0.000215254 -0.000139683 -0.000342155 -0.000102626
internal_weight=2.53194e+06 2.42826e+06 2.20677e+06 103679 64983 38696 221493
internal_count=2531939 2428260 2206767 103679 64983 38696 221493
is_linear=0
shrinkage=0.00720685


Tree=16
num_leaves=8
num_cat=0
split_feature=1 18 5 0 0 18 5
split_gain=100.089 55.9692 34.028 27.1831 7.6963 5.98858 5.31921
threshold=1.5458682179450991 -1.288709223270416 inf -3.8473391532897945 -5.2997648715972892 -2.2550073862075801 1.2965304851531985
decision_type=2 10 8 2 2 8 10
left_child=1 5 -3 4 -2 -1 -5
right_child=3 2 -4 6 -6 -7 -8
leaf_value=7.5708431278603665e-05 -0.0005143433905605945 2.1830726499329224e-05 0.00082184570873643508 -9.2078707602790118e-05 -0.00027653347748320128 -0.00011559370748058539 -0.00019311795023092799
leaf_weight=8920 9393 2161241 2764 104783 28585 179815 36487
leaf_count=8920 9393 2161241 2764 104783 28585 179815 36487
internal_value=-3.4723e-08 1.24721e-05 2.28529e-05 -0.000164194 -0.000335362 -0.000106552 -0.000118176
internal_weight=2.53199e+06 2.35274e+06 2.164e+06 179248 37978 188735 141270
internal_count=2531988 2352740 2164005 179248 37978 188735 141270
is_linear=0
shrinkage=0.00720685


Tree=17
num_leaves=8
num_cat=0
split_feature=1 18 18 1 17 20 9
split_gain=100.123 55.0305 35.1119 20.7277 7.76739 7.12549 4.61573
threshold=1.5823470354080202 -1.2352443933486936 0.26139757037162786 2.5250535011291508 0.52371779084205639 -0.2173051834106445 0.31586098670959478
decision_type=2 10 8 2 2 8 10
left_child=1 5 -3 4 -2 -1 -5
right_child=3 2 -4 6 -6 -7 -8
leaf_value=-0.00013381820230235774 -8.7375783401849559e-05 4.6100587757641062e-05 -1.3856810723860594e-05 -0.00025529114264808398 -0.00019559584533178847 -5.0716869712716558e-05 -0.00043839597850310071
leaf_weight=121811 80939 1319607 824100 14414 59974 95694 14203
leaf_count=121811 80939 1319607 824100 14414 59974 95694 14203
internal_value=-1.77356e-07 1.19689e-05 2.30513e-05 -0.00016935 -0.000133437 -9.72572e-05 -0.000346181
internal_weight=2.53074e+06 2.36121e+06 2.14371e+06 169530 140913 217505 28617
internal_count=2530742 2361212 2143707 169530 140913 217505 28617
is_linear=0
shrinkage=0.00720685


Tree=18
num_leaves=8
num_cat=0
split_feature=6 18 18 18 18 20 18
split_gain=74.7289 55.018 30.7609 16.225 11.7562 6.56774 5.0621
threshold=-1.5213981866836546 -1.2352443933486936 0.21024177968502047 0.61767378449440014 1.9021275043487551 -0.39228780567646021 -1.2182642221450803
decision_type=2 10 10 10 8 10 10
left_child=3 5 -3 6 -5 -2 -1
right_child=1 2 -4 4 -6 -7 -8
leaf_value=-0.00024266879759072152 -0.00013821685241224756 4.3583516593116787e-05 -1.2000551649618703e-05 -0.00026941521476225616 -8.3919119005619467e-05 -5.953716986189136e-05 -4.8950534207064656e-05
leaf_weight=7880 108473 1289080 863521 62851 24729 112006 63136
leaf_count=7880 108473 1289080 863521 62851 24729 112006 63136
internal_value=5.79164e-08 1.01802e-05 2.12858e-05 -0.000151401 -0.00021704 -9.82472e-05 -7.0449e-05
internal_weight=2.53168e+06 2.37308e+06 2.1526e+06 158596 87580 220479 71016
internal_count=2531676 2373080 2152601 158596 87580 220479 71016
is_linear=0
shrinkage=0.00720685


Tree=19
num_leaves=8
num_cat=0
split_feature=6 18 18 23 18 11 18
split_gain=71.8209 56.4149 30.5631 21.0324 17.0822 14.9919 6.19845
threshold=-1.5213981866836546 -1.2352443933486936 0.26139757037162786 inf 0.63181477785110485 2.6441676616668706 -2.2550073862075801
decision_type=2 10 10 8 10 10 8
left_child=3 6 -3 4 -1 -5 -2
right_child=1 2 -4 5 -6 -7 -8
leaf_value=-7.0777243845905589e-05 8.1379185329590007e-05 4.2249291343478248e-05 -1.3625176747280095e-05 0.00076456381301204246 -0.0002213756768004707 0.004104340408050489 -0.00010833150963596162
leaf_weight=71295 9341 1329045 823532 396 86686 84 210699
leaf_count=71295 9341 1329045 823532 396 86686 84 210699
internal_value=-2.84105e-07 9.63713e-06 2.08729e-05 -0.000148833 -0.000153413 0.00135599 -0.000100278
internal_weight=2.53108e+06 2.37262e+06 2.15258e+06 158461 157981 480 220040
internal_count=2531078 2372617 2152577 158461 157981 480 220040
is_linear=0
shrinkage=0.00720685


Tree=20
num_leaves=8
num_cat=0
split_feature=1 18 5 0 23 17 18
split_gain=97.5329 51.1441 39.3362 24.9787 7.6198 6.31258 6.26638
threshold=1.5823470354080202 -1.288709223270416 inf -4.3566331863403311 -1.274039030075073 0.6399880349636079 -2.2550073862075801
decision_type=2 10 8 2 10 2 8
left_child=1 6 -3 5 -5 -2 -1
right_child=3 2 -4 4 -6 -7 -8
leaf_value=8.5378248466989762e-05 -0.00024891398175679551 2.132653226388518e-05 0.00088334809393013477 0.00018765979933922609 -0.00013603778648386001 -0.00046399524979637123 -0.00011036230061011389
leaf_weight=8914 13569 2169982 2752 3883 137378 14849 180237
leaf_count=8914 13569 2169982 2752 3883 137378 14849 180237
internal_value=5.33955e-07 1.25238e-05 2.24188e-05 -0.00016636 -0.000127139 -0.000361311 -0.000101137
internal_weight=2.53156e+06 2.36188e+06 2.17273e+06 169679 141261 28418 189151
internal_count=2531564 2361885 2172734 169679 141261 28418 189151
is_linear=0
shrinkage=0.00720685


Tree=21
num_leaves=8
num_cat=0
split_feature=0 23 0 11 6 0 2
split_gain=93.9829 30.9219 31.4359 25.2371 12.6624 8.04872 3.20124
threshold=-2.6016273498535152 inf 0.33869644999504095 2.4772408008575444 -0.61863258481025685 -5.2997648715972892 2.2495146989822392
decision_type=2 8 2 10 2 2 10
left_child=4 2 -2 -3 5 -1 -6
right_child=1 3 -4 -5 6 -7 -8
leaf_value=-0.00051200281487370877 -1.5418997433832611e-05 0.00052464008320792237 3.6908241869407403e-05 0.0028306474128643455 -0.00010509597382866237 -0.00026970295611383353 0.0006851015272306577
leaf_weight=8379 1430124 2850 1022723 269 19643 47456 269
leaf_count=8379 1430124 2850 1022723 269 19643 47456 269
internal_value=-4.00393e-07 7.31106e-06 6.39902e-06 0.000724328 -0.000250428 -0.000306073 -9.43876e-05
internal_weight=2.53171e+06 2.45597e+06 2.45285e+06 3119 75747 55835 19912
internal_count=2531713 2455966 2452847 3119 75747 55835 19912
is_linear=0
shrinkage=0.00720685


Tree=22
num_leaves=8
num_cat=0
split_feature=1 18 18 0 23 0 18
split_gain=89.9739 52.8316 31.2494 26.298 8.73357 6.93945 6.54471
threshold=1.5458682179450991 -1.288709223270416 0.27448965609073644 -3.8473391532897945 -1.274039030075073 -5.2997648715972892 -2.2550073862075801
decision_type=2 10 10 2 10 2 8
left_child=1 6 -3 5 -5 -2 -1
right_child=3 2 -4 4 -6 -7 -8
leaf_value=8.6155099984745043e-05 -0.00049216978195942699 4.3347294830913024e-05 -1.3248796456887347e-05 0.00022845689654807014 -0.00011946560196196183 -0.0002672443858003889 -0.00011316252593355724
leaf_weight=8984 9497 1353761 809827 3851 137993 28542 179439
leaf_count=8984 9497 1353761 809827 3851 137993 28542 179439
internal_value=2.02515e-07 1.20836e-05 2.21635e-05 -0.000155145 -0.000110018 -0.000323412 -0.000103659
internal_weight=2.53189e+06 2.35201e+06 2.16359e+06 179883 141844 38039 188423
internal_count=2531894 2352011 2163588 179883 141844 38039 188423
is_linear=0
shrinkage=0.00720685


Tree=23
num_leaves=8
num_cat=0
split_feature=1 18 5 1 18 5 9
split_gain=91.255 53.9245 32.9408 14.1249 6.71384 6.00527 4.85271
threshold=1.7396117448806765 -1.288709223270416 inf 2.4026706218719487 -2.2550073862075801 1.6314051151275637 0.31586098670959478
decision_type=2 10 8 2 8 10 10
left_child=1 4 -3 5 -1 -2 -5
right_child=3 2 -4 6 -6 -7 -8
leaf_value=8.5297577598175052e-05 -0.00010511391924551412 1.961137003221899e-05 0.00080801569658976019 -0.00022188040783911869 -0.00011513380694233889 -0.00024270460983209576 -0.00038393882668707921
leaf_weight=9114 73394 2204251 2755 19969 182054 21246 18489
leaf_count=9114 73394 2204251 2755 19969 182054 21246 18489
internal_value=3.43884e-07 1.0538e-05 2.05959e-05 -0.000183334 -0.000105578 -0.000136004 -0.0002998
internal_weight=2.53127e+06 2.39817e+06 2.20701e+06 133098 191168 94640 38458
internal_count=2531272 2398174 2207006 133098 191168 94640 38458
is_linear=0
shrinkage=0.00720685


Tree=24
num_leaves=8
num_cat=0
split_feature=1 0 23 11 0 23 0
split_gain=90.9938 31.7654 27.681 23.1913 19.9263 9.70261 7.66555
threshold=1.3841800689697268 -3.4525042772293086 inf 3.3439370393753056 0.43081997334957128 -1.274039030075073 -5.2997648715972892
decision_type=2 2 8 8 2 10 2
left_child=2 6 4 -4 -1 -3 -2
right_child=1 5 3 -5 -6 -7 -8
leaf_value=-3.4859800296905932e-06 -0.00048814942665493209 0.00022626386958794583 0.00055849829240751144 0.0035516647618480585 4.0884268833777766e-05 -0.00010324850893743112 -0.00025863605387469357
leaf_weight=1490201 9453 4767 2942 140 812215 174729 37740
leaf_count=1490201 9453 4767 2942 140 812215 174729 37740
internal_value=-4.66638e-07 -0.000138241 1.30802e-05 0.000695518 1.21664e-05 -9.44961e-05 -0.000304618
internal_weight=2.53219e+06 226689 2.3055e+06 3082 2.30242e+06 179496 47193
internal_count=2532187 226689 2305498 3082 2302416 179496 47193
is_linear=0
shrinkage=0.00720685


Tree=25
num_leaves=8
num_cat=0
split_feature=0 5 0 11 6 9 0
split_gain=85.244 29.2313 28.7904 25.9654 16.521 7.73609 6.04833
threshold=-2.0820896625518794 inf 0.35162767767906195 2.4772408008575444 -2.9036942720413204 0.61134296655654918 -5.2997648715972892
decision_type=2 8 2 10 2 10 2
left_child=4 2 -2 -3 6 -6 -1
right_child=1 3 -4 -5 5 -7 -8
leaf_value=-0.00057942036899448317 -1.2623106011677206e-05 0.00050132572502063072 3.7882404392077727e-05 0.0027874953707974202 -0.00010338091422088853 -0.00026508790788465971 -0.00030364479023008335
leaf_weight=5098 1432824 2742 992140 284 55308 21278 21800
leaf_count=5098 1432824 2742 992140 284 55308 21278 21800
internal_value=2.90123e-07 8.924e-06 8.04051e-06 0.000716701 -0.00020228 -0.000148311 -0.000355932
internal_weight=2.53147e+06 2.42799e+06 2.42496e+06 3026 103484 76586 26898
internal_count=2531474 2427990 2424964 3026 103484 76586 26898
is_linear=0
shrinkage=0.00720685


Tree=26
num_leaves=8
num_cat=0
split_feature=1 18 18 6 1 20 1
split_gain=91.8954 51.041 32.109 19.1977 10.5926 6.40117 3.31846
threshold=1.5458682179450991 -1.2530424594879148 0.26139757037162786 -0.8519192337989806 2.5250535011291508 -0.39228780567646021 2.2108106613159184
decision_type=2 10 10 2 2 8 2
left_child=1 5 -3 4 -2 -1 -5
right_child=3 2 -4 6 -6 -7 -8
leaf_value=-0.00013863537078637514 -0.00018502807202820621 4.3891709439691445e-05 -1.3507568537782594e-05 -4.9553687399294764e-05 -0.00036514568520304918 -5.8413899323509547e-05 -0.00016263027209617093
leaf_weight=98310 78501 1325616 818852 62389 21633 108883 17195
leaf_count=98310 78501 1325616 818852 62389 21633 108883 17195
internal_value=-4.66068e-07 1.15378e-05 2.19741e-05 -0.00015754 -0.000223944 -9.64784e-05 -7.39871e-05
internal_weight=2.53138e+06 2.35166e+06 2.14447e+06 179718 100134 207193 79584
internal_count=2531379 2351661 2144468 179718 100134 207193 79584
is_linear=0
shrinkage=0.00720685


Tree=27
num_leaves=8
num_cat=0
split_feature=0 18 18 0 18 9 13
split_gain=85.8754 48.79 36.7125 11.4711 7.41228 5.72681 1.5953
threshold=-2.8335689306259151 -1.2530424594879148 0.26139757037162786 -5.2997648715972892 -2.2550073862075801 0.33630934357643133 -0.69040843844413746
decision_type=2 10 10 2 8 10 10
left_child=3 4 -3 6 -2 -5 -1
right_child=1 2 -4 5 -6 -7 -8
leaf_value=-3.7498534604605009e-05 0.00010098122124406718 4.0104898532083726e-05 -1.9518607043267323e-05 -0.0001554234793127478 -0.0001061721195722922 -0.00030243959585335369 -0.00050656665628901311
leaf_weight=393 9382 1371861 880724 32672 204574 23783 9169
leaf_count=393 9382 1371861 880724 32672 204574 23783 9169
internal_value=4.88705e-08 6.91461e-06 1.67931e-05 -0.000256466 -9.70879e-05 -0.000217362 -0.000487296
internal_weight=2.53256e+06 2.46654e+06 2.25258e+06 66017 213956 56455 9562
internal_count=2532558 2466541 2252585 66017 213956 56455 9562
is_linear=0
shrinkage=0.00720685


Tree=28
num_leaves=8
num_cat=0
split_feature=1 23 6 11 11 1 23
split_gain=87.213 24.2925 20.0712 13.7696 12.0615 8.61514 6.59712
threshold=1.5116230249404909 inf -1.3418561220169065 1.2710193991661074 0.51443284749984752 2.5250535011291508 -1.2473574280738828
decision_type=2 8 2 10 8 2 8
left_child=1 3 5 -1 -3 -2 -4
right_child=2 4 6 -5 -6 -7 -8
leaf_value=5.1991354115496182e-06 -0.000194038459647313 0.00020028448079384504 0.00020508125005752376 6.5049089003429213e-05 0.0011030405588893406 -0.00036963197657805539 -9.5921609766027254e-05
leaf_weight=2117325 61987 1538 3924 220444 1537 18951 103751
leaf_count=2117325 61987 1538 3924 220444 1537 18951 103751
internal_value=-3.27218e-07 1.1685e-05 -0.000149408 1.08428e-05 0.000651724 -0.000235156 -8.49502e-05
internal_weight=2.52946e+06 2.34084e+06 188613 2.33777e+06 3075 80938 107675
internal_count=2529457 2340844 188613 2337769 3075 80938 107675
is_linear=0
shrinkage=0.00720685


Tree=29
num_leaves=8
num_cat=0
split_feature=1 18 23 0 6 17 20
split_gain=82.2095 48.084 30.3138 27.7621 9.65158 7.18574 6.53273
threshold=1.354203522205353 -1.288709223270416 inf -3.8473391532897945 -0.49771793186664576 0.79346007108688366 -0.19996220618486402
decision_type=2 10 8 2 2 2 8
left_child=1 6 -3 5 -5 -2 -1
right_child=3 2 -4 4 -6 -7 -8
leaf_value=-0.00013460281785966798 -0.00021532722015000762 2.1998889979904577e-05 0.00076421438493077848 -0.00013725350202589242 -3.5715607216051704e-05 -0.0004128250833584295 -4.7835061899738311e-05
leaf_weight=107312 21198 2107762 2861 112426 85677 17448 77704
leaf_count=107312 21198 2107762 2861 112426 85677 17448 77704
internal_value=5.31935e-08 1.32398e-05 2.30053e-05 -0.000127811 -9.33402e-05 -0.000304503 -9.81622e-05
internal_weight=2.53239e+06 2.29564e+06 2.11062e+06 236749 198103 38646 185016
internal_count=2532388 2295639 2110623 236749 198103 38646 185016
is_linear=0
shrinkage=0.00720685


Tree=30
num_leaves=8
num_cat=0
split_feature=1 0 5 0 3 6 17
split_gain=82.8416 25.9427 24.8835 23.0094 11.4453 8.13243 5.35945
threshold=1.5116230249404909 -4.3566331863403311 inf 0.38598483800888067 -1.7200633883476255 -0.91687050461769093 0.43406844139099127
decision_type=2 2 8 2 10 2 2
left_child=2 6 3 -1 -4 -3 -2
right_child=1 5 4 -5 -6 -7 -8
leaf_value=-7.2481393771085398e-06 -0.00022585798585295173 -0.00016224849437759218 0.0010045125111280515 3.9070381773206673e-05 9.6768221236548916e-05 -5.9564694203580574e-05 -0.000426930747681388
leaf_weight=1427381 11595 78070 1903 913561 1162 82284 16966
leaf_count=1427381 11595 78070 1903 913561 1162 82284 16966
internal_value=-2.3104e-08 -0.000145202 1.16776e-05 1.08278e-05 0.000660514 -0.000109558 -0.000345312
internal_weight=2.53292e+06 188915 2.34401e+06 2.34094e+06 3065 160354 28561
internal_count=2532922 188915 2344007 2340942 3065 160354 28561
is_linear=0
shrinkage=0.00720685


Tree=31
num_leaves=8
num_cat=0
split_feature=0 23 0 11 6 6 0
split_gain=79.9264 26.9035 28.4167 25.5168 14.6495 6.87408 4.12633
threshold=-2.2278039455413814 inf 0.33869644999504095 2.6441676616668706 -2.9036942720413204 -0.039715565741062157 -5.2997648715972892
decision_type=2 8 2 8 2 2 2
left_child=4 2 -2 -3 6 -6 -1
right_child=1 3 -4 -5 5 -7 -8
leaf_value=-0.00053451572394777385 -1.3254679987047654e-05 0.00048069971015996362 3.6633504922945834e-05 0.002835672034258223 -0.00018893326201860784 -1.6596177669966824e-05 -0.000306022435497588
leaf_weight=5126 1410741 2849 1023082 260 53272 15525 20657
leaf_count=5126 1410741 2849 1023082 260 53272 15525 20657
internal_value=5.94544e-07 8.5723e-06 7.71632e-06 0.000678451 -0.000204957 -0.000150044 -0.000351469
internal_weight=2.53151e+06 2.43693e+06 2.43382e+06 3109 94580 68797 25783
internal_count=2531512 2436932 2433823 3109 94580 68797 25783
is_linear=0
shrinkage=0.00720685


Tree=32
num_leaves=8
num_cat=0
split_feature=1 18 18 0 6 0 20
split_gain=82.5059 50.4229 28.1512 27.8748 8.3784 6.60328 6.33312
threshold=1.3841800689697268 -1.2182642221450803 0.26139757037162786 -3.8473391532897945 -0.8519192337989806 -5.2997648715972892 -0.29737688601016993
decision_type=2 10 10 2 2 2 8
left_child=1 6 -3 5 -5 -2 -1
right_child=3 2 -4 4 -6 -7 -8
leaf_value=-0.00012717628461561745 -0.00047428690925235308 4.4185584678887036e-05 -1.034983515644979e-05 -0.00014708097763283366 -5.071611252321379e-05 -0.00025478169435842757 -5.0277680154179492e-05
leaf_weight=117093 9446 1287625 795248 87880 100402 28909 105969
leaf_count=117093 9446 1287625 795248 87880 100402 28909 105969
internal_value=-5.60601e-07 1.23352e-05 2.33638e-05 -0.00013177 -9.56947e-05 -0.000308852 -9.06449e-05
internal_weight=2.53257e+06 2.30594e+06 2.08287e+06 226637 188282 38355 223062
internal_count=2532572 2305935 2082873 226637 188282 38355 223062
is_linear=0
shrinkage=0.00720685


Tree=33
num_leaves=8
num_cat=0
split_feature=0 18 18 6 0 18 23
split_gain=77.2204 49.9362 33.6734 15.8806 7.85579 6.33237 4.9512
threshold=-2.0820896625518794 -1.2352443933486936 0.3535116314888001 -1.3418561220169065 -5.2997648715972892 -2.2550073862075801 -1.2473574280738828
decision_type=2 10 10 2 2 8 8
left_child=3 5 -3 4 -1 -2 -5
right_child=1 2 -4 6 -6 -7 -8
leaf_value=-0.00049546703707690142 9.0797574770483912e-05 3.9804953878597543e-05 -1.8901143942430028e-05 0.00025745096969899915 -0.00024252305615861662 -0.00010272322958722527 -0.00011227658907548944
leaf_weight=7361 9160 1415560 791061 1960 47752 212458 46283
leaf_count=7361 9160 1415560 791061 1960 47752 212458 46283
internal_value=1.90023e-07 8.40183e-06 1.87591e-05 -0.000192736 -0.000276315 -9.47241e-05 -9.72501e-05
internal_weight=2.5316e+06 2.42824e+06 2.20662e+06 103356 55113 221618 48243
internal_count=2531595 2428239 2206621 103356 55113 221618 48243
is_linear=0
shrinkage=0.00720685


Tree=34
num_leaves=8
num_cat=0
split_feature=1 18 0 18 6 17 20
split_gain=80.9253 47.9086 27.6856 26.291 8.57518 6.82748 6.64284
threshold=1.354203522205353 -1.2352443933486936 -3.8473391532897945 0.33936755359172827 -0.82146304845809925 0.76722469925880443 -0.46905852854251856
decision_type=2 10 2 8 2 2 8
left_child=1 6 5 -3 -4 -2 -1
right_child=2 3 4 -5 -6 -7 -8
leaf_value=-0.00013529098432507971 -0.00021462504199223085 4.2906485822237222e-05 -0.00014264752197568734 -1.0688212161347804e-05 -4.7597047183624533e-05 -0.00040715798400390544 -5.4112028329525947e-05
leaf_weight=92843 20762 1346851 92830 734731 105128 17748 120062
leaf_count=92843 20762 1346851 92830 734731 105128 17748 120062
internal_value=3.7493e-07 1.34574e-05 -0.000126566 2.39893e-05 -9.21704e-05 -0.000303366 -8.95129e-05
internal_weight=2.53096e+06 2.29449e+06 236468 2.08158e+06 197958 38510 212905
internal_count=2530955 2294487 236468 2081582 197958 38510 212905
is_linear=0
shrinkage=0.00720685


Tree=35
num_leaves=8
num_cat=0
split_feature=1 18 5 1 6 20 17
split_gain=81.7814 46.1307 33.7012 21.8275 9.93113 6.74816 5.83262
threshold=1.3248107433319094 -1.2352443933486936 inf 2.2108106613159184 -0.82146304845809925 0.23168470710515979 0.085625424981117262
decision_type=2 10 8 2 2 8 2
left_child=1 5 -3 4 -2 -1 -5
right_child=3 2 -4 6 -6 -7 -8
leaf_value=-0.00011088045047693431 -0.00014440735054154568 2.2938491731689424e-05 0.00081683435509706775 -0.00014723684593119071 -3.941650926359217e-05 -1.6773691243774731e-05 -0.00029952881971788425
leaf_weight=159630 85535 2070207 2780 19943 103316 52624 37876
leaf_count=159630 85535 2070207 2780 19943 103316 52624 37876
internal_value=1.85667e-07 1.36425e-05 2.40035e-05 -0.000124482 -8.69699e-05 -8.75489e-05 -0.000247004
internal_weight=2.53191e+06 2.28524e+06 2.07299e+06 246670 188851 212254 57819
internal_count=2531911 2285241 2072987 246670 188851 212254 57819
is_linear=0
shrinkage=0.00720685


Tree=36
num_leaves=8
num_cat=0
split_feature=0 18 18 6 0 18 2
split_gain=75.1849 46.5293 35.5527 11.9355 6.79117 6.78702 2.75491
threshold=-2.6016273498535152 -1.2352443933486936 0.27448965609073644 -0.57694184780120839 -5.2997648715972892 -2.2550073862075801 2.2495146989822392
decision_type=2 10 10 2 2 8 10
left_child=3 5 -3 4 -1 -2 -5
right_child=1 2 -4 6 -6 -7 -8
leaf_value=-0.00046499803302979867 9.9224947317720305e-05 3.9970237308164728e-05 -1.9070181363785049e-05 -7.7967268376656043e-05 -0.00024286090778600301 -0.00010026949826385995 0.0006776759578227034
leaf_weight=8392 9239 1367958 864529 18983 48274 214015 253
leaf_count=8392 9239 1367958 864529 18983 48274 214015 253
internal_value=2.81853e-07 7.1866e-06 1.71069e-05 -0.000223112 -0.000275766 -9.20132e-05 -6.79946e-05
internal_weight=2.53164e+06 2.45574e+06 2.23249e+06 75902 56666 223254 19236
internal_count=2531643 2455741 2232487 75902 56666 223254 19236
is_linear=0
shrinkage=0.00720685


Tree=37
num_leaves=8
num_cat=0
split_feature=1 18 18 6 1 20 9
split_gain=79.5166 45.6377 28.2419 17.641 6.92732 6.72767 4.4484
threshold=1.5823470354080202 -1.288709223270416 0.27448965609073644 -2.9036942720413204 2.2982493638992314 0.097578611224889769 0.6876063644886018
decision_type=2 10 10 2 2 10 10
left_child=1 5 -3 6 -5 -1 -2
right_child=3 2 -4 4 -6 -7 -8
leaf_value=-0.0001234456267753666 -0.00024631302404718439 4.0179554054469794e-05 -1.3507420401839168e-05 -8.6713028055434638e-05 -0.00020762803578900879 -2.7833017045665504e-05 -0.00043011170533103002
leaf_weight=136164 22724 1358454 813782 105273 32118 53142 9789
leaf_count=136164 22724 1358454 813782 105273 32118 53142 9789
internal_value=-1.20032e-07 1.07141e-05 2.00669e-05 -0.000150706 -0.000114981 -9.66057e-05 -0.000301663
internal_weight=2.53145e+06 2.36154e+06 2.17224e+06 169904 137391 189306 32513
internal_count=2531446 2361542 2172236 169904 137391 189306 32513
is_linear=0
shrinkage=0.00720685


Tree=38
num_leaves=8
num_cat=0
split_feature=1 23 6 9 3 23 1
split_gain=75.112 23.3124 22.5904 18.6795 10.9818 10.0438 3.89214
threshold=1.354203522205353 inf -2.9036942720413204 0.018837789073586467 -1.2896062731742857 -1.274039030075073 2.5250535011291508
decision_type=2 8 2 8 10 10 2
left_child=1 3 6 -1 -3 -4 -2
right_child=2 4 5 -5 -6 -7 -8
leaf_value=-3.936416921719928e-06 -0.00023800083315553977 0.00091054710620734071 0.00020405559825651599 3.8526640467467632e-05 -4.4387597734463726e-05 -0.0001005790198203343 -0.00040041879648730134
leaf_weight=1429046 25896 2204 5788 862994 873 194031 10890
leaf_count=1429046 25896 2204 5788 862994 873 194031 10890
internal_value=2.89565e-07 1.28934e-05 -0.00012197 1.20517e-05 0.000639676 -9.17539e-05 -0.000286092
internal_weight=2.53172e+06 2.29512e+06 236605 2.29204e+06 3077 199819 36786
internal_count=2531722 2295117 236605 2292040 3077 199819 36786
is_linear=0
shrinkage=0.00720685


Tree=39
num_leaves=8
num_cat=0
split_feature=1 23 11 1 1 17 22
split_gain=74.0554 28.7944 27.4783 15.1348 14.365 7.14566 5.02991
threshold=1.5823470354080202 inf 3.3439370393753056 2.5250535011291508 0.76564523577690136 0.52371779084205639 -2.1904767751693721
decision_type=2 8 8 2 2 2 8
left_child=1 4 -3 5 -1 -2 -5
right_child=3 2 -4 6 -6 -7 -8
leaf_value=1.6660626402057089e-05 -7.0484514637486175e-05 0.00055958531750160208 0.003829401325142652 0.0010676454773285312 -3.397544917715808e-05 -0.00017411995882551394 -0.00030215247672155728
leaf_weight=2017846 81152 2914 139 139 340021 60185 28793
leaf_count=2017846 81152 2914 139 139 340021 60185 28793
internal_value=-2.04278e-07 1.02643e-05 0.000709603 -0.00014536 9.35853e-06 -0.000114616 -0.000295536
internal_weight=2.53119e+06 2.36092e+06 3053 170269 2.35787e+06 141337 28932
internal_count=2531189 2360920 3053 170269 2357867 141337 28932
is_linear=0
shrinkage=0.00720685


Tree=40
num_leaves=8
num_cat=0
split_feature=1 23 0 11 0 23 17
split_gain=74.9331 26.4496 24.3423 22.9514 19.2663 10.5698 6.04184
threshold=1.354203522205353 inf -3.8473391532897945 2.4772408008575444 0.43081997334957128 -1.274039030075073 0.085625424981117262
decision_type=2 8 2 8 2 8 2
left_child=1 4 6 -3 -1 -4 -2
right_child=2 3 5 -5 -6 -7 -8
leaf_value=-3.5590153397401429e-06 -0.00015237882359715212 0.0004920656938418211 0.00023041950428076739 0.0027169858209636351 4.0130127486810473e-05 -9.8426900047789021e-05 -0.00034839526379623782
leaf_weight=1479262 11797 2759 5213 263 812046 192742 26564
leaf_count=1479262 11797 2759 5213 263 812046 192742 26564
internal_value=2.27395e-07 1.28133e-05 -0.000121966 0.000686494 1.19245e-05 -8.97658e-05 -0.000288121
internal_weight=2.53065e+06 2.29433e+06 236316 3022 2.29131e+06 197955 38361
internal_count=2530646 2294330 236316 3022 2291308 197955 38361
is_linear=0
shrinkage=0.00720685


Tree=41
num_leaves=8
num_cat=0
split_feature=6 5 11 5 11 6 11
split_gain=59.2461 16.9672 14.5583 13.5231 12.8503 12.2744 9.31804
threshold=-1.5213981866836546 inf 1.5296012163162234 inf 2.8322899341583256 -2.9036942720413204 0.20399354398250583
decision_type=2 8 8 8 10 2 10
left_child=3 2 -2 5 -5 -1 -3
right_child=1 6 -4 4 -6 -7 -8
leaf_value=-0.00023228370816982677 3.6271137405389203e-06 1.1456478500924353e-05 7.3098222185855662e-05 0.00055608736527178702 0.0037691268584804081 -9.5429529330031315e-05 0.00092212529574609698
leaf_weight=49568 2201382 907 168676 408 76 108659 1636
leaf_count=49568 2201382 907 168676 408 76 108659 1636
internal_value=1.85119e-07 9.20281e-06 8.57138e-06 -0.000134621 0.00106702 -0.000138303 0.000597456
internal_weight=2.53131e+06 2.3726e+06 2.37006e+06 158711 484 158227 2543
internal_count=2531312 2372601 2370058 158711 484 158227 2543
is_linear=0
shrinkage=0.00720685


Tree=42
num_leaves=8
num_cat=0
split_feature=6 18 18 18 5 2 20
split_gain=56.0675 46.3352 27.3544 16.3451 12.1448 9.66936 6.57309
threshold=-1.5213981866836546 -1.2182642221450803 0.21024177968502047 0.61767378449440014 inf 0.2854615598917008 -0.099408060312271104
decision_type=2 10 8 10 8 8 10
left_child=3 6 -3 5 -5 -1 -2
right_child=1 2 -4 4 -6 -7 -8
leaf_value=6.5220385121343672e-05 -0.00011752939236418738 4.0356493195900804e-05 -1.2145251178429428e-05 -0.00020287072581424807 0.00098160813979643042 -0.00011126846390277319 -3.7512853193922423e-05
leaf_weight=24749 146368 1279625 863075 87423 451 46257 83881
leaf_count=24749 146368 1279625 863075 87423 451 46257 83881
internal_value=-6.06857e-09 8.76949e-06 1.92089e-05 -0.000131073 -0.000196781 -4.97532e-05 -8.83793e-05
internal_weight=2.53183e+06 2.37295e+06 2.1427e+06 158880 87874 71006 230249
internal_count=2531829 2372949 2142700 158880 87874 71006 230249
is_linear=0
shrinkage=0.00720685


Tree=43
num_leaves=8
num_cat=0
split_feature=1 23 6 9 16 23 13
split_gain=70.4922 27.2962 19.6131 17.8577 11.2685 9.70874 3.74375
threshold=1.354203522205353 inf -2.9036942720413204 0.024591337889432911 -0.0064909905195236197 -1.274039030075073 0.39108844101428991
decision_type=2 8 2 8 2 10 10
left_child=1 3 6 -1 -3 -4 -2
right_child=2 4 5 -5 -6 -7 -8
leaf_value=-3.5433812341779546e-06 -0.00016653378610728941 0.00020034592684053221 0.00019896332624439223 3.8166408342818069e-05 0.001072639227527808 -9.8670653182283559e-05 -0.00032197269383519238
leaf_weight=1448227 11943 1381 5864 843752 1737 193424 24703
leaf_count=1448227 11943 1381 5864 843752 1737 193424 24703
internal_value=5.33736e-07 1.27282e-05 -0.00011809 1.18113e-05 0.000686476 -8.99118e-05 -0.000271321
internal_weight=2.53103e+06 2.2951e+06 235934 2.29198e+06 3118 199288 36646
internal_count=2531031 2295097 235934 2291979 3118 199288 36646
is_linear=0
shrinkage=0.00720685


Tree=44
num_leaves=8
num_cat=0
split_feature=0 23 11 0 0 9 9
split_gain=69.1871 29.5093 28.9902 27.2236 11.3703 5.58432 1.61115
threshold=-2.6016273498535152 inf 3.6358168125152592 0.35162767767906195 -5.2997648715972892 0.61134296655654918 0.64742708206176769
decision_type=2 8 8 2 2 10 10
left_child=4 3 -3 -2 6 -6 -1
right_child=1 2 -4 -5 5 -7 -8
leaf_value=-0.00035991890975200743 -1.3949246678736899e-05 0.00057242881134375665 0.0042922206457168309 3.4973277956518037e-05 -0.00013763888350840574 -0.00028188340105938278 -0.0005486994006421496
leaf_weight=5029 1458845 3006 112 992821 46251 19957 4424
leaf_count=5029 1458845 3006 112 992821 46251 19957 4424
internal_value=1.37599e-07 6.75355e-06 0.000707313 5.8623e-06 -0.000214511 -0.000181122 -0.000448317
internal_weight=2.53044e+06 2.45478e+06 3118 2.45167e+06 75661 66208 9453
internal_count=2530445 2454784 3118 2451666 75661 66208 9453
is_linear=0
shrinkage=0.00720685


Tree=45
num_leaves=8
num_cat=0
split_feature=6 23 11 19 6 5 23
split_gain=53.2878 16.7402 15.2427 12.6099 11.1724 10.9033 4.34887
threshold=-1.5213981866836546 -1.6559802889823911 1.2710193991661074 2.6250779628753667 -3.5621355772018428 inf 0.68126532435417186
decision_type=2 10 8 10 2 8 8
left_child=4 3 -3 -2 6 -6 -1
right_child=1 2 -4 -5 5 -7 -8
leaf_value=-0.00031437015196020143 0.00018829429997974751 1.253002743358447e-06 6.4896441903213739e-05 0.00089469923261551853 -0.00010242167451734927 0.0011714192320551777 -0.00012780341090099548
leaf_weight=20077 10611 2146054 215038 1497 128764 349 9592
leaf_count=20077 10611 2146054 215038 1497 128764 349 9592
internal_value=-1.31745e-07 8.42016e-06 7.04941e-06 0.000275697 -0.00012795 -9.89697e-05 -0.00025406
internal_weight=2.53198e+06 2.3732e+06 2.36109e+06 12108 158782 129113 29669
internal_count=2531982 2373200 2361092 12108 158782 129113 29669
is_linear=0
shrinkage=0.00720685


Tree=46
num_leaves=8
num_cat=0
split_feature=0 0 23 6 23 12 0
split_gain=67.431 23.7456 23.9399 14.5353 7.04471 5.19371 4.08678
threshold=-2.0820896625518794 0.33869644999504095 inf -2.9036942720413204 -1.274039030075073 1.7144396901130678 -5.2997648715972892
decision_type=2 2 8 2 8 10 2
left_child=3 2 -2 6 -5 -3 -1
right_child=1 5 -4 4 -6 -7 -8
leaf_value=-0.00050862949002989397 -1.2772493796022459e-05 3.3074552945306169e-05 0.00062621134041072456 0.00024905216232904082 -0.00014206448064204148 0.00025501861397044331 -0.00028138655836090396
leaf_weight=5065 1402233 1016498 3051 2471 73916 5505 21856
leaf_count=5065 1402233 1016498 3051 2471 73916 5505 21856
internal_value=1.63286e-07 7.83818e-06 -1.13848e-05 -0.000180161 -0.000129409 3.42703e-05 -0.000324158
internal_weight=2.5306e+06 2.42729e+06 1.40528e+06 103308 76387 1.022e+06 26921
internal_count=2530595 2427287 1405284 103308 76387 1022003 26921
is_linear=0
shrinkage=0.00720685


Tree=47
num_leaves=8
num_cat=0
split_feature=1 18 18 0 20 6 0
split_gain=70.8192 43.6583 26.9852 23.59 7.07133 7.00985 6.05512
threshold=1.3841800689697268 -1.201816141605377 0.21024177968502047 -3.8473391532897945 -0.29737688601016993 -0.49771793186664576 -5.2997648715972892
decision_type=2 10 8 2 8 2 2
left_child=1 4 -3 6 -1 -5 -2
right_child=3 2 -4 5 -6 -7 -8
leaf_value=-0.00011996410168017146 -0.00044250332688436557 4.3422341095970972e-05 -9.6066349850245333e-06 -0.00012657304371081188 -4.0321359621011209e-05 -3.7746399005717478e-05 -0.00023274298260266718
leaf_weight=121807 9504 1239971 833405 108145 110372 80489 28854
leaf_count=121807 9504 1239971 833405 108145 110372 80489 28854
internal_value=-3.45565e-07 1.16125e-05 2.2107e-05 -0.000121803 -8.21044e-05 -8.86718e-05 -0.000284726
internal_weight=2.53255e+06 2.30556e+06 2.07338e+06 226992 232179 188634 38358
internal_count=2532547 2305555 2073376 226992 232179 188634 38358
is_linear=0
shrinkage=0.00720685


Tree=48
num_leaves=8
num_cat=0
split_feature=1 18 23 0 23 17 20
split_gain=70.5329 45.2257 28.8592 24.7854 9.56283 7.82817 6.19531
threshold=1.354203522205353 -1.288709223270416 inf -3.4525042772293086 -1.274039030075073 0.6399880349636079 -0.46905852854251856
decision_type=2 10 8 2 10 2 8
left_child=1 6 -3 5 -5 -2 -1
right_child=3 2 -4 4 -6 -7 -8
leaf_value=-0.00014255249559929327 -0.00017433231908868082 2.105572429903176e-05 0.00075112788361328137 0.00023206229511717728 -8.9725453385102653e-05 -0.00036000833945011405 -5.8584844971643117e-05
leaf_weight=81219 23900 2107427 2815 4924 184166 23289 104185
leaf_count=81219 23900 2107427 2815 4924 184166 23289 104185
internal_value=3.45115e-07 1.25484e-05 2.203e-05 -0.000118219 -8.13447e-05 -0.000265974 -9.53688e-05
internal_weight=2.53192e+06 2.29565e+06 2.11024e+06 236279 189090 47189 185404
internal_count=2531925 2295646 2110242 236279 189090 47189 185404
is_linear=0
shrinkage=0.00720685


Tree=49
num_leaves=8
num_cat=0
split_feature=0 18 18 17 0 20 23
split_gain=66.9279 45.141 33.8253 11.1735 7.29988 6.39964 4.39017
threshold=-2.4010010957717891 -1.201816141605377 0.3265471905469895 0.47843408584594732 -5.2997648715972892 0.63205865025520336 -1.441929757595062
decision_type=2 10 8 2 2 10 8
left_child=3 5 -3 6 -5 -2 -1
right_child=1 2 -4 4 -6 -7 -8
leaf_value=0.00050511086447157193 -0.00010139482510401171 3.8955043636376815e-05 -1.944952926470485e-05 -0.00051389176470490632 -0.00024210812143350794 4.9624346819645436e-06 -0.00012312707244113239
leaf_weight=585 208236 1383852 820351 5947 37519 34211 41283
leaf_count=585 208236 1383852 820351 5947 37519 34211 41283
internal_value=3.17752e-08 6.95162e-06 1.72183e-05 -0.000198368 -0.000279304 -8.6387e-05 -0.000114337
internal_weight=2.53198e+06 2.44665e+06 2.2042e+06 85334 43466 242447 41868
internal_count=2531984 2446650 2204203 85334 43466 242447 41868
is_linear=0
shrinkage=0.00720685


Tree=50
num_leaves=8
num_cat=0
split_feature=1 18 18 0 6 20 6
split_gain=68.0667 44.3287 28.5726 18.4829 6.65717 5.97687 4.44264
threshold=1.5823470354080202 -1.288709223270416 0.3535116314888001 -4.3566331863403311 -0.49771793186664576 -0.41436599195003504 -3.5621355772018428
decision_type=2 10 8 2 2 8 2
left_child=1 5 -3 6 -5 -1 -2
right_child=3 2 -4 4 -6 -7 -8
leaf_value=-0.00013921570100606937 -0.00043174225663149978 3.8659349861501549e-05 -1.6232199212856324e-05 -0.00014389309362810508 -4.1883973597833652e-05 -5.793246339308235e-05 -0.00024176614400244325
leaf_weight=87443 9728 1413903 755807 88012 53384 101559 18672
leaf_count=87443 9728 1413903 755807 88012 53384 101559 18672
internal_value=2.84557e-07 1.0317e-05 1.95382e-05 -0.00013908 -0.00010538 -9.55393e-05 -0.000306853
internal_weight=2.52851e+06 2.35871e+06 2.16971e+06 169796 141396 189002 28400
internal_count=2528508 2358712 2169710 169796 141396 189002 28400
is_linear=0
shrinkage=0.00720685


Tree=51
num_leaves=8
num_cat=0
split_feature=1 0 1 0 2 17 6
split_gain=65.8725 20.9997 19.736 13.7602 6.81809 6.08637 5.37176
threshold=1.7396117448806765 0.38146322965621954 -2.1534612178802486 -4.3566331863403311 2.2495146989822392 0.43406844139099127 -0.57694184780120839
decision_type=2 2 2 2 10 2 2
left_child=1 2 -1 5 -3 -2 -5
right_child=3 4 -4 6 -6 -7 -8
leaf_value=0.0010620797315622336 -0.00016844969656689481 3.5599720852585301e-05 -8.4731728307894071e-06 -0.00015752000891956696 0.0010076381024629977 -0.0003840161269723848 -5.0873093771684027e-05
leaf_weight=894 11424 923558 1474004 65600 374 16827 39186
leaf_count=894 11424 923558 1474004 65600 374 16827 39186
internal_value=3.96317e-07 9.05328e-06 -7.82357e-06 -0.000155699 3.59943e-05 -0.000296856 -0.000117639
internal_weight=2.53187e+06 2.39883e+06 1.4749e+06 133037 923932 28251 104786
internal_count=2531867 2398830 1474898 133037 923932 28251 104786
is_linear=0
shrinkage=0.00720685


Tree=52
num_leaves=8
num_cat=0
split_feature=1 18 18 0 18 2 0
split_gain=66.9935 42.2826 27.872 14.326 6.17772 4.35824 4.31963
threshold=1.7396117448806765 -1.32874459028244 0.33936755359172827 -4.3566331863403311 -2.2550073862075801 0.030755462124943737 -5.2997648715972892
decision_type=2 10 10 2 8 10 2
left_child=1 4 -3 6 -1 -5 -2
right_child=3 2 -4 5 -6 -7 -8
leaf_value=8.2316660747490226e-05 -0.00042741169578438767 3.6007557020777149e-05 -1.7342347204374092e-05 -2.4217786306400781e-05 -0.00011048837182804416 -0.00014141692990602857 -0.00023829459718605035
leaf_weight=9115 9425 1441064 786050 20476 162432 84461 18778
leaf_count=9115 9425 1441064 786050 20476 162432 84461 18778
internal_value=4.60694e-08 8.78018e-06 1.71779e-05 -0.000157307 -0.000100243 -0.000118549 -0.000301508
internal_weight=2.5318e+06 2.39866e+06 2.22711e+06 133140 171547 104937 28203
internal_count=2531801 2398661 2227114 133140 171547 104937 28203
is_linear=0
shrinkage=0.00720685


Tree=53
num_leaves=8
num_cat=0
split_feature=1 18 23 0 23 20 0
split_gain=67.5778 42.3547 30.5004 23.7716 8.35076 6.41333 4.74047
threshold=1.354203522205353 -1.2182642221450803 inf -3.8473391532897945 -1.274039030075073 -0.41436599195003504 -5.2997648715972892
decision_type=2 10 8 2 10 8 2
left_child=1 5 -3 6 -5 -1 -2
right_child=3 2 -4 4 -6 -7 -8
leaf_value=-0.00012359739355202428 -0.00041813517779065111 2.1478744334166643e-05 0.00077430556897967748 0.00020082197823071752 -9.1361894618886019e-05 -4.607380617070321e-05 -0.00023323988140086434
leaf_weight=103465 9581 2068726 2798 5217 192880 119377 29039
leaf_count=103465 9581 2068726 2798 5217 192880 119377 29039
internal_value=3.78727e-07 1.234e-05 2.24959e-05 -0.000115555 -8.3666e-05 -8.20683e-05 -0.000279119
internal_weight=2.53108e+06 2.29437e+06 2.07152e+06 236717 198097 222842 38620
internal_count=2531083 2294366 2071524 236717 198097 222842 38620
is_linear=0
shrinkage=0.00720685


Tree=54
num_leaves=8
num_cat=0
split_feature=1 18 5 0 6 18 6
split_gain=65.4799 39.8438 27.2531 16.7873 7.20744 6.28683 3.58504
threshold=1.5823470354080202 -1.288709223270416 inf -4.3566331863403311 -0.49771793186664576 -2.2550073862075801 -1.102658152580261
decision_type=2 10 8 2 2 8 2
left_child=1 5 -3 6 -5 -1 -2
right_child=3 2 -4 4 -6 -7 -8
leaf_value=9.5946349432817919e-05 -0.00034225637274240816 1.8316618249074218e-05 0.00073583091768525139 -0.00014393563556978976 -3.7950156826258611e-05 -9.9139807007152524e-05 -0.00015564471914409283
leaf_weight=9008 21354 2169651 2752 87984 53647 180084 7137
leaf_count=9008 21354 2169651 2752 87984 53647 180084 7137
internal_value=6.54575e-07 1.04922e-05 1.92259e-05 -0.000135902 -0.000103791 -8.98457e-05 -0.000295518
internal_weight=2.53162e+06 2.3615e+06 2.1724e+06 170122 141631 189092 28491
internal_count=2531617 2361495 2172403 170122 141631 189092 28491
is_linear=0
shrinkage=0.00720685


Tree=55
num_leaves=8
num_cat=0
split_feature=1 0 5 0 11 23 0
split_gain=61.449 24.3326 18.0484 17.4787 14.1518 10.672 6.12956
threshold=1.2417256236076357 -3.4525042772293086 inf 0.35162767767906195 2.4772408008575444 -1.274039030075073 -5.2997648715972892
decision_type=2 2 8 2 10 10 2
left_child=2 6 3 -1 -4 -3 -2
right_child=1 5 4 -5 -6 -7 -8
leaf_value=-6.3926101547919205e-06 -0.00041360533791009926 0.0002285259585349047 0.0004179041354267773 3.4050739962427575e-05 0.0021664218091646441 -7.8901150604543751e-05 -0.00020903324533775712
leaf_weight=1259688 9510 6022 2710 992159 263 223322 38048
leaf_count=1259688 9510 6022 2710 992159 263 223322 38048
internal_value=-2.74704e-07 -0.000101593 1.21676e-05 1.14266e-05 0.00057323 -7.08279e-05 -0.000249949
internal_weight=2.53172e+06 276902 2.25482e+06 2.25185e+06 2973 229344 47558
internal_count=2531722 276902 2254820 2251847 2973 229344 47558
is_linear=0
shrinkage=0.00720685


Tree=56
num_leaves=8
num_cat=0
split_feature=0 0 5 6 11 6 0
split_gain=61.7108 23.0589 22.5392 12.1964 10.1164 4.91692 3.96869
threshold=-2.4010010957717891 0.35162767767906195 inf -2.6649379730224605 4.3841018676757821 -0.10044492036104201 -5.2997648715972892
decision_type=2 2 8 2 8 2 2
left_child=3 2 -2 6 -3 -5 -1
right_child=1 4 -4 5 -6 -7 -8
leaf_value=-0.00049076738576314433 -1.3268926313309488e-05 3.1021332372180336e-05 0.00061817972737870767 -0.00016982276275528629 0.00029312879099586975 -1.6080428315347099e-05 -0.00027315868102685531
leaf_weight=5440 1449609 986716 2941 43687 7707 14355 21827
leaf_count=5440 1449609 986716 2941 43687 7707 14355 21827
internal_value=-3.27861e-07 6.31498e-06 -1.199e-05 -0.000190867 3.3053e-05 -0.0001318 -0.00031659
internal_weight=2.53228e+06 2.44697e+06 1.45255e+06 85309 994423 58042 27267
internal_count=2532282 2446973 1452550 85309 994423 58042 27267
is_linear=0
shrinkage=0.00720685


Tree=57
num_leaves=8
num_cat=0
split_feature=0 18 18 6 18 6 17
split_gain=61.5862 42.2477 30.6795 11.8823 6.6317 4.85332 3.45223
threshold=-2.4010010957717891 -1.201816141605377 0.27448965609073644 -2.9036942720413204 -2.2550073862075801 -0.10044492036104201 0.61496779322624218
decision_type=2 10 10 2 8 2 2
left_child=3 4 -3 6 -2 -5 -1
right_child=1 2 -4 5 -6 -7 -8
leaf_value=-0.00021707407085034457 0.00010533834166058135 3.7896422786160273e-05 -1.7219923992527262e-05 -0.00017215665603900177 -9.1319973289323293e-05 -1.9887124907310489e-05 -0.00039282205501679752
leaf_weight=9486 9259 1346458 859295 46534 233154 14187 14982
leaf_count=9486 9259 1346458 859295 46534 233154 14187 14982
internal_value=-1.28622e-07 6.49983e-06 1.64247e-05 -0.000190616 -8.38081e-05 -0.000136581 -0.000324698
internal_weight=2.53336e+06 2.44817e+06 2.20575e+06 85189 242413 60721 24468
internal_count=2533355 2448166 2205753 85189 242413 60721 24468
is_linear=0
shrinkage=0.00720685


Tree=58
num_leaves=8
num_cat=0
split_feature=1 18 5 0 6 20 9
split_gain=59.2981 40.9666 25.6814 19.5539 7.67291 5.96394 5.29559
threshold=1.3248107433319094 -1.2352443933486936 inf -3.8473391532897945 -0.82146304845809925 -0.43730446696281428 0.31586098670959478
decision_type=2 10 8 2 2 8 10
left_child=1 5 -3 6 -5 -1 -2
right_child=3 2 -4 4 -6 -7 -8
leaf_value=-0.000125411082845429 -0.000169991632597501 2.0572210284019512e-05 0.00071926800102983563 -0.00012557376210795747 -3.7745236930346523e-05 -4.8713631831931826e-05 -0.00033942270299082807
leaf_weight=96605 18979 2070340 2735 96209 111584 115759 19358
leaf_count=96605 18979 2070340 2735 96209 111584 115759 19358
internal_value=2.82099e-07 1.17285e-05 2.14943e-05 -0.000106003 -7.84107e-05 -8.3604e-05 -0.000255552
internal_weight=2.53157e+06 2.28544e+06 2.07308e+06 246130 207793 212364 38337
internal_count=2531569 2285439 2073075 246130 207793 212364 38337
is_linear=0
shrinkage=0.00720685


Tree=59
num_leaves=8
num_cat=0
split_feature=0 0 5 9 17 0 9
split_gain=54.9322 25.1838 24.9186 19.2894 9.14988 5.06515 2.9237
threshold=-2.8335689306259151 0.3603233546018601 inf 0.024591337889432911 0.65210992097854625 -5.2997648715972892 1.1158099770545962
decision_type=2 2 8 8 2 2 10
left_child=4 2 -2 -3 6 -6 -1
right_child=1 3 -4 -5 5 -7 -8
leaf_value=-9.7097067931932658e-05 -1.5122988378738744e-05 1.1841117430734286e-05 0.00064667160807328392 8.1275062802411624e-05 -0.00049548003729454361 -0.00025345111555541509 -0.00027434551791920937
leaf_weight=29412 1489209 671708 2960 300900 5454 25469 5784
leaf_count=29412 1489209 671708 2960 300900 5454 25469 5784
internal_value=-7.10511e-07 4.78867e-06 -1.38098e-05 3.33223e-05 -0.000205706 -0.000296153 -0.000126233
internal_weight=2.5309e+06 2.46478e+06 1.49217e+06 972608 66119 30923 35196
internal_count=2530896 2464777 1492169 972608 66119 30923 35196
is_linear=0
shrinkage=0.00720685


Tree=60
num_leaves=8
num_cat=0
split_feature=1 0 9 0 11 9 17
split_gain=56.4755 23.3363 18.182 17.0666 13.4327 6.33775 5.53281
threshold=1.2150528430938723 -3.8473391532897945 0.013262441847473385 0.43551315367221838 1.2710193991661074 0.57747972011566173 0.75484824180603038
decision_type=2 2 8 2 10 10 2
left_child=2 6 4 -4 -1 -3 -2
right_child=1 5 3 -5 -6 -7 -8
leaf_value=-1.175724149488353e-05 -0.00018080108764563439 -5.30061253163733e-05 1.708693327110739e-05 8.787645946394459e-05 6.5593370078491459e-05 -0.00014710271645381037 -0.0003542273865855042
leaf_weight=1257013 20649 202839 609877 249153 128530 45521 17790
leaf_count=1257013 20649 202839 609877 249153 128530 45521 17790
internal_value=-5.98998e-07 -9.58292e-05 1.1569e-05 3.76188e-05 -4.58175e-06 -7.02533e-05 -0.000261072
internal_weight=2.53137e+06 286799 2.24457e+06 859030 1.38554e+06 248360 38439
internal_count=2531372 286799 2244573 859030 1385543 248360 38439
is_linear=0
shrinkage=0.00720685


Tree=61
num_leaves=8
num_cat=0
split_feature=1 5 11 0 0 17 2
split_gain=58.2228 24.4556 32.4043 20.6748 14.1025 5.24728 5.15283
threshold=1.5823470354080202 inf 3.3439370393753056 0.43081997334957128 -3.8473391532897945 0.75484824180603038 0.25749857723712927
decision_type=2 8 10 2 2 2 10
left_child=1 3 -3 -1 5 -2 -6
right_child=4 2 -4 -5 6 -7 -8
leaf_value=-7.0982898029284908e-06 -0.00017179755136966033 0.000490688420525949 0.0040066403355187687 3.7820693420741956e-05 -1.9733057364790302e-05 -0.00034145662207677732 -0.00012119610848082758
leaf_weight=1545351 20222 2878 142 811751 35661 17812 95939
leaf_count=1545351 20222 2878 142 811751 35661 17812 95939
internal_value=-6.75307e-08 9.20167e-06 0.000657217 8.37114e-06 -0.00012903 -0.000251259 -9.37022e-05
internal_weight=2.52976e+06 2.36012e+06 3020 2.3571e+06 169634 38034 131600
internal_count=2529756 2360122 3020 2357102 169634 38034 131600
is_linear=0
shrinkage=0.00720685


Tree=62
num_leaves=8
num_cat=0
split_feature=1 18 23 0 23 20 9
split_gain=56.7881 39.9886 26.3486 24.7484 11.1647 6.33769 6.04442
threshold=1.1673217415809634 -1.2352443933486936 inf -3.4525042772293086 -1.274039030075073 -0.09042819961905478 0.920872062444687
decision_type=2 10 8 2 10 8 10
left_child=1 5 -3 6 -5 -1 -2
right_child=3 2 -4 4 -6 -7 -8
leaf_value=-0.00011253836901412821 -0.00019159794007660329 2.1553986019394746e-05 0.00072016105456676406 0.00022619685500850807 -7.1842805991046265e-05 -2.9877541604236423e-05 -0.00037138819816232715
leaf_weight=132226 34181 2014589 2807 6701 251734 75790 13570
leaf_count=132226 34181 2014589 2807 6701 251734 75790 13570
internal_value=5.56257e-08 1.27165e-05 2.25264e-05 -9.19657e-05 -6.4114e-05 -8.24215e-05 -0.000242698
internal_weight=2.5316e+06 2.22541e+06 2.0174e+06 306186 258435 208016 47751
internal_count=2531598 2225412 2017396 306186 258435 208016 47751
is_linear=0
shrinkage=0.00720685


Tree=63
num_leaves=8
num_cat=0
split_feature=1 9 1 11 9 23 9
split_gain=57.3736 18.0492 17.73 13.7699 13.6305 9.83041 6.35599
threshold=1.2150528430938723 0.018837789073586467 2.2108106613159184 1.2710193991661074 0.8489922583103181 -1.274039030075073 0.31586098670959478
decision_type=2 8 2 8 10 10 10
left_child=1 3 5 -1 -3 -2 -4
right_child=2 4 6 -5 -6 -7 -8
leaf_value=-1.0392989513516701e-05 0.00022203494388987999 4.887962132911275e-05 -0.0001394095092536883 6.7408511555526958e-05 -4.6632130218475112e-05 -7.4822929735783244e-05 -0.00029123238998808912
leaf_weight=1274517 5947 753727 31535 130225 86511 223615 26244
leaf_count=1274517 5947 753727 31535 130225 86511 223615 26244
internal_value=3.51129e-07 1.26237e-05 -9.55334e-05 -3.18043e-06 3.90456e-05 -6.71316e-05 -0.000208374
internal_weight=2.53232e+06 2.24498e+06 287341 1.40474e+06 840238 229562 57779
internal_count=2532321 2244980 287341 1404742 840238 229562 57779
is_linear=0
shrinkage=0.00720685


Tree=64
num_leaves=8
num_cat=0
split_feature=1 5 0 11 0 5 17
split_gain=56.5267 20.2145 19.6291 15.5558 12.194 7.90739 1.89155
threshold=1.7396117448806765 inf 0.38598483800888067 2.4772408008575444 -5.2997648715972892 1.4726089835166933 0.44466322660446173
decision_type=2 8 2 10 2 10 2
left_child=1 2 -1 -3 6 -6 -2
right_child=4 3 -4 -5 5 -7 -8
leaf_value=-9.1930966701090005e-06 -0.00025915684998414245 0.00043832891883240576 3.3269893448839214e-05 0.0022860398523917502 -9.1024713456358826e-05 -0.00022139571264397583 -0.00047140928081798817
leaf_weight=1482947 3426 2763 913854 258 90370 32984 6024
leaf_count=1482947 3426 2763 913854 258 90370 32984 6024
internal_value=-2.69532e-07 7.73993e-06 6.99722e-06 0.000596801 -0.000145003 -0.000125887 -0.000394496
internal_weight=2.53263e+06 2.39982e+06 2.3968e+06 3021 132804 123354 9450
internal_count=2532626 2399822 2396801 3021 132804 123354 9450
is_linear=0
shrinkage=0.00720685


Tree=65
num_leaves=8
num_cat=0
split_feature=1 0 1 0 11 2 0
split_gain=55.5908 19.3148 15.9644 15.1405 8.8703 4.9894 4.68376
threshold=1.5116230249404909 0.43081997334957128 -2.1534612178802486 -3.8473391532897945 4.3841018676757821 0.25749857723712927 -5.2997648715972892
decision_type=2 2 2 2 8 10 2
left_child=1 2 -1 6 -3 -5 -2
right_child=3 4 -4 5 -6 -7 -8
leaf_value=0.00089858033156774186 -0.00038545660509035646 3.5755259166853613e-05 -6.0245190325108253e-06 -1.9665824175508597e-05 0.00028609876482456304 -0.00011224069735720125 -0.00020105357874785165
leaf_weight=1013 9534 805338 1530555 41936 7418 108410 28682
leaf_count=1013 9534 805338 1530555 41936 7418 108410 28682
internal_value=6.82474e-08 9.64368e-06 -5.42563e-06 -0.000118979 3.80405e-05 -8.64193e-05 -0.000247067
internal_weight=2.53289e+06 2.34432e+06 1.53157e+06 188562 812756 150346 38216
internal_count=2532886 2344324 1531568 188562 812756 150346 38216
is_linear=0
shrinkage=0.00720685


Tree=66
num_leaves=8
num_cat=0
split_feature=0 18 18 0 6 20 6
split_gain=53.4131 38.7863 29.8195 10.8706 9.04849 6.75842 1.57616
threshold=-2.0820896625518794 -1.201816141605377 0.33936755359172827 -5.2997648715972892 -0.12868854403495786 0.6629467010498048 -4.5608181953430167
decision_type=2 10 8 2 2 10 2
left_child=3 5 -3 6 -5 -2 -1
right_child=1 2 -4 4 -6 -7 -8
leaf_value=-0.00055063400068598787 -9.4877342094353923e-05 3.6627336478005303e-05 -1.861705592732595e-05 -0.00017231649875366743 3.9090645167352543e-06 1.7289309254920805e-05 -0.00033777061035391193
leaf_weight=2424 208951 1386402 800479 74985 18959 32199 7142
leaf_count=2424 208951 1386402 800479 74985 18959 32199 7142
internal_value=5.67501e-09 6.84075e-06 1.64058e-05 -0.000160323 -0.000136752 -7.99004e-05 -0.000391761
internal_weight=2.53154e+06 2.42803e+06 2.18688e+06 103510 93944 241150 9566
internal_count=2531541 2428031 2186881 103510 93944 241150 9566
is_linear=0
shrinkage=0.00720685


Tree=67
num_leaves=8
num_cat=0
split_feature=0 0 19 0 6 2 17
split_gain=51.7824 21.4473 12.5792 12.0241 9.5945 5.79886 2.07673
threshold=-2.0820896625518794 0.35162767767906195 -1.6857464313507078 -5.2997648715972892 -0.12868854403495786 2.2495146989822392 -0.097311120480298982
decision_type=2 2 8 2 2 10 2
left_child=3 2 -2 6 -5 -3 -1
right_child=1 5 -4 4 -6 -7 -8
leaf_value=-0.00018586716098679547 0.0003085832638473149 3.1484800595581331e-05 -1.3172422646967476e-05 -0.0001706677302844562 1.1153618245439089e-05 0.00088881032768010849 -0.00045637195963101041
leaf_weight=1831 6338 991525 1427317 74889 18872 409 7608
leaf_count=1831 6338 991525 1427317 74889 18872 409 7608
internal_value=-6.51126e-07 6.07574e-06 -1.17498e-05 -0.000158757 -0.000134071 3.18392e-05 -0.000403925
internal_weight=2.52879e+06 2.42559e+06 1.43366e+06 103200 93761 991934 9439
internal_count=2528789 2425589 1433655 103200 93761 991934 9439
is_linear=0
shrinkage=0.00720685


Tree=68
num_leaves=8
num_cat=0
split_feature=1 5 0 11 9 2 0
split_gain=54.2745 21.0469 20.5904 20.2077 17.931 7.12228 4.5848
threshold=1.2150528430938723 inf -3.8473391532897945 3.3439370393753056 0.013262441847473385 0.13268247991800311 -5.2997648715972892
decision_type=2 8 2 10 8 10 2
left_child=1 4 6 -3 -1 -4 -2
right_child=2 3 5 -5 -6 -7 -8
leaf_value=-4.8381398065921803e-06 -0.00038570284343760131 0.00048181004757022 -5.8035477791295674e-06 0.0032232442678361991 3.7117411410691861e-05 -9.2668087996288818e-05 -0.0002032428129987807
leaf_weight=1384543 9484 2835 67197 146 856283 181304 29125
leaf_count=1384543 9484 2835 67197 146 856283 181304 29125
internal_value=6.13197e-08 1.19995e-05 -9.32366e-05 0.000617064 1.11943e-05 -6.91793e-05 -0.000248072
internal_weight=2.53092e+06 2.24381e+06 287110 2981 2.24083e+06 248501 38609
internal_count=2530917 2243807 287110 2981 2240826 248501 38609
is_linear=0
shrinkage=0.00720685


Tree=69
num_leaves=8
num_cat=0
split_feature=1 5 6 9 3 6 9
split_gain=52.4685 21.1369 17.3616 16.3142 10.459 8.32557 3.21637
threshold=1.2150528430938723 inf -2.9036942720413204 0.018837789073586467 -1.2896062731742857 -0.47946900129318232 0.6876063644886018
decision_type=2 8 2 8 10 2 10
left_child=1 3 6 -1 -3 -4 -2
right_child=2 4 5 -5 -6 -7 -8
leaf_value=-4.3287178295603681e-06 -0.00019179945538974827 0.0008689349466902116 -0.00011017408159610019 3.5857120560011124e-05 -8.4252401369324799e-05 -2.6551937894296322e-05 -0.00033630972860708062
leaf_weight=1403379 27446 2219 128324 838023 818 119359 11295
leaf_count=1403379 27446 2219 128324 838023 818 119359 11295
internal_value=-2.11929e-07 1.15103e-05 -9.20682e-05 1.06961e-05 0.000612244 -6.98767e-05 -0.000233939
internal_weight=2.53086e+06 2.24444e+06 286424 2.2414e+06 3037 247683 38741
internal_count=2530863 2244439 286424 2241402 3037 247683 38741
is_linear=0
shrinkage=0.00720685


Tree=70
num_leaves=8
num_cat=0
split_feature=1 5 11 11 1 5 22
split_gain=54.1061 21.791 28.071 13.3462 11.3315 6.20573 4.50514
threshold=1.5823470354080202 inf 3.3439370393753056 1.4712567329406741 2.4026706218719487 2.0782518386840825 -2.1904767751693721
decision_type=2 8 10 8 2 10 8
left_child=1 3 -3 -1 5 -2 -6
right_child=4 2 -4 -5 6 -7 -8
leaf_value=3.0577719456281592e-06 -7.0993881507044161e-05 0.00047497832689632796 0.0038643029417863382 6.7147658142547797e-05 0.00084910709938320283 -0.00020731585465021355 -0.00023829184832338445
leaf_weight=2173004 110537 2816 132 182969 198 20572 38518
leaf_count=2173004 110537 2816 132 182969 198 20572 38518
internal_value=-1.34486e-07 8.81011e-06 0.000627937 8.03514e-06 -0.000124377 -9.23854e-05 -0.000232709
internal_weight=2.52875e+06 2.35892e+06 2948 2.35597e+06 169825 131109 38716
internal_count=2528746 2358921 2948 2355973 169825 131109 38716
is_linear=0
shrinkage=0.00720685


end of trees

feature_importances:
LOW_TURNOVER=107
IMAX60=94
LN_TURNOVER=63
CONSEC_UP5=54
VSTD5=38
KLOW=28
AMIHUD_20=25
OBV_CHG_20=22
CNTD10=22
MAX_DD60=20
CORR20=10
WVMA30=4
VOL_CV20=3
Q_SALES_YOY=3
CORR60=2
VOL_OF_VOL_20=1
EP=1

parameters:
[boosting: gbdt]
[objective: regression]
[metric: l2]
[tree_learner: serial]
[device_type: cpu]
[data_sample_strategy: bagging]
[data: ]
[valid: ]
[num_iterations: 1000]
[learning_rate: 0.00720685]
[num_leaves: 43]
[num_threads: 8]
[seed: 42]
[deterministic: 0]
[force_col_wise: 0]
[force_row_wise: 0]
[histogram_pool_size: -1]
[max_depth: 3]
[min_data_in_leaf: 76]
[min_sum_hessian_in_leaf: 0.001]
[bagging_fraction: 0.712041]
[pos_bagging_fraction: 1]
[neg_bagging_fraction: 1]
[bagging_freq: 1]
[bagging_seed: 400]
[bagging_by_query: 0]
[feature_fraction: 0.587027]
[feature_fraction_bynode: 1]
[feature_fraction_seed: 30056]
[extra_trees: 0]
[extra_seed: 12879]
[early_stopping_round: 0]
[early_stopping_min_delta: 0]
[first_metric_only: 0]
[max_delta_step: 0]
[lambda_l1: 0.0035701]
[lambda_l2: 0.944352]
[linear_lambda: 0]
[min_gain_to_split: 0]
[drop_rate: 0.1]
[max_drop: 50]
[skip_drop: 0.5]
[xgboost_dart_mode: 0]
[uniform_drop: 0]
[drop_seed: 17869]
[top_rate: 0.2]
[other_rate: 0.1]
[min_data_per_group: 100]
[max_cat_threshold: 32]
[cat_l2: 10]
[cat_smooth: 10]
[max_cat_to_onehot: 4]
[top_k: 20]
[monotone_constraints: ]
[monotone_constraints_method: basic]
[monotone_penalty: 0]
[feature_contri: ]
[forcedsplits_filename: ]
[refit_decay_rate: 0.9]
[cegb_tradeoff: 1]
[cegb_penalty_split: 0]
[cegb_penalty_feature_lazy: ]
[cegb_penalty_feature_coupled: ]
[path_smooth: 0]
[interaction_constraints: ]
[verbosity: -1]
[saved_feature_importance_type: 0]
[use_quantized_grad: 0]
[num_grad_quant_bins: 4]
[quant_train_renew_leaf: 0]
[stochastic_rounding: 1]
[linear_tree: 0]
[max_bin: 255]
[max_bin_by_feature: ]
[min_data_in_bin: 3]
[bin_construct_sample_cnt: 200000]
[data_random_seed: 175]
[is_enable_sparse: 1]
[enable_bundle: 1]
[use_missing: 1]
[zero_as_missing: 0]
[feature_pre_filter: 1]
[pre_partition: 0]
[two_round: 0]
[header: 0]
[label_column: ]
[weight_column: ]
[group_column: ]
[ignore_column: ]
[categorical_feature: ]
[forcedbins_filename: ]
[precise_float_parser: 0]
[parser_config_file: ]
[objective_seed: 16083]
[num_class: 1]
[is_unbalance: 0]
[scale_pos_weight: 1]
[sigmoid: 1]
[boost_from_average: 1]
[reg_sqrt: 0]
[alpha: 0.9]
[fair_c: 1]
[poisson_max_delta_step: 0.7]
[tweedie_variance_power: 1.5]
[lambdarank_truncation_level: 30]
[lambdarank_norm: 1]
[label_gain: ]
[lambdarank_position_bias_regularization: 0]
[eval_at: ]
[multi_error_top_k: 1]
[auc_mu_weights: ]
[num_machines: 1]
[local_listen_port: 12400]
[time_out: 120]
[machine_list_filename: ]
[machines: ]
[gpu_platform_id: -1]
[gpu_device_id: -1]
[gpu_use_dp: 0]
[num_gpu: 1]

end of parameters

pandas_categorical:[]
