tree
version=v4
num_class=1
num_tree_per_iteration=1
label_index=0
max_feature_idx=25
objective=regression
feature_names=LOW_TURNOVER LN_TURNOVER INTRADAY_REV10 CORD20 RET_AMT_CORR20 VOL_CV20 CORD60 MACD_LINE AMIHUD_20 REV60 RET_VOL_CORR5 CORD5 CORR60 VOL_OF_VOL_20 VOL_PRICE_DIVERGENCE BP UP_DOWN_RATIO20 EP MAX_DD60 CURRENT_RATIO NEG_SKEW_20 VSTD5 CNTD5 Q_SALES_YOY CNTD60 ROE_YOY
feature_infos=[-6.7307991981506348:3.8008353710174561] [-3.5106720924377441:4.2993578910827637] [-5.3981223106384277:4.6292862892150879] [-3.6839771270751953:3.4335460662841797] [-3.5029788017272949:3.8129510879516602] [-6.2962665557861328:2.8401789665222168] [-3.5698127746582031:3.9833581447601318] [-7.7565822601318359:8.4574308395385742] [-2.9740760326385498:6.8046207427978516] [-5.8493103981018066:3.9728038311004639] [-2.8855221271514893:3.851071834564209] [-3.8883485794067383:2.8602211475372314] [-4.3961620330810547:3.5385644435882568] [-5.9174118041992188:2.6109662055969238] [-3.0082542896270752:3.4488222599029541] [-4.7798948287963867:6.8659968376159668] [-3.2563836574554443:6.8142576217651367] [-5.3925380706787109:7.2269930839538574] [-2.9020671844482422:6.1560173034667969] [-2.396373987197876:6.9915599822998047] [-4.0146617889404297:3.831777811050415] [-3.5912888050079346:6.19287109375] [-4.1869111061096191:4.3388934135437012] [-3.4088854789733887:7.1069355010986328] [-3.839916467666626:3.7062339782714844] [-7.7212738990783691:7.0908517837524414]
tree_sizes=919 974 971 972 973 970 972 980 974 964 978 970 980 983 972 973 976 979 979 974 977 978 974 972 960 980 973

Tree=0
num_leaves=8
num_cat=0
split_feature=1 25 2 1 19 1 1
split_gain=129.52 32.9355 19.2777 16.0889 15.7081 7.76542 4.57481
threshold=1.5645278692245486 0.018899050541222099 -1.4549609422683714 0.24999827891588214 -0.38576237857341761 2.2734626531600957 2.088447213172913
decision_type=2 10 2 2 8 2 2
left_child=1 4 5 -3 -1 -2 -4
right_child=2 3 6 -5 -6 -7 -8
leaf_value=0.012186315303880677 0.01189596925051398 0.012223043598740886 0.01204420776296999 0.012163185033400947 0.012124568495331596 0.011701979650627369 0.011933855115060385
leaf_weight=319969 31440 706105 61261 348241 646030 16267 28635
leaf_count=319969 31440 706105 61261 348241 646030 16267 28635
internal_value=0.0121608 0.0121754 0.0119469 0.0122033 0.012145 0.0118298 0.0120091
internal_weight=2.15795e+06 2.02034e+06 137603 1.05435e+06 965999 47707 89896
internal_count=2157948 2020345 137603 1054346 965999 47707 89896
is_linear=0
shrinkage=1


Tree=1
num_leaves=8
num_cat=0
split_feature=7 25 19 18 18 6 18
split_gain=51.6174 33.1888 16.8887 13.9443 11.4573 10.0245 2.95674
threshold=0.49607412517070776 0.0082094161771237868 -0.15585168451070783 1.6685461401939394 1.4237556457519533 0.6268163025379182 2.6529062986373906
decision_type=2 10 8 10 8 8 10
left_child=1 2 -1 5 -3 -2 -5
right_child=3 4 -4 6 -6 -7 -8
leaf_value=1.3115654201872669e-05 -3.3875708210451617e-05 4.9320060153836497e-05 -5.1348220889221096e-05 -0.00016859526182492427 -4.7934155583880562e-05 -0.00012340924772820511 -0.00030204151596636579
leaf_weight=426422 178149 923468 417992 28400 67514 102218 12389
leaf_count=426422 178149 923468 417992 28400 67514 102218 12389
internal_value=-3.4381e-07 1.4405e-05 -1.87945e-05 -8.46326e-05 4.26942e-05 -6.65188e-05 -0.000209134
internal_weight=2.15655e+06 1.8354e+06 844414 321156 990982 280367 40789
internal_count=2156552 1835396 844414 321156 990982 280367 40789
is_linear=0
shrinkage=0.00720685


Tree=2
num_leaves=8
num_cat=0
split_feature=1 25 1 1 7 9 9
split_gain=124.847 32.0423 24.4574 12.1637 11.5175 9.93022 6.83076
threshold=1.3709344267845156 0.016181848943233493 2.0132977962493901 0.058492399752140052 0.29556256532669073 -2.2382427453994747 -1.0728049874305723
decision_type=2 10 2 2 2 8 8
left_child=1 4 6 -3 -1 -4 -2
right_child=2 3 5 -5 -6 -7 -8
leaf_value=-1.0586410876656513e-07 -0.00020437381256241258 6.4658169688625879e-05 -0.00047780105529044738 1.422561574458414e-05 -6.1042570610127077e-05 -0.000249616870858394 -8.7594394447446428e-05
leaf_weight=723803 36362 623929 12492 412686 207220 47871 91437
leaf_count=723803 36362 623929 12492 412686 207220 47871 91437
internal_value=5.88967e-08 1.70188e-05 -0.000177293 4.45806e-05 -1.36688e-05 -0.000296846 -0.000120823
internal_weight=2.1558e+06 1.96764e+06 188162 1.03662e+06 931023 60363 127799
internal_count=2155800 1967638 188162 1036615 931023 60363 127799
is_linear=0
shrinkage=0.00720685


Tree=3
num_leaves=8
num_cat=0
split_feature=1 25 1 1 7 7 7
split_gain=126.625 33.0179 17.7349 14.4675 13.4062 7.61852 3.9163
threshold=1.4933519363403323 0.016181848943233493 2.0132977962493901 0.068392090499401106 0.29556256532669073 0.28903412818908697 0.33064407110214239
decision_type=2 10 2 2 2 2 2
left_child=1 4 6 -3 -1 -4 -2
right_child=2 3 5 -5 -6 -7 -8
leaf_value=-1.2637957318416216e-06 -0.00010197307844340369 6.4727836170405789e-05 -0.0002165467326454551 1.0298530598530088e-05 -6.6246952161962803e-05 -0.00037827489811437991 -0.00019862214438887734
leaf_weight=735242 59982 629083 31138 424998 212559 29436 34192
leaf_count=735242 59982 629083 31138 424998 212559 29436 34192
internal_value=-3.25058e-07 1.50286e-05 -0.000198945 4.27824e-05 -1.58373e-05 -0.000295144 -0.000137066
internal_weight=2.15663e+06 2.00188e+06 154748 1.05408e+06 947801 60574 94174
internal_count=2156630 2001882 154748 1054081 947801 60574 94174
is_linear=0
shrinkage=0.00720685


Tree=4
num_leaves=8
num_cat=0
split_feature=1 25 1 1 7 7 7
split_gain=120.919 31.7284 21.7864 12.7487 12.6486 8.33249 4.2367
threshold=1.3709344267845156 0.018899050541222099 2.0132977962493901 0.08746920153498651 0.32306517660617834 0.28903412818908697 0.61222663521766674
decision_type=2 10 2 2 2 2 2
left_child=1 4 6 -3 -1 -4 -2
right_child=2 3 5 -5 -6 -7 -8
leaf_value=5.7925593799649937e-07 -9.9117465926058592e-05 6.4946631311038979e-05 -0.00020499636970265636 1.2827401575184199e-05 -6.4428802015100274e-05 -0.00037473550164379953 -0.00020022087147021978
leaf_weight=742232 100170 633485 31016 396222 196636 29138 27422
leaf_count=742232 100170 633485 31016 396222 196636 29138 27422
internal_value=5.97767e-07 1.72643e-05 -0.000174156 4.48917e-05 -1.3036e-05 -0.000287221 -0.000120848
internal_weight=2.15632e+06 1.96858e+06 187746 1.02971e+06 938868 60154 127592
internal_count=2156321 1968575 187746 1029707 938868 60154 127592
is_linear=0
shrinkage=0.00720685


Tree=5
num_leaves=8
num_cat=0
split_feature=1 25 2 2 19 1 1
split_gain=122.657 31.523 18.9191 14.6878 14.4332 7.59645 4.76697
threshold=1.5281893610954287 0.018899050541222099 -1.4549609422683714 -0.3806024938821792 -0.38576237857341761 2.2734626531600957 2.088447213172913
decision_type=2 10 2 2 8 2 2
left_child=1 4 5 -3 -1 -2 -4
right_child=2 3 6 -5 -6 -7 -8
leaf_value=2.4186674416619205e-05 -0.00025403429172976951 -6.4027790436480923e-06 -0.0001104397891347948 5.6755462946540452e-05 -3.5149351671434647e-05 -0.00044408459657937989 -0.0002214739873371813
leaf_weight=318591 33112 251365 67839 799581 641934 16307 28531
leaf_count=318591 33112 251365 67839 799581 641934 16307 28531
internal_value=-2.55896e-07 1.43742e-05 -0.000202108 4.16493e-05 -1.54685e-05 -0.000316754 -0.000143314
internal_weight=2.15726e+06 2.01147e+06 145789 1.05095e+06 960525 49419 96370
internal_count=2157260 2011471 145789 1050946 960525 49419 96370
is_linear=0
shrinkage=0.00720685


Tree=6
num_leaves=8
num_cat=0
split_feature=0 0 0 1 19 9 2
split_gain=134.578 26.4989 25.1845 14.0145 13.7243 9.78125 5.6848
threshold=-1.1881696581840513 -3.6349644660949703 0.21956036984920504 -2.1137825250625606 -0.26717606186866755 -1.4604419469833372 -1.7393555641174314
decision_type=2 2 2 2 8 8 2
left_child=1 6 3 -2 -4 -3 -1
right_child=2 5 4 -5 -6 -7 -8
leaf_value=-0.00047328066680530251 0.00047727071312014558 -0.00026013220201859689 6.5011541483977711e-05 -1.4379322784016959e-05 1.4662860224230249e-05 -0.00011549514159950861 -0.00028737738513220218
leaf_weight=15719 3021 31514 547829 855863 577740 105869 18734
leaf_count=15719 3021 31514 547829 855863 577740 105869 18734
internal_value=-1.26798e-08 -0.000193495 1.67412e-05 -1.26495e-05 3.91683e-05 -0.000148675 -0.000372206
internal_weight=2.15629e+06 171836 1.98445e+06 858884 1.12557e+06 137383 34453
internal_count=2156289 171836 1984453 858884 1125569 137383 34453
is_linear=0
shrinkage=0.00720685


Tree=7
num_leaves=8
num_cat=0
split_feature=0 25 0 0 19 2 2
split_gain=132.356 28.5965 27.9378 15.5431 12.9971 5.52899 5.01837
threshold=-1.3076169490814207 0.016181848943233493 -4.0984444618225089 -0.035567574203014367 -0.38576237857341761 -1.9788151383399961 -1.9788151383399961
decision_type=2 10 2 2 8 2 2
left_child=2 4 6 -3 -2 -4 -1
right_child=1 3 5 -5 -6 -7 -8
leaf_value=-0.00053051277064804355 2.5731766729612019e-05 -7.310713586910165e-06 -0.00025362616702105716 5.7727041841765883e-05 -3.1037789950854432e-05 -0.00013505621108141107 -0.00032900956716824472
leaf_weight=11352 312698 250329 25403 803253 634455 104303 14795
leaf_count=11352 312698 250329 25403 803253 634455 104303 14795
internal_value=6.82815e-07 1.64407e-05 -0.000201605 4.22742e-05 -1.22956e-05 -0.00015828 -0.000416511
internal_weight=2.15659e+06 2.00074e+06 155853 1.05358e+06 947153 129706 26147
internal_count=2156588 2000735 155853 1053582 947153 129706 26147
is_linear=0
shrinkage=0.00720685


Tree=8
num_leaves=8
num_cat=0
split_feature=0 25 0 0 25 25 23
split_gain=131.446 28.1385 25.195 15.4432 9.85323 4.66246 3.91482
threshold=-1.3076169490814207 0.018899050541222099 -3.6349644660949703 -0.050920432433485978 -1.0370707511901853 0.042459404096007354 -0.244969867169857
decision_type=2 10 2 2 8 8 8
left_child=2 4 6 -3 -2 -4 -1
right_child=1 3 5 -5 -6 -7 -8
leaf_value=-0.00047926753569431 6.5618764485483524e-05 -9.7464845893092565e-06 -0.00020298508436582003 5.6161224397624648e-05 -1.986164830946564e-05 -0.00011302700752935999 -0.00031799645737222638
leaf_weight=11951 76093 239603 54072 805135 880094 67024 22650
leaf_count=11951 76093 239603 54072 805135 880094 67024 22650
internal_value=-5.0432e-07 1.51905e-05 -0.000202204 4.10458e-05 -1.30591e-05 -0.000153197 -0.000373711
internal_weight=2.15662e+06 2.00092e+06 155697 1.04474e+06 956187 121096 34601
internal_count=2156622 2000925 155697 1044738 956187 121096 34601
is_linear=0
shrinkage=0.00720685


Tree=9
num_leaves=8
num_cat=0
split_feature=1 7 19 1 2 9 6
split_gain=110.474 22.7188 22.4963 21.2107 10.181 6.28283 5.05055
threshold=1.3709344267845156 0.49607412517070776 -0.258354902267456 2.0132977962493901 -1.9788151383399961 -1.0114201307296751 0.67924201488494884
decision_type=2 2 8 2 2 8 8
left_child=1 2 -1 5 -5 -2 -3
right_child=3 6 -4 4 -6 -7 -8
leaf_value=5.4231510905467797e-05 -0.00019126121142791413 -2.4320854223510562e-05 1.6340763348282958e-06 -0.00041528499627481994 -0.00021422887909546568 -8.1079739870379346e-05 -9.1535683865221935e-05
leaf_weight=777941 38410 180874 923999 19159 41251 89556 85515
leaf_count=777941 38410 180874 923999 19159 41251 89556 85515
internal_value=3.24377e-08 1.59892e-05 2.56759e-05 -0.000166698 -0.000278 -0.000114153 -4.58982e-05
internal_weight=2.1567e+06 1.96833e+06 1.70194e+06 188376 60410 127966 266389
internal_count=2156705 1968329 1701940 188376 60410 127966 266389
is_linear=0
shrinkage=0.00720685


Tree=10
num_leaves=8
num_cat=0
split_feature=0 25 0 0 7 2 2
split_gain=126.641 27.8737 25.0559 15.2442 13.2349 5.81975 4.84968
threshold=-1.3076169490814207 0.018899050541222099 -4.0984444618225089 -0.043024174869060509 0.26289708912372595 -1.0014326572418211 -1.8094884157180784
decision_type=2 10 2 2 2 2 2
left_child=2 4 6 -3 -2 -4 -1
right_child=1 3 5 -5 -6 -7 -8
leaf_value=-0.00050600413804677909 2.7531845156968921e-06 -8.3969044654173776e-06 -0.00021348827265979195 5.6647052994971931e-05 -5.9827698853649472e-05 -0.00011562544698140212 -0.00030890545962294311
leaf_weight=12261 723740 244261 54428 800363 231715 75141 13779
leaf_count=12261 723740 244261 54428 800363 231715 75141 13779
internal_value=3.00178e-07 1.57077e-05 -0.000197736 4.1438e-05 -1.24238e-05 -0.000156736 -0.000401726
internal_weight=2.15569e+06 2.00008e+06 155609 1.04462e+06 955455 129569 26040
internal_count=2155688 2000079 155609 1044624 955455 129569 26040
is_linear=0
shrinkage=0.00720685


Tree=11
num_leaves=8
num_cat=0
split_feature=9 25 19 25 9 4 23
split_gain=61.9283 29.5489 15.1049 11.1497 10.3423 7.91023 3.42008
threshold=-1.0728049874305723 0.045161666348576553 -0.17341011017560956 1.4286289215087893 -3.3406740427017207 -0.8863200545310973 0.233479879796505
decision_type=10 10 8 8 8 8 10
left_child=4 2 -2 -3 6 -6 -1
right_child=1 3 -4 -5 5 -7 -8
leaf_value=-0.0003006763917914941 1.506133598695435e-05 4.9763561870916795e-05 -4.1781968243655065e-05 -6.180387082381073e-05 -0.00015771296978210175 -6.3831130101830574e-05 -0.00012721325898157402
leaf_weight=16649 485576 863421 485622 49173 62346 184744 9151
leaf_count=16649 485576 863421 485622 49173 62346 184744 9151
internal_value=-3.91808e-07 1.43067e-05 -1.33616e-05 4.37519e-05 -0.000101857 -8.75201e-05 -0.000239159
internal_weight=2.15668e+06 1.88379e+06 971198 912594 272890 247090 25800
internal_count=2156682 1883792 971198 912594 272890 247090 25800
is_linear=0
shrinkage=0.00720685


Tree=12
num_leaves=8
num_cat=0
split_feature=0 25 0 0 7 7 18
split_gain=122.873 29.2113 23.4488 14.2541 13.1019 5.24849 2.71037
threshold=-1.3076169490814207 0.018899050541222099 -4.0984444618225089 -0.043024174869060509 0.27571648359298712 0.33824419975280767 0.94317936897277843
decision_type=2 10 2 2 2 2 10
left_child=2 4 6 -3 -2 -4 -1
right_child=1 3 5 -5 -6 -7 -8
leaf_value=-0.00032399987845300213 1.5258643405993181e-06 -6.3746934689163632e-06 -0.00012061070974815666 5.6531029188817302e-05 -6.1307269366199716e-05 -0.00021623044148073647 -0.00047145916549306741
leaf_weight=14035 730462 244152 82465 800501 225597 46705 12042
leaf_count=14035 730462 244152 82465 800501 225597 46705 12042
internal_value=3.29106e-07 1.54848e-05 -0.000194985 4.18289e-05 -1.33006e-05 -0.000155186 -0.00039211
internal_weight=2.15596e+06 2.00071e+06 155247 1.04465e+06 956059 129170 26077
internal_count=2155959 2000712 155247 1044653 956059 129170 26077
is_linear=0
shrinkage=0.00720685


Tree=13
num_leaves=8
num_cat=0
split_feature=9 25 19 25 13 18 23
split_gain=58.8027 26.6878 15.5455 11.3044 8.72061 5.0967 4.13151
threshold=-1.3548429012298582 0.047737376764416702 -0.24891493469476697 1.4286289215087893 -1.1489900350570676 1.9301083087921145 -0.63692027330398548
decision_type=10 10 8 10 8 10 10
left_child=4 2 -2 -3 6 -6 -1
right_child=1 3 -4 -5 5 -7 -8
leaf_value=-0.00029741691139213808 1.8934952845827842e-05 4.6427470251373826e-05 -3.8139110224672585e-05 -6.346780979848831e-05 -6.9746287080608545e-05 -0.00018104323389938067 -0.00015432197106693616
leaf_weight=14559 441756 883849 564735 51445 136807 25327 37424
leaf_count=14559 441756 883849 564735 51445 136807 25327 37424
internal_value=1.68182e-07 1.26666e-05 -1.30889e-05 4.03827e-05 -0.000113177 -8.71331e-05 -0.000194404
internal_weight=2.1559e+06 1.94178e+06 1.00649e+06 935294 214117 162134 51983
internal_count=2155902 1941785 1006491 935294 214117 162134 51983
is_linear=0
shrinkage=0.00720685


Tree=14
num_leaves=8
num_cat=0
split_feature=1 1 7 19 2 9 6
split_gain=111.536 22.3259 21.6473 21.4451 10.1462 6.72624 4.93136
threshold=1.3709344267845156 2.0132977962493901 0.5084020495414735 -0.34883615374565119 -1.9788151383399961 -1.3548429012298582 0.65824338793754589
decision_type=2 2 2 8 2 8 8
left_child=2 5 3 -1 -3 -2 -4
right_child=1 4 6 -5 -6 -7 -8
leaf_value=5.7728538860027068e-05 -0.00021020627621046907 -0.00041947327253019835 -2.343685896756099e-05 5.1344701078195414e-06 -0.00021848741319580462 -8.5525804495324625e-05 -9.022392650316952e-05
leaf_weight=649849 29081 19071 173898 1058617 41307 98917 85730
leaf_count=649849 29081 19071 173898 1058617 41307 98917 85730
internal_value=-2.12873e-07 -0.000167742 1.58222e-05 2.51397e-05 -0.000281977 -0.000113855 -4.54905e-05
internal_weight=2.15647e+06 188376 1.96809e+06 1.70847e+06 60378 127998 259628
internal_count=2156470 188376 1968094 1708466 60378 127998 259628
is_linear=0
shrinkage=0.00720685


Tree=15
num_leaves=8
num_cat=0
split_feature=1 7 19 9 2 6 1
split_gain=106.188 24.8699 21.6189 16.6369 7.64409 6.11964 4.10913
threshold=1.5645278692245486 0.49607412517070776 -0.34456999599933619 -1.804052412509918 -1.1774864196777342 0.67924201488494884 1.9469864368438723
decision_type=2 2 8 8 2 8 2
left_child=1 2 -1 6 -5 -3 -2
right_child=3 5 -4 4 -6 -7 -8
leaf_value=5.5749775072769283e-05 -0.00024000440202344414 -2.6255751867884689e-05 3.4853017742610045e-06 -0.00023233637266654016 -0.00010648827392943763 -9.8172257861841669e-05 -0.00041517244332092067
leaf_weight=666093 11451 187985 1073639 39550 68472 91305 17742
leaf_count=666093 11451 187985 1073639 39550 68472 91305 17742
internal_value=1.76886e-07 1.33615e-05 2.34959e-05 -0.000193823 -0.000152567 -4.97669e-05 -0.000346473
internal_weight=2.15624e+06 2.01902e+06 1.73973e+06 137215 108022 279290 29193
internal_count=2156237 2019022 1739732 137215 108022 279290 29193
is_linear=0
shrinkage=0.00720685


Tree=16
num_leaves=8
num_cat=0
split_feature=0 0 0 7 9 7 2
split_gain=122.792 25.311 23.6995 11.9379 8.47682 7.57946 6.12627
threshold=-1.2444818615913389 -3.6349644660949703 -0.035567574203014367 0.41795973479747778 -1.4035210609436033 0.59357294440269481 -1.6152307987213133
decision_type=2 2 2 2 8 2 2
left_child=1 6 5 -4 -3 -2 -1
right_child=2 4 3 -5 -6 -7 -8
leaf_value=-0.00046063941880394703 -1.5201271482561497e-05 -0.00024619157256430797 3.8125825841894969e-05 -1.9935413233195839e-05 -0.00011016900924103961 -9.1237488907891379e-05 -0.00026887786994982528
leaf_weight=16921 410061 31433 1286162 214618 97954 81648 17723
leaf_count=16921 410061 31433 1286162 214618 97954 81648 17723
internal_value=-7.60092e-09 -0.000189542 1.55958e-05 2.98228e-05 -0.000143216 -2.78272e-05 -0.00036255
internal_weight=2.15652e+06 164031 1.99249e+06 1.50078e+06 129387 491709 34644
internal_count=2156520 164031 1992489 1500780 129387 491709 34644
is_linear=0
shrinkage=0.00720685


Tree=17
num_leaves=8
num_cat=0
split_feature=0 25 0 0 25 2 25
split_gain=119.669 26.2901 22.7954 14.8675 10.0672 4.71059 4.69092
threshold=-1.3076169490814207 0.018899050541222099 -3.6349644660949703 -0.043024174869060509 -1.0370707511901853 -1.7393555641174314 0.042459404096007354
decision_type=2 10 2 2 8 2 8
left_child=2 4 5 -3 -2 -1 -4
right_child=1 3 6 -5 -6 -7 -8
leaf_value=-0.00044788636549383646 6.6807203546565073e-05 -9.7611376885202637e-06 -0.00019642874508890833 5.446699412835062e-05 -1.9710644261211762e-05 -0.0002789040005002156 -0.00010610619231027035
leaf_weight=15848 75878 244267 54028 801059 879712 18673 66790
leaf_count=15848 75878 244267 54028 801059 879712 18673 66790
internal_value=-4.77711e-07 1.44816e-05 -0.000193167 3.94584e-05 -1.28407e-05 -0.000356492 -0.000146499
internal_weight=2.15626e+06 2.00092e+06 155339 1.04533e+06 955590 34521 120818
internal_count=2156255 2000916 155339 1045326 955590 34521 120818
is_linear=0
shrinkage=0.00720685


Tree=18
num_leaves=8
num_cat=0
split_feature=0 25 0 19 0 9 9
split_gain=116.769 25.8071 24.4119 13.4635 12.5313 9.05413 4.22892
threshold=-1.1881696581840513 0.018899050541222099 -4.0984444618225089 -0.38576237857341761 0.21445575356483462 -1.4604419469833372 -1.7253466844558714
decision_type=2 10 2 8 2 8 8
left_child=2 3 6 -2 -3 -4 -1
right_child=1 4 5 -5 -6 -7 -8
leaf_value=-0.00051075662909304167 2.6848076702365682e-05 1.0194457553440963e-05 -0.00024700350955763565 -3.0920219397097822e-05 6.1121479154185011e-05 -0.00011288359432395574 -0.00031728719835638278
leaf_weight=8962 312611 426526 34131 635533 609646 111715 17029
leaf_count=8962 312611 426526 34131 635533 609646 111715 17029
internal_value=-3.10732e-07 1.52964e-05 -0.000180536 -1.18735e-05 4.01581e-05 -0.000144272 -0.000384015
internal_weight=2.15615e+06 1.98432e+06 171837 948144 1.03617e+06 145846 25991
internal_count=2156153 1984316 171837 948144 1036172 145846 25991
is_linear=0
shrinkage=0.00720685


Tree=19
num_leaves=8
num_cat=0
split_feature=0 25 0 0 7 9 9
split_gain=115.719 25.5333 22.3436 13.9569 12.0305 8.13631 4.09957
threshold=-1.3076169490814207 0.016181848943233493 -4.0984444618225089 0.21445575356483462 0.29556256532669073 -1.4604419469833372 -2.2382427453994747
decision_type=2 10 2 2 2 8 8
left_child=2 4 6 -3 -2 -4 -1
right_child=1 3 5 -5 -6 -7 -8
leaf_value=-0.00053112769943927446 1.3196309479447291e-06 7.9374486693696069e-06 -0.00025193116224574445 6.1167987059236476e-05 -6.0073692106662446e-05 -0.00011855049815214921 -0.0003272166578848825
leaf_weight=7022 733773 438267 31325 614607 214165 98296 18959
leaf_count=7022 733773 438267 31325 614607 214165 98296 18959
internal_value=-1.40797e-07 1.45819e-05 -0.000189452 3.90104e-05 -1.25508e-05 -0.000150786 -0.000382347
internal_weight=2.15641e+06 2.00081e+06 155602 1.05287e+06 947938 129621 25981
internal_count=2156414 2000812 155602 1052874 947938 129621 25981
is_linear=0
shrinkage=0.00720685


Tree=20
num_leaves=8
num_cat=0
split_feature=1 25 1 19 1 7 6
split_gain=99.5351 27.0771 18.9561 13.3746 11.2177 6.19586 3.54994
threshold=1.3709344267845156 0.018899050541222099 2.0132977962493901 -0.38576237857341761 0.24999827891588214 0.30933444201946264 0.30710837244987493
decision_type=2 10 2 8 2 2 10
left_child=1 3 6 -1 -3 -4 -2
right_child=2 4 5 -5 -6 -7 -8
leaf_value=2.5421413988220525e-05 -6.5799716220003496e-05 5.6517931930463329e-05 -0.00019482970706914023 -3.2303349731768203e-05 5.2271602619725322e-06 -0.00034093782059536741 -0.00014229026398419439
leaf_weight=312552 56145 706656 32071 626028 322566 28456 71844
leaf_count=312552 56145 706656 32071 626028 322566 28456 71844
internal_value=-2.41273e-07 1.49139e-05 -0.000158436 -1.30807e-05 4.04431e-05 -0.000263525 -0.000108737
internal_weight=2.15632e+06 1.9678e+06 188516 938580 1.02922e+06 60527 127989
internal_count=2156318 1967802 188516 938580 1029222 60527 127989
is_linear=0
shrinkage=0.00720685


Tree=21
num_leaves=8
num_cat=0
split_feature=1 25 2 2 19 1 9
split_gain=99.6011 27.0424 15.924 13.0331 12.8513 6.50355 5.47417
threshold=1.5281893610954287 0.018899050541222099 -1.6152307987213133 -0.45202472805976862 -0.38576237857341761 2.2734626531600957 -1.4604419469833372
decision_type=2 10 2 2 8 2 8
left_child=1 4 5 -3 -1 -2 -4
right_child=2 3 6 -5 -6 -7 -8
leaf_value=2.2547789259226679e-05 -0.00023406013991053232 -1.0439878513624041e-05 -0.00024006379149384545 5.1329345911686877e-05 -3.3457444857160022e-05 -0.00041890396922361238 -0.00010650764208602465
leaf_weight=318417 29397 226071 19795 824356 641583 14901 81861
leaf_count=318417 29397 226071 19795 824356 641583 14901 81861
internal_value=-4.30007e-07 1.27671e-05 -0.000182211 3.80355e-05 -1.48814e-05 -0.000296246 -0.000132517
internal_weight=2.15638e+06 2.01043e+06 145954 1.05043e+06 960000 44298 101656
internal_count=2156381 2010427 145954 1050427 960000 44298 101656
is_linear=0
shrinkage=0.00720685


Tree=22
num_leaves=8
num_cat=0
split_feature=0 25 0 0 7 9 9
split_gain=114.296 25.017 20.5741 13.1145 12.3535 8.4211 3.19034
threshold=-1.2444818615913389 0.018899050541222099 -4.0984444618225089 -0.043024174869060509 0.26289708912372595 -1.4035210609436033 -3.0361131429672237
decision_type=2 10 2 2 2 8 8
left_child=2 4 6 -3 -2 -4 -1
right_child=1 3 5 -5 -6 -7 -8
leaf_value=-0.000536316047793646 3.1910202686342175e-06 -7.0849383270280075e-06 -0.00024528629427199332 5.3636657763655534e-05 -5.735387956810929e-05 -0.00011511713716566603 -0.00033035679275087056
leaf_weight=4785 721031 240195 34385 800120 231146 103566 21355
leaf_count=4785 721031 240195 34385 800120 231146 103566 21355
internal_value=1.29359e-07 1.51858e-05 -0.000182694 3.96168e-05 -1.15066e-05 -0.000147564 -0.000368077
internal_weight=2.15658e+06 1.99249e+06 164091 1.04032e+06 952177 137951 26140
internal_count=2156583 1992492 164091 1040315 952177 137951 26140
is_linear=0
shrinkage=0.00720685


Tree=23
num_leaves=8
num_cat=0
split_feature=1 1 7 1 2 12 9
split_gain=96.9398 22.6885 20.6545 9.86286 9.52444 6.18158 5.26974
threshold=1.2891331315040591 2.0132977962493901 0.49607412517070776 0.45042717456817633 -1.8094884157180784 -0.3168149590492248 -1.0423668026924131
decision_type=2 2 2 2 2 8 8
left_child=2 6 3 -1 -3 -4 -2
right_child=1 4 5 -5 -6 -7 -8
leaf_value=3.4131173650963091e-05 -0.00016643596279386819 -0.00038648173716172672 5.1163645581954582e-06 -8.83757772744259e-06 -0.00019713493466074486 -6.8938809062797562e-05 -7.2667619259738324e-05
leaf_weight=1331184 43418 21359 88720 350505 38991 172116 109997
leaf_count=1331184 43418 21359 88720 350505 38991 172116 109997
internal_value=-1.0948e-07 -0.000145775 1.59203e-05 2.51754e-05 -0.000264154 -4.37499e-05 -9.9206e-05
internal_weight=2.15629e+06 213765 1.94252e+06 1.68169e+06 60350 260836 153415
internal_count=2156290 213765 1942525 1681689 60350 260836 153415
is_linear=0
shrinkage=0.00720685


Tree=24
num_leaves=8
num_cat=0
split_feature=0 0 0 21 19 9 2
split_gain=108.539 30.2108 18.4613 13.3536 13.0406 7.30834 5.12224
threshold=-0.86281731724739064 -3.6349644660949703 0.21956036984920504 inf -0.26717606186866755 -1.4604419469833372 -1.6776658892631529
decision_type=2 2 2 8 8 8 2
left_child=1 6 3 -2 -4 -3 -1
right_child=2 5 4 -5 -6 -7 -8
leaf_value=-0.00043655153174124075 -1.0874006888408145e-05 -0.00019883431660959989 6.1714394958383855e-05 0.00040751615180817711 1.2628001674702527e-05 -9.0505905839730145e-05 -0.00026091352189637327
leaf_weight=16340 795736 40807 547205 3981 578056 156031 18280
leaf_count=16340 795736 40807 547205 3981 578056 156031 18280
internal_value=-4.60122e-08 -0.000147496 1.76833e-05 -8.79075e-06 3.64984e-05 -0.000112965 -0.000343822
internal_weight=2.15644e+06 231458 1.92498e+06 799717 1.12526e+06 196838 34620
internal_count=2156436 231458 1924978 799717 1125261 196838 34620
is_linear=0
shrinkage=0.00720685


Tree=25
num_leaves=8
num_cat=0
split_feature=0 0 25 19 2 9 2
split_gain=105.159 29.3916 23.2098 11.814 10.6738 9.19862 4.4069
threshold=-0.9002835452556609 -4.0984444618225089 0.016181848943233493 -0.38576237857341761 -0.36917878687381739 -1.4604419469833372 -1.9788151383399961
decision_type=2 2 10 8 2 8 2
left_child=1 6 3 -2 -4 -3 -1
right_child=2 5 4 -5 -6 -7 -8
leaf_value=-0.00048159661608192825 2.7526191044841463e-05 -0.00021210695248212699 -1.6666144148731415e-06 -2.7487446904574328e-05 5.3586222965600171e-05 -9.2220561035329408e-05 -0.00029289392863434083
leaf_weight=11404 303296 42365 236485 611524 782333 154361 14751
leaf_count=11404 303296 42365 236485 611524 782333 154361 14751
internal_value=1.51252e-08 -0.000148217 1.71012e-05 -9.24839e-06 4.07611e-05 -0.000118039 -0.000375187
internal_weight=2.15652e+06 222881 1.93364e+06 914820 1.01882e+06 196726 26155
internal_count=2156519 222881 1933638 914820 1018818 196726 26155
is_linear=0
shrinkage=0.00720685


Tree=26
num_leaves=8
num_cat=0
split_feature=2 25 2 25 9 23 9
split_gain=52.777 27.6803 13.2009 10.4771 8.49222 7.76505 3.28953
threshold=-0.69900259375572193 0.018899050541222099 -2.429142832756042 -0.83784225583076466 -2.1050364971160884 -0.11138977482914923 -3.3406740427017207
decision_type=2 10 2 8 10 10 8
left_child=2 3 6 -2 -3 -4 -1
right_child=1 4 5 -5 -6 -7 -8
leaf_value=-0.00032573159941167454 6.5461708863849159e-05 -8.0247549756304776e-05 -9.4852318312672139e-05 -2.1670296796097421e-05 4.725988480714103e-05 -2.4960530726726775e-05 -0.00016157058123290774
leaf_weight=7432 79035 27973 168954 769774 898634 161469 43186
leaf_count=7432 79035 27973 168954 769774 898634 161469 43186
internal_value=-3.42221e-07 1.61748e-05 -7.73015e-05 -1.35571e-05 4.34105e-05 -6.06983e-05 -0.00018568
internal_weight=2.15646e+06 1.77542e+06 381041 848809 926607 330423 50618
internal_count=2156457 1775416 381041 848809 926607 330423 50618
is_linear=0
shrinkage=0.00720685


end of trees

feature_importances:
LOW_TURNOVER=35
LN_TURNOVER=31
ROE_YOY=27
REV60=22
INTRADAY_REV10=21
MACD_LINE=20
CURRENT_RATIO=15
CORD60=5
MAX_DD60=5
Q_SALES_YOY=4
RET_AMT_CORR20=1
CORR60=1
VOL_OF_VOL_20=1
VSTD5=1

parameters:
[boosting: gbdt]
[objective: regression]
[metric: l2]
[tree_learner: serial]
[device_type: cpu]
[data_sample_strategy: bagging]
[data: ]
[valid: ]
[num_iterations: 1000]
[learning_rate: 0.00720685]
[num_leaves: 43]
[num_threads: 8]
[seed: 42]
[deterministic: 0]
[force_col_wise: 0]
[force_row_wise: 0]
[histogram_pool_size: -1]
[max_depth: 3]
[min_data_in_leaf: 76]
[min_sum_hessian_in_leaf: 0.001]
[bagging_fraction: 0.712041]
[pos_bagging_fraction: 1]
[neg_bagging_fraction: 1]
[bagging_freq: 1]
[bagging_seed: 400]
[bagging_by_query: 0]
[feature_fraction: 0.587027]
[feature_fraction_bynode: 1]
[feature_fraction_seed: 30056]
[extra_trees: 0]
[extra_seed: 12879]
[early_stopping_round: 0]
[early_stopping_min_delta: 0]
[first_metric_only: 0]
[max_delta_step: 0]
[lambda_l1: 0.0035701]
[lambda_l2: 0.944352]
[linear_lambda: 0]
[min_gain_to_split: 0]
[drop_rate: 0.1]
[max_drop: 50]
[skip_drop: 0.5]
[xgboost_dart_mode: 0]
[uniform_drop: 0]
[drop_seed: 17869]
[top_rate: 0.2]
[other_rate: 0.1]
[min_data_per_group: 100]
[max_cat_threshold: 32]
[cat_l2: 10]
[cat_smooth: 10]
[max_cat_to_onehot: 4]
[top_k: 20]
[monotone_constraints: ]
[monotone_constraints_method: basic]
[monotone_penalty: 0]
[feature_contri: ]
[forcedsplits_filename: ]
[refit_decay_rate: 0.9]
[cegb_tradeoff: 1]
[cegb_penalty_split: 0]
[cegb_penalty_feature_lazy: ]
[cegb_penalty_feature_coupled: ]
[path_smooth: 0]
[interaction_constraints: ]
[verbosity: -1]
[saved_feature_importance_type: 0]
[use_quantized_grad: 0]
[num_grad_quant_bins: 4]
[quant_train_renew_leaf: 0]
[stochastic_rounding: 1]
[linear_tree: 0]
[max_bin: 255]
[max_bin_by_feature: ]
[min_data_in_bin: 3]
[bin_construct_sample_cnt: 200000]
[data_random_seed: 175]
[is_enable_sparse: 1]
[enable_bundle: 1]
[use_missing: 1]
[zero_as_missing: 0]
[feature_pre_filter: 1]
[pre_partition: 0]
[two_round: 0]
[header: 0]
[label_column: ]
[weight_column: ]
[group_column: ]
[ignore_column: ]
[categorical_feature: ]
[forcedbins_filename: ]
[precise_float_parser: 0]
[parser_config_file: ]
[objective_seed: 16083]
[num_class: 1]
[is_unbalance: 0]
[scale_pos_weight: 1]
[sigmoid: 1]
[boost_from_average: 1]
[reg_sqrt: 0]
[alpha: 0.9]
[fair_c: 1]
[poisson_max_delta_step: 0.7]
[tweedie_variance_power: 1.5]
[lambdarank_truncation_level: 30]
[lambdarank_norm: 1]
[label_gain: ]
[lambdarank_position_bias_regularization: 0]
[eval_at: ]
[multi_error_top_k: 1]
[auc_mu_weights: ]
[num_machines: 1]
[local_listen_port: 12400]
[time_out: 120]
[machine_list_filename: ]
[machines: ]
[gpu_platform_id: -1]
[gpu_device_id: -1]
[gpu_use_dp: 0]
[num_gpu: 1]

end of parameters

pandas_categorical:[]
