tree
version=v4
num_class=1
num_tree_per_iteration=1
label_index=0
max_feature_idx=25
objective=regression
feature_names=LOW_TURNOVER LN_TURNOVER INTRADAY_REV10 CORD20 RET_AMT_CORR20 VOL_CV20 CORD60 MACD_LINE AMIHUD_20 REV60 RET_VOL_CORR5 CORD5 CORR60 VOL_OF_VOL_20 VOL_PRICE_DIVERGENCE BP UP_DOWN_RATIO20 EP MAX_DD60 CURRENT_RATIO NEG_SKEW_20 VSTD5 CNTD5 Q_SALES_YOY CNTD60 ROE_YOY
feature_infos=[-6.7653722763061523:3.7709970474243164] [-8.1787328720092773:4.2993578910827637] [-5.1295428276062012:4.2898087501525879] [-3.9719991683959961:3.4377539157867432] [-3.530562162399292:4.0971097946166992] [-6.2780842781066895:2.9359192848205566] [-3.5482611656188965:3.8860952854156494] [-7.4142489433288574:8.5443449020385742] [-2.891862154006958:6.7213201522827148] [-5.8589239120483398:3.5289139747619629] [-2.8982067108154297:3.7929396629333496] [-3.9034478664398193:2.9238414764404297] [-4.3211784362792969:3.5905766487121582] [-5.7419252395629883:2.3765127658843994] [-2.9663019180297852:3.4200613498687744] [-4.953859806060791:6.8847293853759766] [-3.3445255756378174:6.8490605354309082] [-5.2386207580566406:7.1661267280578613] [-3.117267370223999:6.088538646697998] [-2.3954520225524902:6.9903240203857422] [-4.1923856735229492:3.7750663757324219] [-3.274789571762085:6.1982650756835938] [-3.88034987449646:4.1694116592407227] [-3.4274547100067139:6.8942646980285645] [-3.8429083824157715:3.602231502532959] [-7.6844158172607422:7.1373438835144043]
tree_sizes=923 966 969 967 973 972 971 979 979 952 973 980 976 984 962 970 971 978 974 977 968 958 973 974 953 973 958 976 977 969 970 956 974 972 957 975 968 978 977 978 973 969 980 978 970 941 960 970 975 950 954 975 953 965 972 973 972 947 972 976 969 974 983 949 970 960 977 974 951 976 977 974 972 952 975 975 985 970 979 978 972 986 975 973 968 981 972 976 952 969 968 976 961

Tree=0
num_leaves=8
num_cat=0
split_feature=1 25 1 19 1 2 2
split_gain=118.694 26.4949 20.2864 16.2161 11.2194 9.27672 4.30663
threshold=1.5019720792770388 0.018343983218073848 2.0245063304901127 -0.38479678332805628 0.24806418269872668 -1.9735192060470579 -1.4616757631301878
decision_type=2 10 2 8 2 2 2
left_child=1 3 6 -1 -3 -4 -2
right_child=2 4 5 -5 -6 -7 -8
leaf_value=0.011369478025021577 0.011129907568611968 0.011397106930486185 0.010905460169672409 0.011306507831984941 0.011346225656462044 0.011101191662554539 0.01124107383096702
leaf_weight=319435 24835 686784 18510 633930 334816 39255 66762
leaf_count=319435 24835 686784 18510 633930 334816 39255 66762
internal_value=0.0113401 0.0113549 0.0111442 0.0113276 0.0113804 0.0110385 0.0112109
internal_weight=2.12433e+06 1.97496e+06 149362 953365 1.0216e+06 57765 91597
internal_count=2124327 1974965 149362 953365 1021600 57765 91597
is_linear=0
shrinkage=1


Tree=1
num_leaves=8
num_cat=0
split_feature=7 19 18 25 3 23 19
split_gain=39.2222 29.9247 16.75 16.7048 12.1467 9.81477 4.69178
threshold=0.36724288761615759 -0.17359388619661328 1.6987728476524355 0.17848732322454455 1.3767722249031069 -1.0706822872161863 1.2177935838699343
decision_type=2 8 8 10 8 10 10
left_child=1 5 4 -3 -2 -1 -4
right_child=2 3 6 -5 -6 -7 -8
leaf_value=-3.8665620692561344e-05 -2.9716486508360238e-05 -3.6142588451413127e-05 -0.00020333966084329727 3.7235983534435371e-05 -0.0001547605092168404 5.1106860469389854e-05 3.5376899127312895e-05
leaf_weight=68579 322461 597692 48421 220611 46118 814405 4690
leaf_count=68579 322461 597692 48421 220611 46118 814405 4690
internal_value=-3.85038e-07 1.50372e-05 -6.26051e-05 -1.636e-05 -4.53629e-05 4.41344e-05 -0.000182259
internal_weight=2.12298e+06 1.70129e+06 421690 818303 368579 882984 53111
internal_count=2122977 1701287 421690 818303 368579 882984 53111
is_linear=0
shrinkage=0.00720685


Tree=2
num_leaves=8
num_cat=0
split_feature=1 25 1 1 7 9 9
split_gain=113.159 24.0708 16.3686 13.2281 10.6549 8.23877 5.15554
threshold=1.5361032485961916 0.015925130806863311 2.0245063304901127 0.77486354112625133 0.25991553068161016 -2.2851536273956294 -1.0848562121391294
decision_type=2 10 2 2 2 8 8
left_child=1 4 6 -3 -1 -4 -2
right_child=2 3 5 -5 -6 -7 -8
leaf_value=1.8470363461018968e-06 -0.00021849428615166417 4.9130221076351845e-05 -0.0004628837449658835 -2.406841081564798e-05 -5.4497704108337238e-05 -0.00024711119272160506 -9.4989006608974213e-05
leaf_weight=719403 25108 881435 11465 150056 230056 46373 58365
leaf_count=719403 25108 881435 11465 150056 230056 46373 58365
internal_value=3.23885e-07 1.43793e-05 -0.000196709 3.84816e-05 -1.18054e-05 -0.00028989 -0.000132141
internal_weight=2.12226e+06 1.98095e+06 141311 1.03149e+06 949459 57838 83473
internal_count=2122261 1980950 141311 1031491 949459 57838 83473
is_linear=0
shrinkage=0.00720685


Tree=3
num_leaves=8
num_cat=0
split_feature=1 25 1 1 6 7 7
split_gain=109.794 26.3866 16.7176 11.2588 10.8574 6.4814 2.80246
threshold=1.5361032485961916 0.020871716551482681 2.0245063304901127 0.744469314813614 0.52734068036079418 0.24149687588214877 0.29238362610340124
decision_type=2 10 2 2 8 2 2
left_child=1 4 6 -3 -1 -4 -2
right_child=2 3 5 -5 -6 -7 -8
leaf_value=2.3729691407544491e-06 -9.5567096904868937e-05 4.9528842007120763e-05 -0.00020938999046396609 -1.6798767387049526e-05 -5.0546381646458597e-05 -0.00036246409408236441 -0.00018102161315169835
leaf_weight=678475 50535 859953 27658 157222 286352 29911 32922
leaf_count=678475 50535 859953 27658 157222 286352 29911 32922
internal_value=-1.58104e-07 1.36666e-05 -0.000194452 3.92767e-05 -1.3333e-05 -0.000288927 -0.000129279
internal_weight=2.12303e+06 1.982e+06 141026 1.01718e+06 964827 57569 83457
internal_count=2123028 1982002 141026 1017175 964827 57569 83457
is_linear=0
shrinkage=0.00720685


Tree=4
num_leaves=8
num_cat=0
split_feature=1 25 1 1 6 7 7
split_gain=110.491 25.8116 16.0507 11.9312 11.7354 5.11476 4.63383
threshold=1.573042690753937 0.018343983218073848 2.2772620916366582 0.78944137692451488 0.59848770499229442 0.29238362610340124 0.095714166760444655
decision_type=2 10 2 2 8 2 2
left_child=1 4 6 -3 -1 -4 -2
right_child=2 3 5 -5 -6 -7 -8
leaf_value=1.9395599047393614e-06 -0.00010008356705890531 4.8614265487225898e-05 -0.00024784651887386268 -2.1083032186864811e-05 -5.4651609685336948e-05 -0.00042731874492455752 -0.00019919008351346768
leaf_weight=700629 43590 879217 16216 149218 261303 16798 55975
leaf_count=700629 43590 879217 16216 149218 261303 16798 55975
internal_value=-1.68187e-08 1.34019e-05 -0.000201467 3.85017e-05 -1.34331e-05 -0.000339175 -0.000155802
internal_weight=2.12295e+06 1.99037e+06 132579 1.02844e+06 961932 33014 99565
internal_count=2122946 1990367 132579 1028435 961932 33014 99565
is_linear=0
shrinkage=0.00720685


Tree=5
num_leaves=8
num_cat=0
split_feature=1 25 1 19 2 2 2
split_gain=104.941 24.7022 16.3058 15.9418 12.0969 9.93582 3.04552
threshold=1.5361032485961916 0.018343983218073848 2.0245063304901127 -0.38479678332805628 -0.41600812971591944 -1.9735192060470579 -1.3703733086585996
decision_type=2 10 2 8 2 2 2
left_child=1 3 6 -1 -3 -4 -2
right_child=2 4 5 -5 -6 -7 -8
leaf_value=2.8633507105575215e-05 -0.0001926477488236374 -7.5808868815661253e-06 -0.00042128569101062624 -3.368890731072449e-05 5.150759819001861e-05 -0.00021827296327169932 -9.7350369522898738e-05
leaf_weight=320453 24732 232841 18394 636784 792227 39234 58915
leaf_count=320453 24732 232841 18394 636784 792227 39234 58915
internal_value=-2.35569e-08 1.35013e-05 -0.000189797 -1.28253e-05 3.80858e-05 -0.000283078 -0.000125529
internal_weight=2.12358e+06 1.9823e+06 141275 957237 1.02507e+06 57628 83647
internal_count=2123580 1982305 141275 957237 1025068 57628 83647
is_linear=0
shrinkage=0.00720685


Tree=6
num_leaves=8
num_cat=0
split_feature=0 19 0 4 0 9 2
split_gain=115.956 24.2562 23.401 13.3229 12.2963 7.10671 4.29283
threshold=-1.4688943624496458 -0.34735704958438868 -4.10479712486267 -0.97500136494636525 -0.074956774711608873 -1.4235630035400388 -1.2840543389320371
decision_type=2 8 2 10 2 8 2
left_child=2 3 6 -2 -3 -4 -1
right_child=1 4 5 -5 -6 -7 -8
leaf_value=-0.00047862178011807028 -2.7418458193092592e-05 -4.4394877570044142e-05 -0.0002578424428649352 5.8860006231209588e-05 7.8210509487343995e-06 -0.00012446272612508865 -0.00028788290687550031
leaf_weight=15113 108614 314184 27858 644850 920547 81315 10321
leaf_count=15113 108614 314184 27858 644850 920547 81315 10321
internal_value=3.39081e-07 1.41985e-05 -0.000204367 4.64227e-05 -5.46558e-06 -0.0001585 -0.000401235
internal_weight=2.1228e+06 1.9882e+06 134607 753464 1.23473e+06 109173 25434
internal_count=2122802 1988195 134607 753464 1234731 109173 25434
is_linear=0
shrinkage=0.00720685


Tree=7
num_leaves=8
num_cat=0
split_feature=0 0 0 25 6 2 25
split_gain=116.475 24.4471 22.8464 17.9848 9.90954 5.44809 3.80262
threshold=-1.4688943624496458 -0.034694317728281014 -3.6413378715515132 0.0078598298132419604 0.68277937173843395 -1.8193092942237852 0.041752198711037643
decision_type=2 2 2 10 8 2 8
left_child=2 4 5 -3 -2 -1 -4
right_child=1 3 6 -5 -6 -7 -8
leaf_value=-0.00047108900142453898 -5.831634266582351e-06 1.2231575016183026e-06 -0.00020005843940234733 5.1685046612536582e-05 -7.2183830427046081e-05 -0.00028649604422925688 -0.00011123611914923683
leaf_weight=14817 329911 678913 45357 798031 181067 18913 55887
leaf_count=14817 329911 678913 45357 798031 181067 18913 55887
internal_value=-2.86299e-07 1.36236e-05 -0.000205152 2.84891e-05 -2.93439e-05 -0.000367596 -0.00015103
internal_weight=2.1229e+06 1.98792e+06 134974 1.47694e+06 510978 33730 101244
internal_count=2122896 1987922 134974 1476944 510978 33730 101244
is_linear=0
shrinkage=0.00720685


Tree=8
num_leaves=8
num_cat=0
split_feature=0 25 0 0 6 23 23
split_gain=109.884 23.8854 21.7147 12.5544 10.4381 4.99699 4.13695
threshold=-1.3311244845390318 0.018343983218073848 -4.10479712486267 -0.04216379672288894 0.68277937173843395 -0.93449792265892018 -0.005975376581773161
decision_type=2 10 2 2 8 8 8
left_child=2 4 6 -3 -2 -4 -1
right_child=1 3 5 -5 -6 -7 -8
leaf_value=-0.00048042764237917298 1.4234455478781402e-06 -7.3569665509216549e-06 -0.00029529427494955209 5.2200461500139815e-05 -5.433463591253398e-05 -0.0001349903220454353 -0.00029577078674845295
leaf_weight=11645 722929 240555 11086 779548 229813 113568 13752
leaf_count=11645 722929 240555 11086 779548 229813 113568 13752
internal_value=-3.77881e-07 1.39216e-05 -0.000188384 3.81559e-05 -1.20261e-05 -0.000149249 -0.000380455
internal_weight=2.1229e+06 1.97284e+06 150051 1.0201e+06 952742 124654 25397
internal_count=2122896 1972845 150051 1020103 952742 124654 25397
is_linear=0
shrinkage=0.00720685


Tree=9
num_leaves=8
num_cat=0
split_feature=1 19 1 7 21 2 9
split_gain=100.947 23.5807 17.3849 12.5031 11.854 9.42538 4.48052
threshold=1.5361032485961916 -0.39416518807411188 2.0245063304901127 0.35922396183013922 inf -1.3239943981170652 -1.2785655260086057
decision_type=2 8 2 2 8 2 8
left_child=1 3 6 -1 -3 -4 -2
right_child=2 4 5 -5 -6 -7 -8
leaf_value=6.2869726311084515e-05 -0.00020822634574816685 -5.6434857777933969e-06 -0.00038055146723140761 -1.5906743312593581e-05 0.00038187270495863824 -0.00019615765163839832 -8.7911430325587046e-05
leaf_weight=551780 21724 1296562 26851 129134 4112 31054 61846
leaf_count=551780 21724 1296562 26851 129134 4112 31054 61846
internal_value=2.91366e-07 1.35697e-05 -0.000185693 4.79299e-05 -4.41808e-06 -0.000281668 -0.00011919
internal_weight=2.12306e+06 1.98159e+06 141475 680914 1.30067e+06 57905 83570
internal_count=2123063 1981588 141475 680914 1300674 57905 83570
is_linear=0
shrinkage=0.00720685


Tree=10
num_leaves=8
num_cat=0
split_feature=0 0 25 7 25 2 6
split_gain=110.088 25.5849 22.921 12.5799 8.74023 5.05999 4.83172
threshold=-1.2051043510437009 -3.243269562721252 0.12157805636525156 0.11755338311195375 1.4514194726943972 -2.1654074192047115 0.55774036049842846
decision_type=2 2 10 2 8 2 10
left_child=1 5 3 -2 -4 -1 -3
right_child=2 6 4 -5 -6 -7 -8
leaf_value=-0.00044092156105989531 1.2804084249510588e-05 -8.4169015498091566e-05 5.4256126584100037e-05 -3.5948594694779582e-05 -4.3493269833402345e-05 -0.00027423411226058596 -0.00017408680470556805
leaf_weight=14332 812930 67371 675565 415351 51103 27851 57562
leaf_count=14332 812930 67371 675565 415351 51103 27851 57562
internal_value=1.22082e-07 -0.000177417 1.52988e-05 -3.68194e-06 4.73818e-05 -0.000330877 -0.000125599
internal_weight=2.12206e+06 167116 1.95495e+06 1.22828e+06 726668 42183 124933
internal_count=2122065 167116 1954949 1228281 726668 42183 124933
is_linear=0
shrinkage=0.00720685


Tree=11
num_leaves=8
num_cat=0
split_feature=9 19 25 4 18 4 23
split_gain=48.0303 28.3244 18.7992 12.0807 10.2779 8.66127 4.4812
threshold=-1.4235630035400388 -0.38961678743362421 0.0052638461347669372 -0.95104682445526112 2.1213065385818486 -0.95104682445526112 0.45932954549789434
decision_type=10 8 8 8 10 8 10
left_child=4 3 -3 -2 5 -1 -6
right_child=1 2 -4 -5 6 -7 -8
leaf_value=-0.00018688074619220972 -2.4435095390705665e-05 -3.937675336418142e-05 1.645555550618576e-05 6.1945872939769586e-05 -0.00025979764674301513 -5.5429060086618468e-05 -7.5956579705826991e-05
leaf_weight=32579 98837 578387 683227 563566 28061 129587 9128
leaf_count=32579 98837 578387 683227 563566 28061 129587 9128
internal_value=-1.37528e-07 1.08956e-05 -9.14076e-06 4.90569e-05 -0.00010662 -8.18387e-05 -0.000214678
internal_weight=2.12337e+06 1.92402e+06 1.26161e+06 662403 199355 162166 37189
internal_count=2123372 1924017 1261614 662403 199355 162166 37189
is_linear=0
shrinkage=0.00720685


Tree=12
num_leaves=8
num_cat=0
split_feature=0 19 0 25 7 25 13
split_gain=111.065 23.1476 22.294 16.2852 13.4398 4.76461 2.87091
threshold=-1.3311244845390318 -0.34735704958438868 -4.10479712486267 0.020871716551482681 0.44364091753959661 0.047137379646301276 -0.74675592780113209
decision_type=2 8 2 8 2 8 8
left_child=2 4 6 -3 -2 -4 -1
right_child=1 3 5 -5 -6 -7 -8
leaf_value=-0.00045221158483371753 5.896822903321688e-05 -3.2271436618037633e-05 -0.00019804762567980644 2.0342517276211776e-05 -2.5986348998906111e-05 -0.00010853777586160384 -0.00029810571851928992
leaf_weight=14082 634038 586744 56718 637564 114127 67835 11351
leaf_count=14082 634038 586744 56718 637564 114127 67835 11351
internal_value=5.11035e-08 1.4427e-05 -0.000189006 -4.87246e-06 4.6009e-05 -0.000149299 -0.000383447
internal_weight=2.12246e+06 1.97247e+06 149986 1.22431e+06 748165 124553 25433
internal_count=2122459 1972473 149986 1224308 748165 124553 25433
is_linear=0
shrinkage=0.00720685


Tree=13
num_leaves=8
num_cat=0
split_feature=9 19 25 13 11 18 23
split_gain=48.8612 25.4066 17.1819 10.5934 9.17761 6.26529 5.67005
threshold=-1.4235630035400388 -0.39416518807411188 0.0052638461347669372 -1.029116094112396 1.2224327325820925 1.6987728476524355 -0.54508140683174122
decision_type=10 8 8 8 8 10 10
left_child=3 4 -3 6 -2 -5 -1
right_child=1 2 -4 5 -6 -7 -8
leaf_value=-0.00030586949419194085 5.5063532744318913e-05 -3.7043033498126735e-05 1.620989731600536e-05 -5.2408249142217501e-05 -4.4332692201952944e-05 -0.00016817882551322589 -0.00014469217294808928
leaf_weight=16645 602920 580120 687754 116305 52444 30685 35556
leaf_count=16645 602920 580120 687754 116305 52444 30685 35556
internal_value=-4.52106e-07 1.06762e-05 -8.15615e-06 -0.000107898 4.71095e-05 -7.65771e-05 -0.000196091
internal_weight=2.12243e+06 1.92324e+06 1.26787e+06 199191 655364 146990 52201
internal_count=2122429 1923238 1267874 199191 655364 146990 52201
is_linear=0
shrinkage=0.00720685


Tree=14
num_leaves=8
num_cat=0
split_feature=1 19 1 7 6 2 9
split_gain=98.4566 21.4554 14.6746 11.694 9.04733 7.89842 3.67101
threshold=1.5361032485961916 -0.38961678743362421 2.0245063304901127 0.48679472506046301 0.29053832590579992 -1.244253873825073 -2.0320450067520137
decision_type=2 8 2 2 8 2 8
left_child=1 3 6 -1 -3 -4 -2
right_child=2 4 5 -5 -6 -7 -8
leaf_value=5.785652292769079e-05 -0.00023846802220590441 1.1225264892970565e-05 -0.0003587729434743177 -2.7833064623174826e-05 -2.79160859614294e-05 -0.00019015024156853266 -0.00010275167879188561
leaf_weight=592287 12107 792956 27981 96144 500194 29797 71419
leaf_count=592287 12107 792956 27981 96144 500194 29797 71419
internal_value=2.8175e-07 1.3388e-05 -0.000183512 4.58893e-05 -3.91471e-06 -0.000271817 -0.000122426
internal_weight=2.12288e+06 1.98158e+06 141304 688431 1.29315e+06 57778 83526
internal_count=2122885 1981581 141304 688431 1293150 57778 83526
is_linear=0
shrinkage=0.00720685


Tree=15
num_leaves=8
num_cat=0
split_feature=1 19 1 7 1 2 9
split_gain=97.6342 23.335 15.2637 11.1806 9.9868 7.97263 4.0911
threshold=1.5361032485961916 -0.39416518807411188 2.0245063304901127 0.42293176054954534 0.51821577548980724 -1.3239943981170652 -1.1964482665061948
decision_type=2 8 2 2 2 2 8
left_child=1 3 6 -1 -3 -4 -2
right_child=2 4 5 -5 -6 -7 -8
leaf_value=5.9994311919405169e-05 -0.00020262582021163457 6.1221314066114706e-06 -0.00036379766628139113 -1.9215421109841413e-05 -4.1019776314694428e-05 -0.00019416459744745393 -8.9631576101687578e-05
leaf_weight=570523 22967 995613 26914 110476 304871 30937 60449
leaf_count=570523 22967 995613 26914 110476 304871 30937 60449
internal_value=-8.29189e-08 1.29675e-05 -0.000183133 4.71444e-05 -4.92929e-06 -0.000273088 -0.000120745
internal_weight=2.12275e+06 1.98148e+06 141267 680999 1.30048e+06 57851 83416
internal_count=2122750 1981483 141267 680999 1300484 57851 83416
is_linear=0
shrinkage=0.00720685


Tree=16
num_leaves=8
num_cat=0
split_feature=0 0 0 7 3 9 2
split_gain=104.8 24.1907 19.1456 8.63657 7.93205 6.8233 3.82425
threshold=-1.4688943624496458 -0.034694317728281014 -4.10479712486267 0.38412760198116308 1.0323106646537783 -1.1964482665061948 -1.7502089738845823
decision_type=2 2 2 2 8 8 2
left_child=2 4 6 -3 -2 -4 -1
right_child=1 3 5 -5 -6 -7 -8
leaf_value=-0.0004634821207038417 -1.4984882186231125e-05 3.4732222920841006e-05 -0.00024004117674166633 -1.3319342044565874e-05 -8.2992799433691792e-05 -0.00011609671553290641 -0.00028709416744508118
leaf_weight=12388 395792 1247124 33053 230122 114944 76389 13191
leaf_count=12388 395792 1247124 33053 230122 114944 76389 13191
internal_value=-7.31332e-07 1.24648e-05 -0.000195023 2.72468e-05 -3.02906e-05 -0.000153532 -0.000372534
internal_weight=2.123e+06 1.98798e+06 135021 1.47725e+06 510736 109442 25579
internal_count=2123003 1987982 135021 1477246 510736 109442 25579
is_linear=0
shrinkage=0.00720685


Tree=17
num_leaves=8
num_cat=0
split_feature=0 25 0 0 0 23 23
split_gain=100.601 22.2204 19.8591 13.0476 9.49329 4.69389 4.37229
threshold=-1.4688943624496458 0.12157805636525156 -4.10479712486267 1.0000000180025095e-35 0.3243707418441773 -0.005975376581773161 -0.93449792265892018
decision_type=2 10 2 2 2 8 8
left_child=2 3 5 -2 -3 -1 -4
right_child=1 4 6 -5 -6 -7 -8
leaf_value=-0.00047866070916476429 -4.3660808010503475e-05 1.8939526232444752e-05 -0.00029493683074947934 8.1311605280535191e-06 7.0690442365958604e-05 -0.00028235191893953386 -0.00013487138450493668
leaf_weight=11705 351541 389170 9730 897944 349405 13783 99569
leaf_count=11705 351541 389170 9730 897944 349405 13783 99569
internal_value=-8.34337e-07 1.20837e-05 -0.00019137 -6.44044e-06 4.34219e-05 -0.000372519 -0.000149123
internal_weight=2.12285e+06 1.98806e+06 134787 1.24948e+06 738575 25488 109299
internal_count=2122847 1988060 134787 1249485 738575 25488 109299
is_linear=0
shrinkage=0.00720685


Tree=18
num_leaves=8
num_cat=0
split_feature=0 19 0 25 0 9 9
split_gain=102.83 22.468 20.3678 17.0852 10.7042 6.32474 4.70851
threshold=-1.3311244845390318 -0.39416518807411188 -3.6413378715515132 0.018343983218073848 0.48113240301609045 -1.3264192938804624 -3.0991424322128291
decision_type=2 8 2 8 2 8 8
left_child=2 4 6 -3 -2 -4 -1
right_child=1 3 5 -5 -6 -7 -8
leaf_value=-0.00053123442855501982 2.4714992092895331e-05 -3.1260513270602787e-05 -0.00022573158625403274 2.1052447849821411e-05 8.3803854409485935e-05 -0.00010502100305913389 -0.00030015980543741971
leaf_weight=5465 412511 617775 30544 682483 259343 86098 28347
leaf_count=5465 412511 617775 30544 682483 259343 86098 28347
internal_value=-1.71762e-07 1.36834e-05 -0.000181781 -3.80233e-06 4.75241e-05 -0.000136632 -0.000337523
internal_weight=2.12257e+06 1.97211e+06 150454 1.30026e+06 671854 116642 33812
internal_count=2122566 1972112 150454 1300258 671854 116642 33812
is_linear=0
shrinkage=0.00720685


Tree=19
num_leaves=8
num_cat=0
split_feature=0 0 0 25 6 9 23
split_gain=103.59 21.9699 18.308 16.3311 8.68976 6.50205 3.8889
threshold=-1.4688943624496458 -0.034694317728281014 -4.10479712486267 0.0078598298132419604 0.68277937173843395 -1.4235630035400388 -0.005975376581773161
decision_type=2 2 2 10 8 8 8
left_child=2 4 6 -3 -2 -4 -1
right_child=1 3 5 -5 -6 -7 -8
leaf_value=-0.00046526974021138549 -6.0278287012617263e-06 7.7467696043987452e-07 -0.00024822073320062137 4.8848544691248849e-05 -6.815828060421202e-05 -0.00012075601360198749 -0.00028624097350984614
leaf_weight=11638 329458 679140 27954 798595 181240 81074 13764
leaf_count=11638 329458 679140 27954 798595 181240 81074 13764
internal_value=-4.17987e-07 1.2672e-05 -0.000194038 2.67547e-05 -2.80772e-05 -0.000153439 -0.000368279
internal_weight=2.12286e+06 1.98843e+06 134430 1.47774e+06 510698 109028 25402
internal_count=2122863 1988433 134430 1477735 510698 109028 25402
is_linear=0
shrinkage=0.00720685


Tree=20
num_leaves=8
num_cat=0
split_feature=1 1 19 1 6 7 24
split_gain=90.6204 22.2986 19.8241 9.552 7.20286 5.77606 1.68107
threshold=1.6919115185737612 0.83652159571647655 -0.34735704958438868 2.0245063304901127 0.59848770499229442 0.29238362610340124 -1.0411965847015379
decision_type=2 2 8 2 10 2 2
left_child=1 2 -1 6 -3 -5 -2
right_child=3 4 -4 5 -6 -7 -8
leaf_value=5.1850432763479498e-05 -5.4099900871138285e-06 -1.826233878006861e-05 1.6350808842809269e-06 -0.00019710378464680422 -9.1550366458529066e-05 -0.00034135229757399968 -0.00014428584397690192
leaf_weight=665069 5029 177001 1057752 30121 114844 27668 45406
leaf_count=665069 5029 177001 1057752 30121 114844 27668 45406
internal_value=2.3844e-07 1.11518e-05 2.102e-05 -0.000202919 -4.71022e-05 -0.000266171 -0.000130439
internal_weight=2.12289e+06 2.01467e+06 1.72282e+06 108224 291845 57789 50435
internal_count=2122890 2014666 1722821 108224 291845 57789 50435
is_linear=0
shrinkage=0.00720685


Tree=21
num_leaves=8
num_cat=0
split_feature=1 25 1 19 21 9 9
split_gain=90.6406 21.4447 16.7559 14.2208 10.2272 8.73649 4.16598
threshold=1.467714846134186 0.018343983218073848 2.0245063304901127 -0.38479678332805628 inf -2.2851536273956294 -1.4235630035400388
decision_type=2 10 2 8 8 8 8
left_child=1 3 6 -1 -3 -4 -2
right_child=2 4 5 -5 -6 -7 -8
leaf_value=2.7781973562070053e-05 -0.00019556918447200761 3.529199046265794e-05 -0.00044202107197708224 -3.1310970825315216e-05 0.00061834642371574075 -0.00021986848555463615 -8.4719918319614592e-05
leaf_weight=318533 22790 1015207 11478 629563 1564 46239 77479
leaf_count=318533 22790 1015207 11478 629563 1564 46239 77479
internal_value=-1.54668e-07 1.31987e-05 -0.000166229 -1.14574e-05 3.61894e-05 -0.000264054 -0.000109917
internal_weight=2.12285e+06 1.96487e+06 157986 948096 1.01677e+06 57717 100269
internal_count=2122853 1964867 157986 948096 1016771 57717 100269
is_linear=0
shrinkage=0.00720685


Tree=22
num_leaves=8
num_cat=0
split_feature=0 25 0 0 7 9 9
split_gain=100.185 22.3256 18.199 12.3068 10.6861 5.54643 3.56223
threshold=-1.4688943624496458 0.018343983218073848 -4.10479712486267 -0.074956774711608873 0.266242265701294 -1.7520809173583982 -2.0320450067520137
decision_type=2 10 2 2 2 8 8
left_child=2 4 6 -3 -2 -4 -1
right_child=1 3 5 -5 -6 -7 -8
leaf_value=-0.00049495209310212746 1.3565738178704918e-06 -1.0084697658257174e-05 -0.00025199857265968011 4.9628626560672533e-05 -5.4844783925508192e-05 -0.00012394806024211509 -0.00030821339304329176
leaf_weight=7528 730214 231467 21980 794842 231402 87569 18014
leaf_count=7528 730214 231467 21980 794842 231402 87569 18014
internal_value=-1.22588e-07 1.27832e-05 -0.000190036 3.61613e-05 -1.21677e-05 -0.000149642 -0.000363268
internal_weight=2.12302e+06 1.98792e+06 135091 1.02631e+06 961616 109549 25542
internal_count=2123016 1987925 135091 1026309 961616 109549 25542
is_linear=0
shrinkage=0.00720685


Tree=23
num_leaves=8
num_cat=0
split_feature=1 7 2 1 1 4 9
split_gain=86.7801 17.0907 14.6699 9.60277 9.53397 6.52333 4.13566
threshold=1.5019720792770388 0.36724288761615759 -1.244253873825073 2.2772620916366582 0.78944137692451488 -0.45023310184478754 -1.3738065361976621
decision_type=2 2 2 2 2 8 8
left_child=1 4 3 -2 -1 -3 -4
right_child=2 5 6 -5 -6 -7 -8
leaf_value=2.9062417016380917e-05 -0.00019694200147593724 -6.3487685559485032e-05 -0.00020912819826506175 -0.00039993488592278821 -2.4237022745494265e-05 -2.5793423982405517e-06 -8.7373568395001671e-05
leaf_weight=1408893 40200 177332 18032 17321 198918 188313 73778
leaf_count=1408893 40200 177332 18032 17321 198918 188313 73778
internal_value=-3.21315e-07 1.23542e-05 -0.000167831 -0.000258074 2.24682e-05 -3.21191e-05 -0.000111289
internal_weight=2.12279e+06 1.97346e+06 149331 57521 1.60781e+06 365645 91810
internal_count=2122787 1973456 149331 57521 1607811 365645 91810
is_linear=0
shrinkage=0.00720685


Tree=24
num_leaves=8
num_cat=0
split_feature=0 19 0 4 21 9 2
split_gain=93.1023 21.755 19.6545 12.2069 9.9117 6.78423 3.89721
threshold=-1.3311244845390318 -0.34735704958438868 -4.10479712486267 -0.97500136494636525 inf -1.4235630035400388 -1.9735192060470579
decision_type=2 8 2 10 8 8 2
left_child=2 3 6 -2 -3 -4 -1
right_child=1 4 5 -5 -6 -7 -8
leaf_value=-0.00045573936363309269 -2.7674913772546869e-05 -6.9073961190620885e-06 -0.00022806530456616193 5.550555108018589e-05 0.00034812197647420505 -0.00010514725806219117 -0.0002764287233870909
leaf_weight=11193 106918 1220202 31022 640966 4097 93972 14408
leaf_count=11193 106918 1220202 31022 640966 4097 93972 14408
internal_value=-1.99968e-07 1.29888e-05 -0.000172919 4.3614e-05 -5.71904e-06 -0.000135656 -0.00035484
internal_weight=2.12278e+06 1.97218e+06 150595 747884 1.2243e+06 124994 25601
internal_count=2122778 1972183 150595 747884 1224299 124994 25601
is_linear=0
shrinkage=0.00720685


Tree=25
num_leaves=8
num_cat=0
split_feature=0 19 0 25 0 9 2
split_gain=92.8575 21.8763 17.6664 15.7177 12.2262 5.57292 3.22196
threshold=-1.4688943624496458 -0.34735704958438868 -4.10479712486267 0.12157805636525156 0.51137369871139537 -1.4235630035400388 -1.2840543389320371
decision_type=2 8 2 10 2 8 2
left_child=2 4 6 -3 -2 -4 -1
right_child=1 3 5 -5 -6 -7 -8
leaf_value=-0.00042271410810842784 2.1459738128188741e-05 -2.5528126036156707e-05 -0.00023160787536837679 2.8276938207146377e-05 8.2292258721648466e-05 -0.00011358476721009152 -0.00025704690950043181
leaf_weight=14979 490540 798227 27928 436022 263922 81206 10296
leaf_count=14979 490540 798227 27928 436022 263922 81206 10296
internal_value=-2.23099e-07 1.21676e-05 -0.000183554 -6.52043e-06 4.274e-05 -0.00014379 -0.000355241
internal_weight=2.12312e+06 1.98871e+06 134409 1.23425e+06 754462 109134 25275
internal_count=2123120 1988711 134409 1234249 754462 109134 25275
is_linear=0
shrinkage=0.00720685


Tree=26
num_leaves=8
num_cat=0
split_feature=2 25 9 23 21 7 18
split_gain=43.1522 24.2094 11.3501 9.30994 8.3741 6.42464 3.10662
threshold=-1.173609137535095 0.080251466482877745 -1.4771964550018308 -0.09456815198063849 inf -0.15115071088075635 2.2122844457626347
decision_type=2 10 10 10 8 2 10
left_child=3 2 -2 5 -3 -1 -5
right_child=1 4 -4 6 -6 -7 -8
leaf_value=-7.612016342687675e-06 -9.4632780182983523e-05 3.9799884928207233e-05 -4.9999771740047281e-06 -3.4424792075095164e-05 0.00091291549928671975 -0.00016566755715884501 -0.00017228076261413994
leaf_weight=15532 79062 813003 1020193 89828 570 95420 9376
leaf_count=15532 79062 813003 1020193 89828 570 95420 9376
internal_value=-1.59438e-07 1.06103e-05 -1.14468e-05 -9.81851e-05 4.04127e-05 -0.000143542 -4.74557e-05
internal_weight=2.12298e+06 1.91283e+06 1.09926e+06 210156 813573 110952 99204
internal_count=2122984 1912828 1099255 210156 813573 110952 99204
is_linear=0
shrinkage=0.00720685


Tree=27
num_leaves=8
num_cat=0
split_feature=0 25 0 0 7 9 9
split_gain=90.2882 20.4216 18.7496 10.6988 10.1445 5.96321 3.39351
threshold=-1.3311244845390318 0.018343983218073848 -3.6413378715515132 -0.04216379672288894 0.266242265701294 -1.3264192938804624 -1.3738065361976621
decision_type=2 10 2 2 2 8 8
left_child=2 4 6 -3 -2 -4 -1
right_child=1 3 5 -5 -6 -7 -8
leaf_value=-0.00041089490852062714 1.796733849171691e-06 -7.0602813091205513e-06 -0.00021379877534558585 4.7954035375892965e-05 -5.3240664132413755e-05 -9.6558050003133679e-05 -0.00026262122529212051
leaf_weight=13047 725847 240191 30494 779261 228762 86322 20826
leaf_count=13047 725847 240191 30494 779261 228762 86322 20826
internal_value=-4.18105e-07 1.25617e-05 -0.000170456 3.49922e-05 -1.13924e-05 -0.000127165 -0.000319743
internal_weight=2.12475e+06 1.97406e+06 150689 1.01945e+06 954609 116816 33873
internal_count=2124750 1974061 150689 1019452 954609 116816 33873
is_linear=0
shrinkage=0.00720685


Tree=28
num_leaves=8
num_cat=0
split_feature=0 19 0 0 0 9 23
split_gain=86.8091 22.0723 17.8626 10.7824 10.6055 5.77668 3.76501
threshold=-1.4688943624496458 -0.39416518807411188 -4.10479712486267 0.52732202410697948 -0.034694317728281014 -1.4235630035400388 -0.005975376581773161
decision_type=2 8 2 2 2 8 8
left_child=2 3 6 -2 -3 -4 -1
right_child=1 4 5 -5 -6 -7 -8
leaf_value=-0.00044580873725943732 2.4205828405336207e-05 -3.9113544214819059e-05 -0.00022714339478448507 8.4943096237227608e-05 6.7979500807894916e-06 -0.00010704328507715893 -0.00026929545533210586
leaf_weight=11612 446717 360622 27962 229956 949055 81239 13677
leaf_count=11612 446717 360622 27962 229956 949055 81239 13677
internal_value=-5.73145e-07 1.14244e-05 -0.00017777 4.48465e-05 -5.84386e-06 -0.000137798 -0.00035036
internal_weight=2.12084e+06 1.98635e+06 134490 676673 1.30968e+06 109201 25289
internal_count=2120840 1986350 134490 676673 1309677 109201 25289
is_linear=0
shrinkage=0.00720685


Tree=29
num_leaves=8
num_cat=0
split_feature=0 19 0 25 0 9 9
split_gain=88.2162 20.7614 19.8698 12.5105 11.8385 6.48252 3.3156
threshold=-1.3311244845390318 -0.18268100172281262 -4.10479712486267 0.17480981349945071 0.48113240301609045 -1.4235630035400388 -1.7520809173583982
decision_type=2 8 2 10 2 8 8
left_child=2 4 6 -3 -2 -4 -1
right_child=1 3 5 -5 -6 -7 -8
leaf_value=-0.00046578496428429587 1.7015845570589044e-05 -2.7638566988935845e-05 -0.00022052855192891186 3.0487291297660352e-05 6.8101997022767925e-05 -0.00010069465418317806 -0.00029229643530370356
leaf_weight=8664 652045 684611 31245 267453 368896 93953 16881
leaf_count=8664 652045 684611 31245 267453 368896 93953 16881
internal_value=6.03141e-08 1.28991e-05 -0.00016798 -1.13099e-05 3.54748e-05 -0.000130603 -0.000351154
internal_weight=2.12375e+06 1.973e+06 150743 952064 1.02094e+06 125198 25545
internal_count=2123748 1973005 150743 952064 1020941 125198 25545
is_linear=0
shrinkage=0.00720685


Tree=30
num_leaves=8
num_cat=0
split_feature=1 19 1 7 1 9 9
split_gain=82.6198 20.0674 12.8331 11.6989 7.7776 6.87213 2.57085
threshold=1.5361032485961916 -0.34735704958438868 2.0245063304901127 0.42293176054954534 0.25786463916301733 -2.0320450067520137 -1.0848562121391294
decision_type=2 8 2 2 2 8 8
left_child=1 3 6 -1 -3 -4 -2
right_child=2 4 5 -5 -6 -7 -8
leaf_value=5.402915368748826e-05 -0.00017159771643258348 7.2074321723708624e-06 -0.00039516838208098154 -2.2891021991662568e-05 -3.1351360353821827e-05 -0.00020782544277121601 -8.4532165787037185e-05
leaf_weight=634967 25253 817806 13181 122509 406875 44542 58255
leaf_count=634967 25253 817806 13181 122509 406875 44542 58255
internal_value=4.31472e-07 1.24312e-05 -0.000167981 4.15886e-05 -5.60292e-06 -0.000250611 -0.000110863
internal_weight=2.12339e+06 1.98216e+06 141231 757476 1.22468e+06 57723 83508
internal_count=2123388 1982157 141231 757476 1224681 57723 83508
is_linear=0
shrinkage=0.00720685


Tree=31
num_leaves=8
num_cat=0
split_feature=0 0 0 21 3 0 7
split_gain=84.6201 24.3395 14.7163 9.89897 7.22234 4.28958 3.66819
threshold=-0.87519490718841542 -3.243269562721252 0.38094055652618414 inf 1.3767722249031069 -4.5973563194274893 0.35922396183013922
decision_type=2 2 2 8 10 2 2
left_child=1 5 3 -2 -3 -1 -4
right_child=2 4 6 -5 -6 -7 -8
leaf_value=-0.00037627989225842202 -2.5956088187180398e-06 -7.6796301616917871e-05 4.5300681308364614e-05 0.00035129866170939485 -0.000204727683484965 -0.00022794894287588434 6.6466401395463331e-07
leaf_weight=16947 1074241 156529 708605 4120 26852 25182 110544
leaf_count=16947 1074241 156529 708605 4120 26852 25182 110544
internal_value=5.63839e-07 -0.000131418 1.62493e-05 -1.24319e-06 -9.55301e-05 -0.000287625 3.92771e-05
internal_weight=2.12302e+06 225510 1.89751e+06 1.07836e+06 183381 42129 819149
internal_count=2123020 225510 1897510 1078361 183381 42129 819149
is_linear=0
shrinkage=0.00720685


Tree=32
num_leaves=8
num_cat=0
split_feature=0 0 0 3 2 3 23
split_gain=82.6376 19.1595 18.1919 7.98832 5.54099 4.13137 3.81214
threshold=-1.3311244845390318 0.21622004359960559 -4.10479712486267 1.1319901943206789 0.050677245482802398 1.1638414263725283 -0.005975376581773161
decision_type=2 2 2 8 2 10 8
left_child=2 3 6 -2 -3 -4 -1
right_child=1 4 5 -5 -6 -7 -8
leaf_value=-0.00043380760711031122 -3.5958415777082406e-06 1.1458195070562249e-05 -0.00010441492054922225 -6.3888709090897648e-05 4.4666021983130677e-05 -0.00020315574215904305 -0.00025696807621158457
leaf_weight=11708 724597 417887 96428 135472 695034 28520 13804
leaf_count=11708 724597 417887 96428 135472 695034 28520 13804
internal_value=3.86893e-08 1.24542e-05 -0.000162765 -1.30928e-05 3.2197e-05 -0.000126955 -0.000338138
internal_weight=2.12345e+06 1.97299e+06 150460 860069 1.11292e+06 124948 25512
internal_count=2123450 1972990 150460 860069 1112921 124948 25512
is_linear=0
shrinkage=0.00720685


Tree=33
num_leaves=8
num_cat=0
split_feature=0 0 25 0 11 9 2
split_gain=80.9295 22.7414 16.4369 14.6405 5.62118 5.61159 3.27403
threshold=-1.638232350349426 -0.034694317728281014 0.0078598298132419604 -4.10479712486267 1.2224327325820925 -1.4235630035400388 -2.1654074192047115
decision_type=2 2 10 2 10 8 2
left_child=3 4 -3 6 -2 -5 -1
right_child=1 2 -4 5 -6 -7 -8
leaf_value=-0.0004384671622404233 -2.0275962340393664e-05 -7.7068181455785863e-07 4.7478704979246341e-05 -0.00023498266094503035 -8.795581420813953e-05 -0.00010779543740784193 -0.0002707919453533924
leaf_weight=10006 453913 678006 798709 24512 74150 68015 15317
leaf_count=10006 453913 678006 798709 24512 74150 68015 15317
internal_value=2.15957e-08 1.08109e-05 2.53259e-05 -0.000183517 -2.97797e-05 -0.000141492 -0.000337061
internal_weight=2.12263e+06 2.00478e+06 1.47672e+06 117850 528063 92527 25323
internal_count=2122628 2004778 1476715 117850 528063 92527 25323
is_linear=0
shrinkage=0.00720685


Tree=34
num_leaves=8
num_cat=0
split_feature=0 19 0 7 21 6 18
split_gain=85.1589 20.519 18.1264 11.3755 10.4446 4.48895 2.86539
threshold=-1.2648892998695371 -0.34735704958438868 -3.6413378715515132 0.32015465199947363 inf 0.74760168790817272 0.95169332623481762
decision_type=2 8 2 2 8 10 10
left_child=2 3 6 -2 -3 -4 -1
right_child=1 4 5 -5 -6 -7 -8
leaf_value=-0.00024861346667585449 5.757764961755141e-05 -6.066562934754504e-06 -8.6192762969505084e-05 -1.1913474343027567e-05 0.0003582521734205888 -0.00017507001234458289 -0.00038210166657504888
leaf_weight=18800 590428 1214240 77618 154329 4100 47632 15046
leaf_count=18800 590428 1214240 77618 154329 4100 47632 15046
internal_value=3.80153e-07 1.33767e-05 -0.000159984 4.31776e-05 -4.84025e-06 -0.000119994 -0.000307964
internal_weight=2.12219e+06 1.9631e+06 159096 744757 1.21834e+06 125250 33846
internal_count=2122193 1963097 159096 744757 1218340 125250 33846
is_linear=0
shrinkage=0.00720685


Tree=35
num_leaves=8
num_cat=0
split_feature=1 25 1 19 2 2 9
split_gain=74.9466 19.8225 14.3078 12.1645 9.29171 7.96651 3.85151
threshold=1.4069503545761111 0.055117482319474227 2.0245063304901127 -0.17359388619661328 -0.42752701044082636 -1.2075083851814268 -1.4235630035400388
decision_type=2 10 2 8 2 2 8
left_child=1 3 6 -1 -3 -4 -2
right_child=2 4 5 -5 -6 -7 -8
leaf_value=1.5677326284446048e-05 -0.0001751327263522573 -6.2376507926006249e-06 -0.00032127455600197246 -3.3440821003784717e-05 4.9746503124035849e-05 -0.0001520820165248396 -7.5201004666720813e-05
leaf_weight=529864 25703 197080 28654 517786 704017 29175 90799
leaf_count=529864 25703 197080 28654 517786 704017 29175 90799
internal_value=-8.87453e-08 1.27183e-05 -0.000143251 -8.5986e-06 3.75021e-05 -0.00023592 -9.72497e-05
internal_weight=2.12308e+06 1.94875e+06 174331 1.04765e+06 901097 57829 116502
internal_count=2123078 1948747 174331 1047650 901097 57829 116502
is_linear=0
shrinkage=0.00720685


Tree=36
num_leaves=8
num_cat=0
split_feature=0 0 25 25 0 6 9
split_gain=77.8916 21.4246 19.4317 9.61229 7.73596 5.80616 4.7073
threshold=-0.87519490718841542 -3.243269562721252 0.018343983218073848 -2.4856865406036373 0.33830927312374121 1.1759240031242373 -2.0320450067520137
decision_type=2 2 10 8 2 10 8
left_child=1 6 3 -2 -4 -3 -1
right_child=2 5 4 -5 -6 -7 -8
leaf_value=-0.00039914257105763223 0.00010774652413636211 -7.1478081863846508e-05 1.8372819619089005e-05 -1.282099884809043e-05 5.8855814335188459e-05 -0.00017168477461587979 -0.00022656449905907047
leaf_weight=11156 35739 145637 504431 879607 477004 37835 31108
leaf_count=11156 35739 145637 504431 879607 477004 37835 31108
internal_value=7.10715e-07 -0.000125842 1.57719e-05 -8.1134e-06 3.80487e-05 -9.21433e-05 -0.000272127
internal_weight=2.12252e+06 225736 1.89678e+06 915346 981435 183472 42264
internal_count=2122517 225736 1896781 915346 981435 183472 42264
is_linear=0
shrinkage=0.00720685


Tree=37
num_leaves=8
num_cat=0
split_feature=0 0 25 0 3 9 23
split_gain=78.2392 21.3879 14.9089 12.0775 8.93097 4.84656 3.88944
threshold=-1.8447309732437132 -0.034694317728281014 0.018343983218073848 -4.10479712486267 1.1486086249351504 -1.4235630035400388 -0.005975376581773161
decision_type=2 2 10 2 8 8 8
left_child=3 4 -3 6 -2 -5 -1
right_child=1 2 -4 5 -6 -7 -8
leaf_value=-0.00042863961484023604 -1.4912794319711653e-05 -1.4055095554295844e-07 4.5722209615138378e-05 -0.00024345496488340919 -8.9739558937914225e-05 -0.00011456794936369882 -0.00024958841388874616
leaf_weight=11603 442675 701572 774610 20879 101921 55272 13806
leaf_count=11603 442675 701572 774610 20879 101921 55272 13806
internal_value=-1.25133e-07 9.68452e-06 2.39254e-05 -0.00019531 -2.89168e-05 -0.000149909 -0.000331366
internal_weight=2.12234e+06 2.02078e+06 1.47618e+06 101560 544596 76151 25409
internal_count=2122338 2020778 1476182 101560 544596 76151 25409
is_linear=0
shrinkage=0.00720685


Tree=38
num_leaves=8
num_cat=0
split_feature=0 25 0 0 25 3 18
split_gain=79.3571 18.6863 16.6746 10.4992 9.80217 4.27687 3.07734
threshold=-1.3311244845390318 0.12157805636525156 -3.6413378715515132 1.0000000180025095e-35 1.4514194726943972 1.3767722249031069 0.95169332623481762
decision_type=2 10 2 2 10 10 10
left_child=2 3 6 -2 -3 -4 -1
right_child=1 4 5 -5 -6 -7 -8
leaf_value=-0.00023847259844966484 -3.8769088151625249e-05 4.8375318967218296e-05 -0.00010032898084367858 8.1466699926936046e-06 -5.4532899114728063e-05 -0.00022271299378882176 -0.0003768006368222148
leaf_weight=18656 342182 680797 99128 897712 51726 17441 15141
leaf_count=18656 342182 680797 99128 897712 51726 17441 15141
internal_value=8.2628e-08 1.2249e-05 -0.000159508 -4.80099e-06 4.11085e-05 -0.000118642 -0.000300453
internal_weight=2.12278e+06 1.97242e+06 150366 1.23989e+06 732523 116569 33797
internal_count=2122783 1972417 150366 1239894 732523 116569 33797
is_linear=0
shrinkage=0.00720685


Tree=39
num_leaves=8
num_cat=0
split_feature=0 0 19 0 25 23 25
split_gain=75.5818 20.4483 13.4817 12.6202 7.96231 4.77079 3.1365
threshold=-1.638232350349426 0.21622004359960559 -0.26731593906879419 -3.6413378715515132 0.039297362789511688 -0.24741604924201963 0.041752198711037643
decision_type=2 2 8 2 8 8 8
left_child=3 4 -3 5 -2 -1 -5
right_child=1 2 -4 6 -6 -7 -8
leaf_value=-0.00041559526607851371 -3.6785968375484267e-05 5.6568069606716568e-05 6.3782333359335968e-06 -0.00017913710159231727 6.2821160410414229e-06 -0.00023415086227831613 -9.0712564381800932e-05
leaf_weight=11342 449369 543574 568903 37666 442504 22395 46638
leaf_count=11342 449369 543574 568903 37666 442504 22395 46638
internal_value=-1.45811e-07 1.02911e-05 3.09018e-05 -0.000177365 -1.54177e-05 -0.000295161 -0.000130221
internal_weight=2.12239e+06 2.00435e+06 1.11248e+06 118041 891873 33737 84304
internal_count=2122391 2004350 1112477 118041 891873 33737 84304
is_linear=0
shrinkage=0.00720685


Tree=40
num_leaves=8
num_cat=0
split_feature=0 0 25 6 0 23 23
split_gain=76.3812 23.5649 15.1381 10.3043 9.50178 3.52501 3.27924
threshold=-2.1067075729370113 -0.10962481424212454 0.018343983218073848 0.64083570241928112 -4.10479712486267 -0.24741604924201963 -0.25330030918121332
decision_type=2 2 10 8 2 8 8
left_child=4 3 -3 -2 5 -1 -6
right_child=1 2 -4 -5 6 -7 -8
leaf_value=-0.00044856873465843564 -9.2614475196687139e-06 -1.5747791630057749e-06 4.3496012855056475e-05 -7.7485945109016948e-05 -0.00023641502876948754 -0.00026867100234502397 -0.00012376177538204
leaf_weight=8497 298482 740364 811069 187030 20425 16955 39154
leaf_count=8497 298482 740364 811069 187030 20425 16955 39154
internal_value=-5.59268e-07 8.27497e-06 2.19876e-05 -3.55432e-05 -0.000212184 -0.000328744 -0.000162385
internal_weight=2.12198e+06 2.03694e+06 1.55143e+06 485512 85031 25452 59579
internal_count=2121976 2036945 1551433 485512 85031 25452 59579
is_linear=0
shrinkage=0.00720685


Tree=41
num_leaves=8
num_cat=0
split_feature=1 25 1 7 25 7 9
split_gain=66.706 19.1488 13.6238 11.1954 8.73727 6.58146 3.59835
threshold=1.5019720792770388 0.12157805636525156 2.0245063304901127 0.20627707988023761 1.4514194726943972 0.29238362610340124 -2.0320450067520137
decision_type=2 10 2 2 10 2 8
left_child=1 3 6 -1 -3 -4 -2
right_child=2 4 5 -5 -6 -7 -8
leaf_value=6.532585825801192e-06 -0.00020386991476865034 4.6569985658617585e-05 -0.00016028732202740936 -4.2155549649536733e-05 -5.0581730955798448e-05 -0.00031431070091570974 -7.4414550629833731e-05
leaf_weight=901568 12990 682829 30109 336972 51721 27642 78821
leaf_count=901568 12990 682829 30109 336972 51721 27642 78821
internal_value=-5.47081e-07 1.0576e-05 -0.000147288 -6.71409e-06 3.97293e-05 -0.000234014 -9.27329e-05
internal_weight=2.12265e+06 1.97309e+06 149562 1.23854e+06 734550 57751 91811
internal_count=2122652 1973090 149562 1238540 734550 57751 91811
is_linear=0
shrinkage=0.00720685


Tree=42
num_leaves=8
num_cat=0
split_feature=9 19 25 7 18 23 13
split_gain=36.7466 22.754 15.2475 10.0785 7.4576 4.65678 4.53244
threshold=-1.4235630035400388 -0.39416518807411188 0.020871716551482681 0.32015465199947363 2.1213065385818486 0.45932954549789434 -1.0955832004547117
decision_type=10 8 8 2 10 10 8
left_child=4 3 -3 -2 6 -6 -1
right_child=1 2 -4 -5 5 -7 -8
leaf_value=-0.00015124808683719102 5.7178609650980483e-05 -3.4479231883068329e-05 1.5517471418271939e-05 -1.5495825640646482e-05 -0.00023207429420289284 -4.4619486867316964e-05 -5.4075241406931073e-05
leaf_weight=30792 533777 612224 656588 121710 27941 9134 130977
leaf_count=30792 533777 612224 656588 121710 27941 9134 130977
internal_value=-4.32422e-07 9.20553e-06 -8.6068e-06 4.36845e-05 -9.37028e-05 -0.000185895 -7.25726e-05
internal_weight=2.12314e+06 1.9243e+06 1.26881e+06 655487 198844 37075 161769
internal_count=2123143 1924299 1268812 655487 198844 37075 161769
is_linear=0
shrinkage=0.00720685


Tree=43
num_leaves=8
num_cat=0
split_feature=1 25 1 25 25 12 12
split_gain=66.8041 18.8866 11.4379 8.50061 8.14933 3.45513 2.0483
threshold=1.5361032485961916 0.12157805636525156 2.2772620916366582 1.4514194726943972 -2.4856865406036373 0.036683721467852599 0.70285364985466015
decision_type=2 10 2 10 8 10 10
left_child=1 4 5 -3 -1 -2 -4
right_child=2 3 6 -5 -6 -7 -8
leaf_value=9.7882223361000806e-05 -5.1080326905805261e-05 4.7341632311315225e-05 -0.00020871046612206082 -4.8117449454501923e-05 -8.7266459597340675e-06 -0.00014072950450174504 -0.00032243613700162028
leaf_weight=38428 31470 685575 15799 52135 1205130 76889 17185
leaf_count=38428 31470 685575 15799 52135 1205130 76889 17185
internal_value=9.06927e-07 1.17058e-05 -0.000150465 4.05953e-05 -5.43216e-06 -0.000114694 -0.000267971
internal_weight=2.12261e+06 1.98127e+06 141343 737710 1.24356e+06 108359 32984
internal_count=2122611 1981268 141343 737710 1243558 108359 32984
is_linear=0
shrinkage=0.00720685


Tree=44
num_leaves=8
num_cat=0
split_feature=0 0 19 0 4 12 9
split_gain=76.6948 22.2526 13.733 10.6691 7.19818 3.94675 3.22766
threshold=-1.9646075367927549 -0.034694317728281014 -0.34735704958438868 -4.10479712486267 -0.43240042030811304 -0.14906610548496244 -1.7520809173583982
decision_type=2 2 8 2 8 10 8
left_child=3 4 -3 6 -2 -5 -1
right_child=1 2 -4 5 -6 -7 -8
leaf_value=-0.00044120978106669935 -5.7501205558649777e-05 5.020218180097549e-05 5.2782887578156094e-06 -5.1952043669889163e-05 -5.424828085763337e-06 -0.00018443303560241697 -0.00026997428218518681
leaf_weight=8661 266038 586104 890285 14967 286127 53196 16852
leaf_count=8661 266038 586104 890285 14967 286127 53196 16852
internal_value=-7.95099e-07 8.515e-06 2.31124e-05 -0.000202404 -3.05158e-05 -0.000155345 -0.000328119
internal_weight=2.12223e+06 2.02855e+06 1.47639e+06 93676 552165 68163 25513
internal_count=2122230 2028554 1476389 93676 552165 68163 25513
is_linear=0
shrinkage=0.00720685


Tree=45
num_leaves=8
num_cat=0
split_feature=2 25 9 25 21 4 13
split_gain=38.0196 20.1 9.14262 8.95074 8.05353 7.91641 3.17369
threshold=-0.70526856184005726 0.0052638461347669372 -3.417449831962585 -2.4856865406036373 inf -1.2105899453163145 -1.2823163270950315
decision_type=2 10 8 8 8 8 10
left_child=2 3 6 -2 -3 -4 -1
right_child=1 4 5 -5 -6 -7 -8
leaf_value=-0.00038532320985531745 0.00010393805898744258 3.577455320006559e-05 -0.00012744058457871867 -1.750714352236212e-05 0.0007904897171835143 -4.2484181213089004e-05 -0.00016356225606765641
leaf_weight=5255 32847 937411 71099 779786 734 286622 9262
leaf_count=5255 32847 937411 71099 779786 734 286622 9262
internal_value=-4.237e-07 1.3639e-05 -6.65657e-05 -1.25981e-05 3.63659e-05 -5.93701e-05 -0.000243859
internal_weight=2.12302e+06 1.75078e+06 372238 812633 938145 357721 14517
internal_count=2123016 1750778 372238 812633 938145 357721 14517
is_linear=0
shrinkage=0.00720685


Tree=46
num_leaves=8
num_cat=0
split_feature=0 0 19 0 21 3 23
split_gain=73.2793 22.3213 17.2707 9.54833 9.28438 6.1983 4.28491
threshold=-0.87519490718841542 -3.6413378715515132 -0.34735704958438868 0.52732202410697948 inf 1.3767722249031069 -0.24741604924201963
decision_type=2 2 8 2 8 10 8
left_child=1 6 3 -2 -4 -3 -1
right_child=2 5 4 -5 -6 -7 -8
leaf_value=-0.0004066224425523242 2.3412572639677191e-05 -7.5436018727423801e-05 -3.3600212197576142e-06 7.8387471671838828e-05 0.00034069366760449028 -0.00019132125015596234 -0.00023514532212962994
leaf_weight=11446 469369 163878 1170624 252298 4087 28080 22367
leaf_count=11446 469369 163878 1170624 252298 4087 28080 22367
internal_value=2.71616e-07 -0.000122465 1.4884e-05 4.26322e-05 -2.16271e-06 -9.23889e-05 -0.000293202
internal_weight=2.12215e+06 225771 1.89638e+06 721667 1.17471e+06 191958 33813
internal_count=2122149 225771 1896378 721667 1174711 191958 33813
is_linear=0
shrinkage=0.00720685


Tree=47
num_leaves=8
num_cat=0
split_feature=0 0 0 19 6 9 2
split_gain=73.2314 18.426 15.3965 12.0271 10.5157 4.2653 3.54926
threshold=-1.4688943624496458 0.21622004359960559 -4.10479712486267 -0.26731593906879419 0.63033980131149303 -1.1964482665061948 -1.9735192060470579
decision_type=2 2 2 8 8 8 2
left_child=2 4 6 -3 -2 -4 -1
right_child=1 3 5 -5 -6 -7 -8
leaf_value=-0.0004198485546702474 3.686454263712976e-06 5.4565760077188943e-05 -0.00019421888194391248 7.1531941721100448e-06 -4.9377409123866782e-05 -9.6143680532712354e-05 -0.00024772129889872549
leaf_weight=11078 586875 543699 33013 568393 289725 76193 14212
leaf_count=11078 586875 543699 33013 568393 289725 76193 14212
internal_value=-1.50266e-07 1.08568e-05 -0.000162903 3.03331e-05 -1.38517e-05 -0.000125793 -0.000323134
internal_weight=2.12319e+06 1.98869e+06 134496 1.11209e+06 876600 109206 25290
internal_count=2123188 1988692 134496 1112092 876600 109206 25290
is_linear=0
shrinkage=0.00720685


Tree=48
num_leaves=8
num_cat=0
split_feature=0 0 19 25 7 2 2
split_gain=72.6804 18.8403 18.4479 12.9783 9.85059 5.61626 2.64789
threshold=-0.87519490718841542 -4.10479712486267 -0.34735704958438868 0.020871716551482681 0.42293176054954534 -1.173609137535095 -1.7502089738845823
decision_type=2 2 8 8 2 2 2
left_child=1 6 4 -4 -2 -3 -1
right_child=2 5 3 -5 -6 -7 -8
leaf_value=-0.0003829461676575286 5.4202807108974985e-05 -0.0001537374266523672 -2.8405081360665326e-05 1.951894795355377e-05 -1.9222577674522577e-05 -7.251252870454969e-05 -0.00023578925191328581
leaf_weight=12388 609360 65911 565192 610537 112403 134328 13050
leaf_count=12388 609360 65911 565192 610537 112403 134328 13050
internal_value=-4.54144e-07 -0.000122721 1.40876e-05 -3.51889e-06 4.27679e-05 -9.92494e-05 -0.000307465
internal_weight=2.12317e+06 225677 1.89749e+06 1.17573e+06 721763 200239 25438
internal_count=2123169 225677 1897492 1175729 721763 200239 25438
is_linear=0
shrinkage=0.00720685


Tree=49
num_leaves=8
num_cat=0
split_feature=0 25 0 7 21 6 13
split_gain=70.4666 17.7503 16.056 11.5321 8.95731 4.93119 2.28641
threshold=-1.2051043510437009 0.12157805636525156 -4.10479712486267 0.11755338311195375 inf 0.60909360647201549 -0.76863843202590931
decision_type=2 10 2 2 8 10 8
left_child=2 3 6 -2 -3 -4 -1
right_child=1 4 5 -5 -6 -7 -8
leaf_value=-0.00037023852321815641 1.129259375666904e-05 3.95000776035013e-05 -7.4143203246074876e-05 -3.5358100562223156e-05 0.00073648907218863875 -0.00015969952334807263 -0.00023312777824736951
leaf_weight=13986 812382 725838 79228 416237 958 62670 11537
leaf_count=13986 812382 725838 79228 416237 958 62670 11537
internal_value=3.8754e-08 1.21885e-05 -0.000141864 -4.51193e-06 4.04198e-05 -0.000111931 -0.000308273
internal_weight=2.12284e+06 1.95542e+06 167421 1.22862e+06 726796 141898 25523
internal_count=2122836 1955415 167421 1228619 726796 141898 25523
is_linear=0
shrinkage=0.00720685


Tree=50
num_leaves=8
num_cat=0
split_feature=0 19 7 0 21 9 23
split_gain=67.6973 18.0015 12.867 12.4094 9.54457 4.69175 3.69543
threshold=-1.4688943624496458 -0.18268100172281262 0.35922396183013922 -3.6413378715515132 inf -1.4235630035400388 -0.062760934233665452
decision_type=2 8 2 2 8 8 8
left_child=3 2 -2 6 -3 -5 -1
right_child=1 4 -4 5 -6 -7 -8
leaf_value=-0.00036219390137060188 4.38995192065693e-05 -1.340221315384195e-05 -2.102091660675455e-05 -0.00020139805644676015 0.000336729284455508 -8.7940164711390538e-05 -0.00021015482489051496
leaf_weight=14602 830495 955079 195981 25239 4060 75747 19266
leaf_count=14602 830495 955079 195981 25239 4060 75747 19266
internal_value=-8.34116e-08 1.05287e-05 3.15045e-05 -0.000156337 -1.19198e-05 -0.000116298 -0.000275715
internal_weight=2.12047e+06 1.98562e+06 1.02648e+06 134854 959139 100986 33868
internal_count=2120469 1985615 1026476 134854 959139 100986 33868
is_linear=0
shrinkage=0.00720685


Tree=51
num_leaves=8
num_cat=0
split_feature=0 0 7 0 3 3 9
split_gain=67.425 18.9058 12.8019 8.2478 6.74693 5.40518 3.96007
threshold=-0.87519490718841542 -3.243269562721252 0.38412760198116308 0.43276885151863104 0.85867813229560863 1.2321257591247561 -1.7520809173583982
decision_type=2 2 2 2 8 10 8
left_child=1 6 3 -2 -4 -3 -1
right_child=2 5 4 -5 -6 -7 -8
leaf_value=-0.00035979089227636545 8.4040999849099943e-06 -6.7270921196871847e-05 -5.5201535228701128e-06 4.2050192621090545e-05 -7.6035238829635715e-05 -0.00016590910887340552 -0.00020891539782413713
leaf_weight=13097 926515 147372 229584 639658 101690 35880 29166
leaf_count=13097 926515 147372 229584 639658 101690 35880 29166
internal_value=-4.65404e-07 -0.000118275 1.35365e-05 2.21459e-05 -2.71662e-05 -8.65848e-05 -0.000255678
internal_weight=2.12296e+06 225515 1.89745e+06 1.56617e+06 331274 183252 42263
internal_count=2122962 225515 1897447 1566173 331274 183252 42263
is_linear=0
shrinkage=0.00720685


Tree=52
num_leaves=8
num_cat=0
split_feature=0 19 0 21 0 9 23
split_gain=67.6974 18.6741 11.5006 10.4428 10.1127 4.76311 3.8635
threshold=-1.638232350349426 -0.39416518807411188 -4.10479712486267 inf 0.48607887327671057 -1.9262458682060239 -0.005975376581773161
decision_type=2 8 2 8 2 8 8
left_child=2 4 6 -3 -2 -4 -1
right_child=1 3 5 -5 -6 -7 -8
leaf_value=-0.00039988957755116998 1.8817567306176888e-05 -7.2374821732607271e-06 -0.00023903051020626398 0.00035463330719770345 7.6149255552787298e-05 -0.00010596867556352577 -0.00022163089112478741
leaf_weight=11675 425752 1318496 17132 4154 255811 75783 13768
leaf_count=11675 425752 1318496 17132 4154 255811 75783 13768
internal_value=-1.99923e-07 9.6908e-06 -0.000167683 -6.1007e-06 4.0336e-05 -0.000130506 -0.000303441
internal_weight=2.12257e+06 2.00421e+06 118358 1.32265e+06 681563 92915 25443
internal_count=2122571 2004213 118358 1322650 681563 92915 25443
is_linear=0
shrinkage=0.00720685


Tree=53
num_leaves=8
num_cat=0
split_feature=0 0 19 8 21 23 23
split_gain=65.6531 17.9014 16.5564 7.93115 7.35122 5.04177 4.37764
threshold=-0.87519490718841542 -3.243269562721252 -0.38961678743362421 0.22528838366270068 inf -0.93449792265892018 -0.24741604924201963
decision_type=2 2 8 10 8 8 8
left_child=1 6 3 -2 -4 -3 -1
right_child=2 5 4 -5 -6 -7 -8
leaf_value=-0.00035272678064661152 2.8975063908773753e-05 -0.00020316482829647729 -2.6980238987798903e-06 8.7643245412634524e-05 0.0003040188444363535 -7.3235089310352909e-05 -0.00019762474838176482
leaf_weight=14222 497445 17107 1237369 157597 4071 166314 28198
leaf_count=14222 497445 17107 1237369 157597 4071 166314 28198
internal_value=-5.65669e-08 -0.000116212 1.37757e-05 4.30902e-05 -1.69197e-06 -8.53543e-05 -0.000249633
internal_weight=2.12232e+06 225841 1.89648e+06 655042 1.24144e+06 183421 42420
internal_count=2122323 225841 1896482 655042 1241440 183421 42420
is_linear=0
shrinkage=0.00720685


Tree=54
num_leaves=8
num_cat=0
split_feature=0 25 0 19 25 6 2
split_gain=65.2938 17.2211 15.3696 12.7006 7.83744 5.28982 3.18511
threshold=-1.2051043510437009 0.12157805636525156 -4.10479712486267 -0.223754808306694 1.4514194726943972 0.55774036049842846 -1.3703733086585996
decision_type=2 10 2 8 8 10 2
left_child=2 3 6 -2 -3 -4 -1
right_child=1 4 5 -5 -6 -7 -8
leaf_value=-0.00037032978056006165 1.9819744764083478e-05 4.5591448659750767e-05 -6.705406958905377e-05 -2.664929256976378e-05 -4.6888525946830503e-05 -0.00015542577580114815 -0.00020670741162517631
leaf_weight=14560 567895 675628 75896 661111 51202 65585 10745
leaf_count=14560 567895 675628 75896 661111 51202 65585 10745
internal_value=-4.03831e-07 1.12685e-05 -0.000137281 -5.17701e-06 3.90766e-05 -0.000108021 -0.000300864
internal_weight=2.12262e+06 1.95584e+06 166786 1.22901e+06 726830 141481 25305
internal_count=2122622 1955836 166786 1229006 726830 141481 25305
is_linear=0
shrinkage=0.00720685


Tree=55
num_leaves=8
num_cat=0
split_feature=0 0 25 19 2 9 23
split_gain=65.4638 18.1316 17.1593 10.5032 7.27256 5.37756 4.26949
threshold=-0.87519490718841542 -3.6413378715515132 0.020871716551482681 -0.38479678332805628 -0.10646773874759673 -1.0519691705703733 -0.24741604924201963
decision_type=2 2 10 8 2 8 8
left_child=1 6 3 -2 -4 -3 -1
right_child=2 5 4 -5 -6 -7 -8
leaf_value=-0.00038364756231888615 2.5866040722930503e-05 -0.00014894954603496757 8.0058328847024706e-06 -2.5700648519079372e-05 4.9307520474959309e-05 -6.4709758137180645e-05 -0.00021219480250720288
leaf_weight=11412 308028 55307 340177 614244 634371 136506 22274
leaf_count=11412 308028 55307 340177 614244 634371 136506 22274
internal_value=3.31419e-09 -0.000116083 1.3804e-05 -8.47794e-06 3.48907e-05 -8.9e-05 -0.000270289
internal_weight=2.12232e+06 225499 1.89682e+06 922272 974548 191813 33686
internal_count=2122319 225499 1896820 922272 974548 191813 33686
is_linear=0
shrinkage=0.00720685


Tree=56
num_leaves=8
num_cat=0
split_feature=0 0 0 7 7 9 9
split_gain=61.9686 18.3678 10.8026 7.23981 5.90566 4.78705 2.87497
threshold=-1.7356756329536436 -0.034694317728281014 -4.10479712486267 0.36724288761615759 0.60091823339462291 -1.7520809173583982 -3.0991424322128291
decision_type=2 2 2 2 2 8 8
left_child=2 4 6 -3 -2 -4 -1
right_child=1 3 5 -5 -6 -7 -8
leaf_value=-0.00046575114784191425 -1.6306816311208326e-05 2.9238831419689118e-05 -0.00023216478692810447 -1.3949126619050451e-05 -8.0302462127383037e-05 -9.9496364435196062e-05 -0.00026231618308269485
leaf_weight=4363 445833 1236519 17929 240871 90018 66613 20909
leaf_count=4363 445833 1236519 17929 240871 90018 66613 20909
internal_value=-5.95117e-09 9.08758e-06 -0.000166718 2.21975e-05 -2.70577e-05 -0.000127634 -0.000297455
internal_weight=2.12306e+06 2.01324e+06 109814 1.47739e+06 535851 84542 25272
internal_count=2123055 2013241 109814 1477390 535851 84542 25272
is_linear=0
shrinkage=0.00720685


Tree=57
num_leaves=8
num_cat=0
split_feature=1 25 1 25 21 2 9
split_gain=55.9753 17.0264 12.428 8.95441 7.64262 6.99656 4.17175
threshold=1.2959042191505434 0.018343983218073848 2.0245063304901127 -2.4856865406036373 inf -1.9735192060470579 -1.3738065361976621
decision_type=2 10 2 8 8 2 8
left_child=1 3 6 -1 -3 -4 -2
right_child=2 4 5 -5 -6 -7 -8
leaf_value=0.00010109495754139903 -0.00014935885201523827 3.255380877698449e-05 -0.00031723122686000275 -1.4201912972011998e-05 0.00054499570472798641 -0.00014726805206798964 -5.7275632445716643e-05
leaf_weight=36421 32669 991123 18513 887300 1513 39261 117330
leaf_count=36421 32669 991123 18513 887300 1513 39261 117330
internal_value=4.31046e-07 1.26128e-05 -0.000111925 -9.6558e-06 3.33354e-05 -0.000201735 -7.73319e-05
internal_weight=2.12413e+06 1.91636e+06 207773 923721 992636 57774 149999
internal_count=2124130 1916357 207773 923721 992636 57774 149999
is_linear=0
shrinkage=0.00720685


Tree=58
num_leaves=8
num_cat=0
split_feature=0 25 19 0 25 3 2
split_gain=61.1332 17.506 12.9065 11.8102 8.98619 4.09843 3.63111
threshold=-1.4688943624496458 0.12157805636525156 -0.223754808306694 -3.6413378715515132 1.4514194726943972 1.3767722249031069 -1.6236293911933897
decision_type=2 10 8 2 8 10 2
left_child=3 2 -2 6 -3 -5 -1
right_child=1 4 -4 5 -6 -7 -8
leaf_value=-0.00034234637313002155 1.9131697578991513e-05 4.5253208709052328e-05 -2.7341313165571723e-05 -8.9898777911378392e-05 -5.2785338935178789e-05 -0.00021912492139669634 -0.00019281107488374293
leaf_weight=16275 575560 686773 673671 85689 52253 14975 17520
leaf_count=16275 575560 686773 673671 85689 52253 14975 17520
internal_value=4.6048e-07 1.05182e-05 -5.92972e-06 -0.000148262 3.83213e-05 -0.000109125 -0.000264833
internal_weight=2.12272e+06 1.98826e+06 1.24923e+06 134459 739026 100664 33795
internal_count=2122716 1988257 1249231 134459 739026 100664 33795
is_linear=0
shrinkage=0.00720685


Tree=59
num_leaves=8
num_cat=0
split_feature=0 0 19 3 6 6 0
split_gain=62.0166 18.3026 16.5511 8.06134 7.03764 5.18996 4.33495
threshold=-0.87519490718841542 -2.9349067211151119 -0.39416518807411188 0.95384618639945995 0.61910679936409008 0.89221933484077465 -4.5973563194274893
decision_type=2 2 8 8 8 10 2
left_child=1 6 3 -2 -4 -3 -1
right_child=2 5 4 -5 -6 -7 -8
leaf_value=-0.00032891403298113456 5.3231140339905914e-05 -5.2290433725851074e-05 7.5517288297604885e-06 -1.7514775909028002e-05 -3.1765826772608436e-05 -0.00013713339599753828 -0.00018721520929960894
leaf_weight=16841 549540 120377 932308 98676 316799 54359 33582
leaf_count=16841 549540 120377 932308 98676 316799 54359 33582
internal_value=-5.06259e-07 -0.000113591 1.29137e-05 4.24616e-05 -2.42e-06 -7.86852e-05 -0.000234548
internal_weight=2.12248e+06 225159 1.89732e+06 648216 1.24911e+06 174736 50423
internal_count=2122482 225159 1897323 648216 1249107 174736 50423
is_linear=0
shrinkage=0.00720685


Tree=60
num_leaves=8
num_cat=0
split_feature=2 19 21 23 9 7 18
split_gain=33.1844 19.0451 9.59019 9.39539 8.63573 6.09986 4.54206
threshold=-0.70526856184005726 -0.34735704958438868 inf -0.23537666350603101 -1.4235630035400388 -0.15115071088075635 2.2122844457626347
decision_type=2 8 8 10 10 2 10
left_child=3 4 -3 5 -2 -1 -5
right_child=1 2 -4 6 -6 -7 -8
leaf_value=-8.7057990095921496e-06 -6.1841936473137419e-05 -6.2225058491582373e-06 0.00052802492137215998 -2.1430820550207818e-05 5.0173047751404328e-05 -0.00012437853806174576 -0.00015503203920024016
leaf_weight=28886 37934 1091532 1747 197461 619726 131350 14164
leaf_count=28886 37934 1091532 1747 197461 619726 131350 14164
internal_value=-6.5048e-08 1.30664e-05 -5.36833e-06 -6.18955e-05 4.37119e-05 -0.000103526 -3.03735e-05
internal_weight=2.1228e+06 1.75094e+06 1.09328e+06 371861 657660 160236 211625
internal_count=2122800 1750939 1093279 371861 657660 160236 211625
is_linear=0
shrinkage=0.00720685


Tree=61
num_leaves=8
num_cat=0
split_feature=0 0 0 12 9 18 23
split_gain=60.5811 17.2441 13.0965 8.00935 5.15111 3.74668 3.68157
threshold=-0.91505643725395192 -3.6413378715515132 0.37620092928409582 0.40804804861545568 -1.4235630035400388 1.6987728476524355 -0.24741604924201963
decision_type=2 2 2 8 8 8 8
left_child=1 6 3 -2 -3 -4 -1
right_child=2 4 5 -5 -6 -7 -8
leaf_value=-0.00036939187079713904 1.2353245474586157e-05 -0.00015890109532842961 3.6471837316974487e-05 -2.7933090451439692e-05 -6.6199379685208628e-05 -0.00010376709445701453 -0.000210048775645779
leaf_weight=11353 657215 39787 816827 420186 143142 10015 22394
leaf_count=11353 657215 39787 816827 420186 143142 10015 22394
internal_value=2.06035e-07 -0.000113978 1.31987e-05 -3.3584e-06 -8.63628e-05 3.47731e-05 -0.000263664
internal_weight=2.12092e+06 216676 1.90424e+06 1.0774e+06 182929 826842 33747
internal_count=2120919 216676 1904243 1077401 182929 826842 33747
is_linear=0
shrinkage=0.00720685


Tree=62
num_leaves=8
num_cat=0
split_feature=2 25 19 19 23 2 12
split_gain=32.3619 19.7977 11.7328 7.93621 7.57246 3.55391 3.49924
threshold=-1.173609137535095 0.0052638461347669372 -0.38479678332805628 -0.27227820456027979 -0.017183207906782624 -2.424636602401733 0.63989093899726879
decision_type=2 10 8 8 10 2 8
left_child=4 2 -2 -3 5 -1 -6
right_child=1 3 -4 -5 6 -7 -8
leaf_value=-0.00019100208556179179 2.2010939392276601e-05 5.2952729218858783e-05 -3.3698192227914022e-05 1.2690581281579825e-05 -1.084738910170821e-06 -9.9816668502536498e-05 -9.6044733494370511e-05
leaf_weight=29316 292753 469045 596302 555345 57711 91484 30971
leaf_count=29316 292753 469045 596302 555345 57711 91484 30971
internal_value=2.19363e-07 9.52962e-06 -1.53539e-05 3.11258e-05 -8.48217e-05 -0.000121947 -3.42492e-05
internal_weight=2.12293e+06 1.91344e+06 889055 1.02439e+06 209482 120800 88682
internal_count=2122927 1913445 889055 1024390 209482 120800 88682
is_linear=0
shrinkage=0.00720685


Tree=63
num_leaves=8
num_cat=0
split_feature=1 25 1 6 21 2 6
split_gain=56.2622 17.3934 12.2547 9.66079 9.02361 7.76269 3.26272
threshold=1.3789675235748293 0.12157805636525156 2.0245063304901127 0.58813875913620006 inf -1.244253873825073 0.67224088311195385
decision_type=2 10 2 8 8 2 10
left_child=1 3 6 -1 -3 -4 -2
right_child=2 4 5 -5 -6 -7 -8
leaf_value=7.612815667173089e-06 -4.9820399055137351e-05 3.8994040655688939e-05 -0.00029334671774648485 -3.8098696942367214e-05 0.00074371697039011403 -0.00012615145243478697 -0.00012488796734650399
leaf_weight=890102 74094 721056 28019 328850 944 29729 50619
leaf_count=890102 74094 721056 28019 328850 944 29729 50619
internal_value=5.10366e-07 1.18844e-05 -0.000120482 -4.71928e-06 3.99165e-05 -0.000207278 -8.029e-05
internal_weight=2.12341e+06 1.94095e+06 182461 1.21895e+06 722000 57748 124713
internal_count=2123413 1940952 182461 1218952 722000 57748 124713
is_linear=0
shrinkage=0.00720685


Tree=64
num_leaves=8
num_cat=0
split_feature=0 0 25 6 2 3 9
split_gain=59.8774 17.1118 15.3904 8.47039 7.45137 5.47392 3.82732
threshold=-0.83629405498504628 -3.243269562721252 0.018343983218073848 0.64083570241928112 -0.12340658530592917 1.1799085140228274 -1.7520809173583982
decision_type=2 2 10 8 2 10 8
left_child=1 6 3 -2 -4 -3 -1
right_child=2 5 4 -5 -6 -7 -8
leaf_value=-0.0003415240181075001 5.3450486528131334e-06 -5.9072822725980116e-05 6.0934348687806999e-06 -4.5513686618546947e-05 4.8118573223189295e-05 -0.00015278382588136086 -0.0001932930337409476
leaf_weight=13102 684814 151166 331442 226284 646709 41199 29258
leaf_count=13102 684814 151166 331442 226284 646709 41199 29258
internal_value=5.38873e-07 -0.00010802 1.40266e-05 -7.28644e-06 3.38786e-05 -7.91438e-05 -0.000239148
internal_weight=2.12397e+06 234725 1.88925e+06 911098 978151 192365 42360
internal_count=2123974 234725 1889249 911098 978151 192365 42360
is_linear=0
shrinkage=0.00720685


Tree=65
num_leaves=8
num_cat=0
split_feature=0 0 19 4 21 6 9
split_gain=58.4597 17.8263 15.919 9.09847 9.01173 5.15096 5.13002
threshold=-0.87519490718841542 -2.9349067211151119 -0.34735704958438868 -0.95104682445526112 inf 0.8789382576942445 -2.2851536273956294
decision_type=2 2 8 10 8 10 8
left_child=1 6 3 -2 -4 -3 -1
right_child=2 5 4 -5 -6 -7 -8
leaf_value=-0.00036605799648685487 -2.2122582761123821e-05 -4.8384715678266144e-05 -4.2953019563862971e-06 5.042469383908647e-05 0.00033141134389988837 -0.00013231173435490989 -0.00019037117152042053
leaf_weight=11063 105059 119272 1171054 617658 4167 55730 39319
leaf_count=11063 105059 119272 1171054 617658 4167 55730 39319
internal_value=2.3168e-07 -0.000109503 1.3263e-05 3.98787e-05 -3.10469e-06 -7.51123e-05 -0.000228956
internal_weight=2.12332e+06 225384 1.89794e+06 722717 1.17522e+06 175002 50382
internal_count=2123322 225384 1897938 722717 1175221 175002 50382
is_linear=0
shrinkage=0.00720685


Tree=66
num_leaves=8
num_cat=0
split_feature=1 7 9 23 15 2 1
split_gain=55.2209 11.9996 11.3023 6.25557 6.17605 5.95839 3.91195
threshold=1.3789675235748293 0.46444807946681982 -2.0320450067520137 -0.14261110126972196 0.19293228536844256 -1.5122299790382383 1.9583507776260378
decision_type=2 2 8 8 2 2 2
left_child=1 4 6 -3 -1 -4 -2
right_child=2 3 5 -5 -6 -7 -8
leaf_value=8.518490041238386e-06 -0.00016637617267252199 -6.880489193931917e-05 -0.00017098737562453012 -7.4312376139766919e-07 3.7381453053458309e-05 -6.7981991280657858e-05 -0.00033201614194784538
leaf_weight=1049475 14980 128570 39275 154326 608205 113348 14654
leaf_count=1049475 14980 128570 39275 154326 608205 113348 14654
internal_value=4.40412e-07 1.17051e-05 -0.000119499 -3.16759e-05 1.91084e-05 -9.44898e-05 -0.000248294
internal_weight=2.12283e+06 1.94058e+06 182257 282896 1.65768e+06 152623 29634
internal_count=2122833 1940576 182257 282896 1657680 152623 29634
is_linear=0
shrinkage=0.00720685


Tree=67
num_leaves=8
num_cat=0
split_feature=0 0 19 4 6 6 2
split_gain=57.2174 16.755 16.6283 8.95992 6.19842 5.23495 4.27029
threshold=-0.83629405498504628 -3.243269562721252 -0.38961678743362421 -0.98745867609977711 0.64083570241928112 0.8789382576942445 -1.6236293911933897
decision_type=2 2 8 10 8 10 2
left_child=1 6 3 -2 -4 -3 -1
right_child=2 5 4 -5 -6 -7 -8
leaf_value=-0.00031397068073316879 -2.4757607058990821e-05 -5.1335320369782266e-05 7.4531017477964324e-06 5.3733290321799914e-05 -3.01463786053402e-05 -0.00013212073176720624 -0.00016842632872751093
leaf_weight=19494 87180 130813 932170 565526 301338 61133 22631
leaf_count=19494 87180 130813 932170 565526 301338 61133 22631
internal_value=6.44864e-07 -0.000105631 1.38333e-05 4.32494e-05 -1.7322e-06 -7.70654e-05 -0.000235785
internal_weight=2.12028e+06 234071 1.88621e+06 652706 1.23351e+06 191946 42125
internal_count=2120285 234071 1886214 652706 1233508 191946 42125
is_linear=0
shrinkage=0.00720685


Tree=68
num_leaves=8
num_cat=0
split_feature=0 0 19 21 9 0 23
split_gain=53.4247 18.7766 10.8209 8.89895 6.90872 3.32531 3.02873
threshold=-2.1067075729370113 0.24051436036825183 -0.34735704958438868 inf -1.7520809173583982 -4.5973563194274893 0.074907265603542342
decision_type=2 2 8 8 8 2 8
left_child=4 3 -3 -2 6 -6 -1
right_child=1 2 -4 -5 5 -7 -8
leaf_value=-0.00035697088372006161 -1.7411638805952773e-05 5.4675618802989739e-05 8.2544466928727062e-06 0.00031516508139208861 -0.00025360718017657601 -0.00011499405572277229 -0.00018488067406689795
leaf_weight=13115 963447 451291 617906 4196 10870 51970 8935
leaf_count=13115 963447 451291 617906 4196 10870 51970 8935
internal_value=-3.5101e-07 7.03182e-06 2.78481e-05 -1.59692e-05 -0.000177492 -0.000138975 -0.000287249
internal_weight=2.12173e+06 2.03684e+06 1.0692e+06 967643 84890 62840 22050
internal_count=2121730 2036840 1069197 967643 84890 62840 22050
is_linear=0
shrinkage=0.00720685


Tree=69
num_leaves=8
num_cat=0
split_feature=7 19 25 10 23 23 8
split_gain=24.8787 19.4537 11.8474 9.45754 8.1413 6.25915 3.20354
threshold=0.38412760198116308 -0.17359388619661328 0.17848732322454455 -1.1144298315048216 -1.0706822872161863 -0.1535188555717468 -0.65265291929244984
decision_type=2 8 10 8 10 10 10
left_child=1 4 -3 6 -1 -5 -2
right_child=3 2 -4 5 -6 -7 -8
leaf_value=-3.9316721760684247e-05 -0.00021059596502102788 -2.9385490943514362e-05 3.209636091108523e-05 -6.8110948909742052e-05 4.2100456399572222e-05 -5.869839196768438e-06 -9.828241824958318e-05
leaf_weight=69155 17894 602453 223059 156287 822100 181226 50197
leaf_count=69155 17894 602453 223059 156287 822100 181226 50197
internal_value=4.41415e-07 1.24349e-05 -1.27726e-05 -5.03222e-05 3.5783e-05 -3.46911e-05 -0.000127801
internal_weight=2.12237e+06 1.71677e+06 825512 405604 891255 337513 68091
internal_count=2122371 1716767 825512 405604 891255 337513 68091
is_linear=0
shrinkage=0.00720685


Tree=70
num_leaves=8
num_cat=0
split_feature=0 25 0 25 11 9 23
split_gain=56.1836 14.9338 11.738 8.04943 7.66002 5.62281 3.48201
threshold=-1.2051043510437009 0.0052638461347669372 -4.10479712486267 -2.4856865406036373 1.2053330540657046 -1.4235630035400388 -0.056862851604819291
decision_type=2 10 2 8 10 8 8
left_child=2 3 6 -2 -3 -4 -1
right_child=1 4 5 -5 -6 -7 -8
leaf_value=-0.00036707806580419761 9.2207865336776904e-05 3.4691622194003164e-05 -0.00018226830969900369 -1.557566204617017e-05 -3.6220254157428131e-05 -7.6190278926538727e-05 -0.0001966181552404385
leaf_weight=10938 37542 960693 34213 868556 86219 107516 14455
leaf_count=10938 37542 960693 34213 868556 86219 107516 14455
internal_value=-5.41079e-07 1.03115e-05 -0.000127365 -1.11098e-05 2.88516e-05 -0.000101798 -0.000270055
internal_weight=2.12013e+06 1.95301e+06 167122 906098 1.04691e+06 141729 25393
internal_count=2120132 1953010 167122 906098 1046912 141729 25393
is_linear=0
shrinkage=0.00720685


Tree=71
num_leaves=8
num_cat=0
split_feature=0 0 19 0 6 9 23
split_gain=52.0642 15.6085 9.36862 9.0619 8.77017 4.31043 2.65803
threshold=-1.4688943624496458 0.23097188770771029 -0.26731593906879419 -4.5973563194274893 0.63033980131149303 -1.0848562121391294 -0.25330030918121332
decision_type=2 2 8 2 8 8 8
left_child=3 4 -3 6 -2 -5 -1
right_child=1 2 -4 5 -6 -7 -8
leaf_value=-0.00042015658569998383 2.9214677564367338e-06 4.9393219919171998e-05 7.0653548639896949e-06 -0.00017602140438253608 -4.5029046486680972e-05 -8.3621461897648891e-05 -0.00022876149436997715
leaf_weight=5655 606242 533006 553753 39352 294278 78606 11317
leaf_count=5655 606242 533006 553753 39352 294278 78606 11317
internal_value=1.38374e-07 9.43976e-06 2.78253e-05 -0.000136853 -1.27481e-05 -0.000114448 -0.000292555
internal_weight=2.12221e+06 1.98728e+06 1.08676e+06 134930 900520 117958 16972
internal_count=2122209 1987279 1086759 134930 900520 117958 16972
is_linear=0
shrinkage=0.00720685


Tree=72
num_leaves=8
num_cat=0
split_feature=1 25 19 1 25 7 6
split_gain=49.392 16.7323 11.9487 10.9762 7.39653 4.91566 3.63171
threshold=1.3789675235748293 0.12157805636525156 -0.21898762881755826 2.0245063304901127 1.4514194726943972 0.29238362610340124 0.89221933484077465
decision_type=2 10 8 2 8 2 10
left_child=1 2 -1 6 -3 -5 -2
right_child=3 4 -4 5 -6 -7 -8
leaf_value=1.8199652006216097e-05 -4.951224914716689e-05 4.4299460304218269e-05 -2.7024398431738439e-05 -0.00013179046972596262 -4.6211650358331583e-05 -0.00026483775623059109 -0.00013376377925817842
leaf_weight=571920 86289 671926 646385 30075 50411 27722 38400
leaf_count=571920 86289 671926 646385 30075 50411 27722 38400
internal_value=-1.59196e-07 1.05001e-05 -5.79444e-06 -0.000113515 3.79827e-05 -0.00019561 -7.54599e-05
internal_weight=2.12313e+06 1.94064e+06 1.2183e+06 182486 722337 57797 124689
internal_count=2123128 1940642 1218305 182486 722337 57797 124689
is_linear=0
shrinkage=0.00720685


Tree=73
num_leaves=8
num_cat=0
split_feature=0 19 0 7 21 3 23
split_gain=50.28 15.6872 14.39 9.14472 7.06203 5.27138 3.44979
threshold=-0.87519490718841542 -0.34735704958438868 -4.10479712486267 0.42293176054954534 inf 1.2146248221397402 -0.005975376581773161
decision_type=2 8 2 2 8 8 8
left_child=2 3 6 -2 -3 -4 -1
right_child=1 4 5 -5 -6 -7 -8
leaf_value=-0.00035562356715523056 4.964016013441226e-05 -5.110975835715639e-06 -6.2603912263971487e-05 -2.115034948650056e-05 0.00029397047289360731 -0.00015456712122712809 -0.00018629759816032624
leaf_weight=11548 609200 1171393 160154 112240 4114 40576 13631
leaf_count=11548 609200 1171393 160154 112240 4114 40576 13631
internal_value=6.81213e-08 1.2172e-05 -0.000101567 3.86267e-05 -4.064e-06 -8.11943e-05 -0.000263968
internal_weight=2.12286e+06 1.89695e+06 225909 721440 1.17551e+06 200730 25179
internal_count=2122856 1896947 225909 721440 1175507 200730 25179
is_linear=0
shrinkage=0.00720685


Tree=74
num_leaves=8
num_cat=0
split_feature=1 25 9 19 25 1 7
split_gain=46.1488 15.8205 10.2925 9.64003 7.08758 4.6883 4.43871
threshold=1.3789675235748293 0.055117482319474227 -1.4235630035400388 -0.17359388619661328 1.4514194726943972 2.0245063304901127 -0.32351465523242945
decision_type=2 10 8 8 10 2 2
left_child=1 3 5 -1 -3 -2 -4
right_child=2 4 6 -5 -6 -7 -8
leaf_value=1.2929154863012423e-05 -0.00014251667817595669 3.7522688087415494e-05 7.9527661186131879e-06 -3.088199458895509e-05 -5.0206025780122788e-05 -0.00029107466942039162 -9.7810654016707382e-05
leaf_weight=528139 27013 846214 25287 515435 50695 18657 111415
leaf_count=528139 27013 846214 25287 515435 50695 18657 111415
internal_value=6.60919e-08 1.03674e-05 -0.000109541 -8.70973e-06 3.2564e-05 -0.000203211 -7.82465e-05
internal_weight=2.12286e+06 1.94048e+06 182372 1.04357e+06 896909 45670 136702
internal_count=2122855 1940483 182372 1043574 896909 45670 136702
is_linear=0
shrinkage=0.00720685


Tree=75
num_leaves=8
num_cat=0
split_feature=1 25 2 25 2 1 4
split_gain=47.8057 15.1478 9.72132 8.26577 7.58302 5.8788 3.79219
threshold=1.3789675235748293 0.047137379646301276 -1.3703733086585996 -2.4856865406036373 -0.37048082053661341 2.2772620916366582 0.40054312348365789
decision_type=2 10 2 8 2 2 8
left_child=1 3 5 -1 -3 -2 -4
right_child=2 4 6 -5 -6 -7 -8
leaf_value=9.6169029560994041e-05 -0.00014324146105140783 -5.7740346558935852e-06 -9.6981703749420039e-05 -1.3010556850468681e-05 4.2851541023183285e-05 -0.00030308060536942544 -1.9065254709132793e-06
leaf_weight=37384 44029 218414 93739 983290 701773 16406 28389
leaf_count=37384 44029 218414 93739 983290 701773 16406 28389
internal_value=-3.82275e-07 1.01053e-05 -0.000111878 -9.01155e-06 3.13098e-05 -0.000186637 -7.48816e-05
internal_weight=2.12342e+06 1.94086e+06 182563 1.02067e+06 920187 60435 122128
internal_count=2123424 1940861 182563 1020674 920187 60435 122128
is_linear=0
shrinkage=0.00720685


Tree=76
num_leaves=8
num_cat=0
split_feature=9 19 25 3 3 18 12
split_gain=26.4807 18.4769 12.1326 9.57842 8.08857 6.7325 3.04101
threshold=-1.4235630035400388 -0.39416518807411188 0.0052638461347669372 0.94140356779098522 1.2146248221397402 1.6987728476524355 0.53744542598724376
decision_type=10 8 8 8 10 10 10
left_child=4 3 -3 -2 5 -1 -6
right_child=1 2 -4 -5 6 -7 -8
leaf_value=-3.2213697172108887e-05 5.0928756142651867e-05 -3.2618680510887169e-05 1.2136331633601345e-05 -2.3511578190595417e-05 -0.00010846753794675958 -0.00013229433902138074 -0.00025906624321180753
leaf_weight=121601 548817 580486 686848 107335 12469 48971 15782
leaf_count=121601 548817 580486 686848 107335 12469 48971 15782
internal_value=-4.75596e-07 7.70895e-06 -8.36311e-06 3.87516e-05 -7.96556e-05 -6.09474e-05 -0.000192604
internal_weight=2.12231e+06 1.92349e+06 1.26733e+06 656152 198823 170572 28251
internal_count=2122309 1923486 1267334 656152 198823 170572 28251
is_linear=0
shrinkage=0.00720685


Tree=77
num_leaves=8
num_cat=0
split_feature=1 25 19 2 25 1 25
split_gain=47.1044 16.5555 11.0464 9.84411 7.54281 5.05954 3.01674
threshold=1.573042690753937 0.12157805636525156 -0.17359388619661328 -1.3703733086585996 1.4514194726943972 2.2772620916366582 0.071818482130765929
decision_type=2 10 8 2 10 2 8
left_child=1 2 -1 5 -3 -2 -5
right_child=3 4 -4 6 -6 -7 -8
leaf_value=1.33929439113155e-05 -0.00016135258716866644 4.1564815211759924e-05 -2.9487118867384954e-05 -0.00012913876301709213 -4.8162591495548746e-05 -0.00031702963913179542 -4.280865426653603e-05
leaf_weight=631843 32388 688460 616477 40878 52360 16304 43289
leaf_count=631843 32388 688460 616477 40878 52360 16304 43289
internal_value=-5.41707e-07 8.23369e-06 -7.78316e-06 -0.000131925 3.52229e-05 -0.000213485 -8.47385e-05
internal_weight=2.122e+06 1.98914e+06 1.24832e+06 132859 740820 48692 84167
internal_count=2121999 1989140 1248320 132859 740820 48692 84167
is_linear=0
shrinkage=0.00720685


Tree=78
num_leaves=8
num_cat=0
split_feature=0 0 25 6 25 6 23
split_gain=49.6416 15.2884 14.5475 8.97478 7.32934 4.71688 3.69018
threshold=-0.83629405498504628 -3.6413378715515132 0.12157805636525156 0.64083570241928112 1.4514194726943972 0.8789382576942445 0.074907265603542342
decision_type=2 2 10 8 10 10 8
left_child=1 6 3 -2 -4 -3 -1
right_child=2 5 4 -5 -6 -7 -8
leaf_value=-0.00031555841491873041 8.7566334954545638e-06 -5.0572778161540199e-05 4.5154840220885755e-05 -3.7200742613657352e-05 -4.656508656019117e-05 -0.00012546507677525866 -0.00016499030674091796
leaf_weight=16862 893307 136977 653037 293118 48619 64130 16965
leaf_count=16862 893307 136977 653037 293118 48619 64130 16965
internal_value=4.93553e-07 -9.82999e-05 1.27865e-05 -2.59759e-06 3.87993e-05 -7.44554e-05 -0.000240053
internal_weight=2.12302e+06 234934 1.88808e+06 1.18642e+06 701656 201107 33827
internal_count=2123015 234934 1888081 1186425 701656 201107 33827
is_linear=0
shrinkage=0.00720685


Tree=79
num_leaves=8
num_cat=0
split_feature=1 25 1 19 2 2 23
split_gain=44.7904 15.114 11.8346 9.29013 6.98451 5.68949 3.9052
threshold=1.2959042191505434 0.055117482319474227 2.0245063304901127 -0.21898762881755826 -0.10646773874759673 -1.9735192060470579 -0.63424754142761219
decision_type=2 10 2 8 2 2 8
left_child=1 3 6 -1 -3 -4 -2
right_child=2 4 5 -5 -6 -7 -8
leaf_value=1.506604087060517e-05 -0.00015046964726853291 5.1793065646563982e-06 -0.00029190824767279548 -2.8324484087470883e-05 4.7542599985395107e-05 -0.00013895151084413284 -5.0590534181261679e-05
leaf_weight=482432 24257 312050 18592 546720 573894 39405 125665
leaf_count=482432 24257 312050 18592 546720 573894 39405 125665
internal_value=-1.06987e-07 1.08002e-05 -0.000100571 -7.98444e-06 3.26213e-05 -0.000187989 -6.67517e-05
internal_weight=2.12302e+06 1.9151e+06 207919 1.02915e+06 885944 57997 149922
internal_count=2123015 1915096 207919 1029152 885944 57997 149922
is_linear=0
shrinkage=0.00720685


Tree=80
num_leaves=8
num_cat=0
split_feature=0 0 19 3 0 9 2
split_gain=50.8069 16.3966 11.2987 7.7475 7.23458 3.85676 2.01457
threshold=-1.9646075367927549 -0.058474967256188386 -0.34735704958438868 1.0000000180025095e-35 -4.5973563194274893 -1.4235630035400388 -2.5849376916885372
decision_type=2 2 8 8 2 8 2
left_child=4 3 -3 -2 6 -6 -1
right_child=1 2 -4 -5 5 -7 -8
leaf_value=-0.00040777495659310168 1.110177433933331e-05 4.4588591674287466e-05 4.1688620661160031e-06 -4.6848276568564385e-05 -0.00021517009992402572 -0.00010180392007048638 -0.00024196231383530767
leaf_weight=5812 184294 594082 908491 342525 21823 54556 11051
leaf_count=5812 184294 594082 908491 342525 21823 54556 11051
internal_value=4.62338e-07 8.02012e-06 2.01499e-05 -2.65759e-05 -0.000164029 -0.000134197 -0.000299132
internal_weight=2.12263e+06 2.02939e+06 1.50257e+06 526819 93242 76379 16863
internal_count=2122634 2029392 1502573 526819 93242 76379 16863
is_linear=0
shrinkage=0.00720685


Tree=81
num_leaves=8
num_cat=0
split_feature=2 25 23 25 8 25 8
split_gain=26.8914 16.4726 10.9524 7.45505 6.48071 6.25242 2.88407
threshold=-0.70526856184005726 0.080251466482877745 -0.09456815198063849 -2.4856865406036373 -0.87152668833732594 1.4514194726943972 -0.79152876138687123
decision_type=2 10 10 8 8 10 8
left_child=2 3 4 -2 -1 -3 -4
right_child=1 5 6 -5 -6 -7 -8
leaf_value=-0.00018943785640865147 9.9542988817905435e-05 4.2555234894449908e-05 -7.3279788873270731e-05 -1.1052702466256747e-05 -7.5202757283458478e-05 -4.487569306407902e-05 -2.6137924956856838e-07
leaf_weight=30581 32720 700029 35057 973242 164783 45226 141465
leaf_count=30581 32720 700029 35057 973242 164783 45226 141465
internal_value=-2.50178e-07 1.15694e-05 -5.59086e-05 -7.45534e-06 -9.30853e-05 3.72494e-05 -1.47632e-05
internal_weight=2.1231e+06 1.75122e+06 371886 1.00596e+06 195364 745255 176522
internal_count=2123103 1751217 371886 1005962 195364 745255 176522
is_linear=0
shrinkage=0.00720685


Tree=82
num_leaves=8
num_cat=0
split_feature=0 19 0 4 9 12 9
split_gain=48.2943 14.3766 13.6433 8.47269 5.42852 4.23655 2.68581
threshold=-0.87519490718841542 -0.34735704958438868 -4.10479712486267 -0.98745867609977711 -1.3738065361976621 0.62253397703170787 -2.0320450067520137
decision_type=2 8 2 10 8 8 8
left_child=2 3 6 -2 -4 -3 -1
right_child=1 5 4 -5 -6 -7 -8
leaf_value=-0.0003722749728233275 -2.4716269688784988e-05 4.7951631081730885e-06 -0.00014812758002287718 4.7648585750696911e-05 -5.8621265993686475e-05 -2.7133192305362934e-05 -0.00020890555767701194
leaf_weight=7371 97092 889969 45557 624801 154724 284961 17993
leaf_count=7371 97092 889969 45557 624801 154724 284961 17993
internal_value=7.46613e-07 1.26036e-05 -9.89252e-05 3.79157e-05 -7.89816e-05 -2.94856e-06 -0.000256395
internal_weight=2.12247e+06 1.89682e+06 225645 721893 200281 1.17493e+06 25364
internal_count=2122468 1896823 225645 721893 200281 1174930 25364
is_linear=0
shrinkage=0.00720685


Tree=83
num_leaves=8
num_cat=0
split_feature=0 6 0 25 7 9 9
split_gain=46.8263 14.2301 10.886 9.85822 7.51625 4.61003 1.93673
threshold=-1.3311244845390318 0.59848770499229442 -4.5973563194274893 0.13403615355491641 0.30580663681030279 -1.0519691705703733 -1.7520809173583982
decision_type=2 8 2 8 2 8 8
left_child=2 3 6 -2 -3 -4 -1
right_child=1 4 5 -5 -6 -7 -8
leaf_value=-0.00039784413723167357 6.3074954436429707e-06 -5.8625418892202523e-06 -0.00016104654323834231 4.5347252734867205e-05 -6.6079586868997154e-05 -7.1134305093553557e-05 -0.00023723314431175227
leaf_weight=6069 906665 381355 44329 533708 150008 89261 10934
leaf_count=6069 906665 381355 44329 533708 150008 89261 10934
internal_value=-3.41648e-07 9.01376e-06 -0.000122833 2.07731e-05 -2.28624e-05 -0.000100971 -0.000294582
internal_weight=2.12233e+06 1.97174e+06 150593 1.44037e+06 531363 133590 17003
internal_count=2122329 1971736 150593 1440373 531363 133590 17003
is_linear=0
shrinkage=0.00720685


Tree=84
num_leaves=8
num_cat=0
split_feature=1 6 19 1 2 1 4
split_gain=41.5773 15.7409 13.6191 8.66569 6.71161 3.26579 2.20568
threshold=1.736511290073395 0.58813875913620006 -0.17359388619661328 0.3224319219589234 -1.3703733086585996 2.2772620916366582 0.26253408193588262
decision_type=2 8 8 2 2 2 8
left_child=1 2 -1 -3 5 -2 -6
right_child=4 3 -4 -5 6 -7 -8
leaf_value=3.9983329178761099e-05 -0.00016194022341975848 -2.0018124368424901e-06 -4.0556912347733116e-06 -5.9626103256550833e-05 -0.00012185482745002533 -0.00029475837243547287 -2.2806617594091046e-05
leaf_weight=772791 23433 328983 690702 230523 44414 16314 15844
leaf_count=772791 23433 328983 690702 230523 44414 16314 15844
internal_value=-3.22105e-07 6.76897e-06 1.91989e-05 -2.57438e-05 -0.000143766 -0.000216461 -9.58127e-05
internal_weight=2.123e+06 2.023e+06 1.46349e+06 559506 100005 39747 60258
internal_count=2123004 2022999 1463493 559506 100005 39747 60258
is_linear=0
shrinkage=0.00720685


Tree=85
num_leaves=8
num_cat=0
split_feature=9 19 25 3 4 18 9
split_gain=24.5123 16.3768 11.9428 8.66368 7.27278 7.16116 3.28266
threshold=-1.0210645198822019 -0.38961678743362421 -0.005231607472524046 0.85867813229560863 -0.95104682445526112 1.6987728476524355 -2.4413524866104122
decision_type=10 8 8 10 8 10 10
left_child=3 4 -3 5 -2 -1 -5
right_child=1 2 -4 6 -6 -7 -8
leaf_value=-1.3434137967730369e-05 -2.0302420721944997e-05 -3.1251339736480724e-05 1.433941466598522e-05 -0.00019540817009222996 4.9411462975989914e-05 -0.00011446104675697861 -9.525767546413604e-05
leaf_weight=153978 90740 535495 674110 24537 541787 47740 55345
leaf_count=153978 90740 535495 674110 24537 541787 47740 55345
internal_value=1.22163e-07 9.69509e-06 -5.84371e-06 -6.25004e-05 3.94105e-05 -3.73444e-05 -0.000126023
internal_weight=2.12373e+06 1.84213e+06 1.2096e+06 281600 632527 201718 79882
internal_count=2123732 1842132 1209605 281600 632527 201718 79882
is_linear=0
shrinkage=0.00720685


Tree=86
num_leaves=8
num_cat=0
split_feature=1 6 19 9 1 6 9
split_gain=39.3887 15.1224 13.0804 7.55008 7.30084 4.02665 2.05954
threshold=1.6919115185737612 0.59848770499229442 -0.17359388619661328 -2.2851536273956294 0.33391533792018896 0.73657661676406871 -4.1542594432830802
decision_type=2 8 8 8 2 10 10
left_child=1 2 -1 6 -3 -5 -2
right_child=3 4 -4 5 -6 -7 -8
leaf_value=3.9914958003909848e-05 -0.00042176335769122638 -3.1168640510029332e-06 -3.2230832995941197e-06 -6.4417443384032875e-05 -5.6698846050254925e-05 -0.00016146471841332563 -0.00022959251454638475
leaf_weight=773737 3630 326171 691235 50931 221952 39376 14375
leaf_count=773737 3630 326171 691235 50931 221952 39376 14375
internal_value=2.75108e-07 7.47834e-06 1.95606e-05 -0.000133603 -2.4814e-05 -0.000106734 -0.000268358
internal_weight=2.12141e+06 2.0131e+06 1.46497e+06 108312 548123 90307 18005
internal_count=2121407 2013095 1464972 108312 548123 90307 18005
is_linear=0
shrinkage=0.00720685


Tree=87
num_leaves=8
num_cat=0
split_feature=0 0 19 7 2 6 4
split_gain=47.2577 13.6165 13.021 8.55724 5.87941 5.24161 3.60563
threshold=-0.83629405498504628 -2.6683576107025142 -0.34735704958438868 0.32015465199947363 -2.1654074192047115 0.29053832590579992 0.11552618816494943
decision_type=2 2 8 2 2 8 8
left_child=1 4 3 -2 -1 -4 -3
right_child=2 6 5 -5 -6 -7 -8
leaf_value=-0.00030026921678952446 4.8317504690253502e-05 -8.4762371954449689e-05 8.7585237809214723e-06 -1.366344250347034e-05 -0.00014395289500540684 -2.2700418188252513e-05 -1.1059212405842699e-05
leaf_weight=17943 573939 127977 726468 144901 41191 442728 47187
leaf_count=17943 573939 127977 726468 144901 41191 442728 47187
internal_value=-2.93647e-07 -9.68309e-05 1.16863e-05 3.58236e-05 -0.000191388 -3.15371e-06 -6.4908e-05
internal_weight=2.12233e+06 234298 1.88804e+06 718840 59134 1.1692e+06 175164
internal_count=2122334 234298 1888036 718840 59134 1169196 175164
is_linear=0
shrinkage=0.00720685


Tree=88
num_leaves=8
num_cat=0
split_feature=2 19 21 6 3 18 12
split_gain=25.2361 15.0759 10.0601 8.53937 8.15431 3.86399 2.57721
threshold=-0.70526856184005726 -0.16476071625947949 inf 0.49731776118278509 1.2510666251182558 2.1213065385818486 0.49705958366394049
decision_type=2 8 8 10 8 10 8
left_child=4 3 -3 -2 5 -1 -6
right_child=1 2 -4 -5 6 -7 -8
leaf_value=-2.9435602380135334e-05 4.550576676661459e-05 -1.195739037369314e-05 0.00054156171143522483 -2.7981880411682621e-06 -7.3938349389838034e-05 -0.0001323430913176581 -0.0001577424511694073
leaf_weight=275012 658473 822952 1708 267228 34815 20353 42127
leaf_count=275012 658473 822952 1708 267228 34815 20353 42127
internal_value=1.38096e-07 1.15986e-05 -1.08103e-05 3.15615e-05 -5.37419e-05 -3.65272e-05 -0.000119824
internal_weight=2.12267e+06 1.75036e+06 824660 925701 372307 295365 76942
internal_count=2122668 1750361 824660 925701 372307 295365 76942
is_linear=0
shrinkage=0.00720685


Tree=89
num_leaves=8
num_cat=0
split_feature=0 6 0 0 0 23 23
split_gain=44.4623 16.5295 8.5383 6.78541 6.03036 3.54559 2.01449
threshold=-1.9646075367927549 0.56722381711006176 -0.15922991186380384 -4.5973563194274893 0.37620092928409582 -0.24741604924201963 -0.25330030918121332
decision_type=2 8 2 2 2 8 8
left_child=3 4 -3 6 -2 -5 -1
right_child=1 2 -4 5 -6 -7 -8
leaf_value=-0.00039740721301048101 6.4418237176699415e-06 -6.6641767009718571e-05 -7.1040611789482609e-06 -0.00019309725878828132 3.6014118324736203e-05 -8.9809845675964105e-05 -0.00022973763266765759
leaf_weight=5545 798341 182387 398347 26269 649550 50355 11344
leaf_count=5545 798341 182387 398347 26269 649550 50355 11344
internal_value=-4.0257e-07 6.68e-06 -2.58028e-05 -0.000154047 1.97085e-05 -0.000125222 -0.000284808
internal_weight=2.12214e+06 2.02862e+06 580734 93513 1.44789e+06 76624 16889
internal_count=2122138 2028625 580734 93513 1447891 76624 16889
is_linear=0
shrinkage=0.00720685


Tree=90
num_leaves=8
num_cat=0
split_feature=0 0 0 1 2 2 3
split_gain=44.34 11.693 11.0111 7.29741 5.35435 4.25808 4.00442
threshold=-0.87519490718841542 -2.2685096263885494 0.37620092928409582 -2.4320927858352657 -2.1654074192047115 0.13535549491643908 1.3767722249031069
decision_type=2 2 2 2 2 2 10
left_child=1 4 3 -2 -1 -4 -3
right_child=2 6 5 -5 -6 -7 -8
leaf_value=-0.0002658520783618898 0.00052211717758440823 -4.3317973603634324e-05 1.1108644227903003e-05 -4.787630098836253e-06 -0.00013092470072116459 4.4408963904833134e-05 -0.0001494807413862437
leaf_weight=21139 1366 127798 335515 1067800 55090 491751 21568
leaf_count=21139 1366 127798 335515 1067800 55090 491751 21568
internal_value=-2.0086e-07 -9.57157e-05 1.11614e-05 -4.11396e-06 -0.000168344 3.09034e-05 -5.86486e-05
internal_weight=2.12203e+06 225595 1.89643e+06 1.06917e+06 76229 827266 149366
internal_count=2122027 225595 1896432 1069166 76229 827266 149366
is_linear=0
shrinkage=0.00720685


Tree=91
num_leaves=8
num_cat=0
split_feature=0 0 3 2 9 23 23
split_gain=43.1957 15.865 7.05371 6.597 5.55436 2.94381 2.84874
threshold=-2.1067075729370113 -0.034694317728281014 -1.0000000180025095e-35 0.050677245482802398 -1.7520809173583982 -0.24741604924201963 0.080218110233545317
decision_type=2 2 8 2 8 10 8
left_child=4 2 -2 -3 6 -6 -1
right_child=1 3 -4 -5 5 -7 -8
leaf_value=-0.00032445919528777947 8.5989060461955707e-06 3.7643545047115547e-07 -4.4914355642082851e-05 3.1423607105777143e-05 -0.00017059444714010274 -7.1575449354239194e-05 -0.00015730441298696788
leaf_weight=13268 197350 595075 363710 882789 33746 28997 8819
leaf_count=13268 197350 595075 363710 882789 33746 28997 8819
internal_value=-9.4005e-08 6.53562e-06 -2.60913e-05 1.89222e-05 -0.000159438 -0.000124834 -0.000257728
internal_weight=2.12375e+06 2.03892e+06 561060 1.47786e+06 84830 62743 22087
internal_count=2123754 2038924 561060 1477864 84830 62743 22087
is_linear=0
shrinkage=0.00720685


Tree=92
num_leaves=8
num_cat=0
split_feature=0 0 6 0 2 9 2
split_gain=43.2186 15.412 9.75725 6.93851 4.59973 3.99329 1.86866
threshold=-1.8447309732437132 0.21622004359960559 0.64083570241928112 -4.5973563194274893 0.072152364999055876 -1.4235630035400388 -1.5635318160057066
decision_type=2 2 8 2 2 8 2
left_child=3 2 -2 6 -3 -5 -1
right_child=1 4 -4 5 -6 -7 -8
leaf_value=-0.00034426929555050911 1.5758143258418165e-06 6.657787741605058e-06 -4.868241678032023e-05 -0.00019752580238892434 3.6720908098962035e-05 -8.7456673915241697e-05 -0.000192208477517438
leaf_weight=9600 610164 432133 298925 23833 680760 60787 7469
leaf_count=9600 610164 432133 298925 23833 680760 60787 7469
internal_value=-2.26479e-07 7.06451e-06 -1.495e-05 -0.000145199 2.50475e-05 -0.00011846 -0.000277747
internal_weight=2.12367e+06 2.02198e+06 909089 101689 1.11289e+06 84620 17069
internal_count=2123671 2021982 909089 101689 1112893 84620 17069
is_linear=0
shrinkage=0.00720685


end of trees

feature_importances:
LOW_TURNOVER=148
ROE_YOY=75
REV60=64
LN_TURNOVER=60
CURRENT_RATIO=55
INTRADAY_REV10=50
Q_SALES_YOY=39
MACD_LINE=37
CORD60=34
CORD20=21
VSTD5=19
RET_AMT_CORR20=14
MAX_DD60=12
CORR60=8
VOL_OF_VOL_20=5
AMIHUD_20=4
CORD5=3
RET_VOL_CORR5=1
BP=1
CNTD60=1

parameters:
[boosting: gbdt]
[objective: regression]
[metric: l2]
[tree_learner: serial]
[device_type: cpu]
[data_sample_strategy: bagging]
[data: ]
[valid: ]
[num_iterations: 1000]
[learning_rate: 0.00720685]
[num_leaves: 43]
[num_threads: 8]
[seed: 42]
[deterministic: 0]
[force_col_wise: 0]
[force_row_wise: 0]
[histogram_pool_size: -1]
[max_depth: 3]
[min_data_in_leaf: 76]
[min_sum_hessian_in_leaf: 0.001]
[bagging_fraction: 0.712041]
[pos_bagging_fraction: 1]
[neg_bagging_fraction: 1]
[bagging_freq: 1]
[bagging_seed: 400]
[bagging_by_query: 0]
[feature_fraction: 0.587027]
[feature_fraction_bynode: 1]
[feature_fraction_seed: 30056]
[extra_trees: 0]
[extra_seed: 12879]
[early_stopping_round: 0]
[early_stopping_min_delta: 0]
[first_metric_only: 0]
[max_delta_step: 0]
[lambda_l1: 0.0035701]
[lambda_l2: 0.944352]
[linear_lambda: 0]
[min_gain_to_split: 0]
[drop_rate: 0.1]
[max_drop: 50]
[skip_drop: 0.5]
[xgboost_dart_mode: 0]
[uniform_drop: 0]
[drop_seed: 17869]
[top_rate: 0.2]
[other_rate: 0.1]
[min_data_per_group: 100]
[max_cat_threshold: 32]
[cat_l2: 10]
[cat_smooth: 10]
[max_cat_to_onehot: 4]
[top_k: 20]
[monotone_constraints: ]
[monotone_constraints_method: basic]
[monotone_penalty: 0]
[feature_contri: ]
[forcedsplits_filename: ]
[refit_decay_rate: 0.9]
[cegb_tradeoff: 1]
[cegb_penalty_split: 0]
[cegb_penalty_feature_lazy: ]
[cegb_penalty_feature_coupled: ]
[path_smooth: 0]
[interaction_constraints: ]
[verbosity: -1]
[saved_feature_importance_type: 0]
[use_quantized_grad: 0]
[num_grad_quant_bins: 4]
[quant_train_renew_leaf: 0]
[stochastic_rounding: 1]
[linear_tree: 0]
[max_bin: 255]
[max_bin_by_feature: ]
[min_data_in_bin: 3]
[bin_construct_sample_cnt: 200000]
[data_random_seed: 175]
[is_enable_sparse: 1]
[enable_bundle: 1]
[use_missing: 1]
[zero_as_missing: 0]
[feature_pre_filter: 1]
[pre_partition: 0]
[two_round: 0]
[header: 0]
[label_column: ]
[weight_column: ]
[group_column: ]
[ignore_column: ]
[categorical_feature: ]
[forcedbins_filename: ]
[precise_float_parser: 0]
[parser_config_file: ]
[objective_seed: 16083]
[num_class: 1]
[is_unbalance: 0]
[scale_pos_weight: 1]
[sigmoid: 1]
[boost_from_average: 1]
[reg_sqrt: 0]
[alpha: 0.9]
[fair_c: 1]
[poisson_max_delta_step: 0.7]
[tweedie_variance_power: 1.5]
[lambdarank_truncation_level: 30]
[lambdarank_norm: 1]
[label_gain: ]
[lambdarank_position_bias_regularization: 0]
[eval_at: ]
[multi_error_top_k: 1]
[auc_mu_weights: ]
[num_machines: 1]
[local_listen_port: 12400]
[time_out: 120]
[machine_list_filename: ]
[machines: ]
[gpu_platform_id: -1]
[gpu_device_id: -1]
[gpu_use_dp: 0]
[num_gpu: 1]

end of parameters

pandas_categorical:[]
