tree
version=v4
num_class=1
num_tree_per_iteration=1
label_index=0
max_feature_idx=24
objective=regression
feature_names=LOW_TURNOVER LN_TURNOVER CORR20 VOL_CV20 RET_AMT_CORR20 KLOW CONSEC_UP5 CORD60 RET_VOL_CORR5 OBV_CHG_20 CORD5 AMIHUD_20 VOL_OF_VOL_20 CORR60 VOL_PRICE_DIVERGENCE BP EP CNTD10 IMAX60 WVMA30 MAX_DD60 CNTD60 Q_SALES_YOY VSTD5 NEG_SKEW_20
feature_infos=[-6.923433780670166:3.9116966724395752] [-4.6902608871459961:4.3063216209411621] [-3.91552734375:3.3967874050140381] [-6.3403215408325195:2.8396897315979004] [-3.4120473861694336:3.8627338409423828] [-3.7755355834960938:6.0498733520507812] [-6.6118087768554688:3.4961643218994141] [-3.725644588470459:3.9024081230163574] [-3.1669769287109375:3.781813383102417] [-7.8196268081665039:8.3111963272094727] [-3.8481919765472412:3.2337307929992676] [-2.9863922595977783:6.7321987152099609] [-6.2235026359558105:2.5514998435974121] [-4.3632540702819824:3.5239710807800293] [-3.164311408996582:3.447521448135376] [-4.9343628883361816:7.3646230697631836] [-5.3626008033752441:7.2269930839538574] [-3.9227414131164551:4.0330066680908203] [-3.1524150371551514:4.0095400810241699] [-2.6584935188293457:7.0066003799438477] [-3.328040599822998:6.4278268814086914] [-3.5592825412750244:3.5317983627319336] [-4.8058700561523438:6.9625363349914551] [-3.9230892658233643:6.7226309776306152] [-3.869143009185791:3.708749532699585]
tree_sizes=1338 1381 1358 1339 1370 1351 1402 1377 1353 1350 1344 1362 1381 1358 1384 1359 1332 1385 1373 1342 1333 1378 1359 1322 1365 1353 1382 1366 1373 1372 1359 1358 1354 1349 1362 1365 1363 1373 1352 1349 1371 1411 1358 1360 1385 1359 1361 1402 1375 1343 1379 1355 1345 1384 1376 1341 1367 1371

Tree=0
num_leaves=12
num_cat=0
split_feature=9 6 15 6 6 9 9 8 11 9 20
split_gain=42.7291 20.9548 11.3624 6.94008 6.09111 3.47757 3.42625 5.15852 4.4559 4.18802 3.80892
threshold=0.12175893038511278 -1.1640663743019102 -0.17041480541229245 -0.81283596158027638 -3.5269935131072994 -0.49921043217182154 -0.060428826138377183 inf 0.42605806887149816 -0.69506815075874318 1.4373075962066653
decision_type=10 2 2 2 2 8 10 8 10 8 10
left_child=2 4 3 -1 -2 -5 9 -8 -9 -4 -10
right_child=1 -3 6 5 -6 -7 7 8 10 -11 -12
leaf_value=0.00054788865016367426 0.00041376593545748856 0.00056128333003962279 0.00057602418000517088 0.00056306345278820161 0.00050651452463380418 0.00059009814303100322 0.0005916441529096139 0.00068264418001749206 0.0023119366687646917 0.00061428615437051639 0.0011033169878792068
leaf_weight=150289 23393 717139 87756 153557 113704 857968 473488 637 93 725149 319
leaf_count=150289 23393 717139 87756 153557 113704 857968 473488 637 93 725149 319
internal_value=0.000581814 0.000549951 0.000592927 0.000581065 0.000490682 0.000585993 0.000603633 0.000592458 0.000958774 0.000610155 0.00138225
internal_weight=3.30349e+06 854236 2.44926e+06 1.16181e+06 137097 1.01152e+06 1.28744e+06 474537 1049 812905 412
internal_count=3303492 854236 2449256 1161814 137097 1011525 1287442 474537 1049 812905 412
is_linear=0
shrinkage=1


Tree=1
num_leaves=12
num_cat=0
split_feature=9 6 15 5 6 6 9 9 9 9 15
split_gain=42.24 20.8154 11.2274 11.1185 6.82633 5.93057 3.84856 4.24492 3.48569 3.17972 2.91799
threshold=0.12175893038511278 -1.1640663743019102 -0.17041480541229245 inf -0.81283596158027638 -3.5269935131072994 -0.060428826138377183 -0.69506815075874318 -0.49921043217182154 0.3308198750019074 0.10554825887084009
decision_type=10 2 2 8 2 2 10 8 8 8 2
left_child=2 5 4 6 -1 -2 7 -4 -6 -3 -5
right_child=1 9 3 10 8 -7 -8 -9 -10 -11 -12
leaf_value=-3.362136604518257e-05 -0.00016658732240095841 -1.0650961314653678e-05 -6.4452903909934655e-06 0.00052474143076961628 -1.8788888693613687e-05 -7.5093274232479384e-05 9.1488542409849687e-06 3.2090321032028942e-05 8.2767036077383332e-06 -3.2868071646599255e-05 0.00016861039823097296
leaf_weight=150315 23406 403708 87689 1417 153566 113761 472610 724707 857951 313348 1151
leaf_count=150315 23406 403708 87689 1417 153566 113761 472610 724707 857951 313348 1151
internal_value=2.16291e-08 -3.16587e-05 1.10704e-05 2.17112e-05 -7.21426e-07 -9.07129e-05 2.10231e-05 2.79298e-05 4.16686e-06 -2.03608e-05 0.000365584
internal_weight=3.30363e+06 854223 2.44941e+06 1.28757e+06 1.16183e+06 137167 1.28501e+06 812396 1.01152e+06 717056 2568
internal_count=3303629 854223 2449406 1287574 1161832 137167 1285006 812396 1011517 717056 2568
is_linear=0
shrinkage=0.00523217


Tree=2
num_leaves=12
num_cat=0
split_feature=6 6 15 10 2 24 4 2 6 12 10
split_gain=39.1184 9.71 8.36446 5.04527 4.02775 3.04563 11.7645 17.7055 2.89484 2.627 2.48721
threshold=-1.1640663743019102 -3.5269935131072994 -0.12595121562480924 inf 1.0436980724334719 -2.2415497303009029 -1.2487844228744505 1.3930903077125552 -0.39573332667350763 0.79398727416992199 -0.013512532226741312
decision_type=2 2 2 8 8 10 10 10 2 8 8
left_child=1 10 4 8 9 6 -5 -8 -4 -2 -1
right_child=2 -3 3 5 -6 -7 7 -9 -10 -11 -12
leaf_value=-0.00021719550355289962 -3.2953565015590078e-06 -4.5508911544702193e-05 -7.4092578557341976e-06 0.00035440190129111684 -2.7560425061606949e-05 0.00018338176503824707 0.00070575436660338063 0.0081038619163616866 1.6481265525795972e-05 1.6634113932891286e-05 -0.00011307171264404913
leaf_weight=7963 1114655 263357 154708 277 163707 1939 25 12.999999999999998 1350552 216179 30199
leaf_count=7963 1114655 263357 154708 277 163707 1939 25 13 1350552 216179 30199
internal_value=-5.3482e-09 -5.68165e-05 5.70038e-06 1.43964e-05 -3.07057e-06 0.000261708 0.00073882 0.0034253 1.40253e-05 -5.7423e-08 -0.000134826
internal_weight=3.30357e+06 301519 3.00206e+06 1.50751e+06 1.49454e+06 2254 315 38 1.50526e+06 1.33083e+06 38162
internal_count=3303574 301519 3002055 1507514 1494541 2254 315 38 1505260 1330834 38162
is_linear=0
shrinkage=0.00523217


Tree=3
num_leaves=12
num_cat=0
split_feature=5 5 2 11 15 2 15 15 19 24 17
split_gain=21.1962 10.0935 9.25463 6.63883 6.37836 4.26034 3.10224 2.76402 4.12034 25.1021 3.02034
threshold=1.4280173778533938 1.4280173778533938 0.88831019401550304 0.47175559401512152 -0.11885955557227133 0.92181000113487255 -0.22075881808996198 0.10554825887084009 2.0174148082733159 -0.91065946221351612 -1.1520280241966245
decision_type=10 8 8 10 2 10 2 2 8 10 2
left_child=1 2 4 -3 -1 -2 -4 8 9 -5 -10
right_child=5 3 6 7 -6 -7 -8 -9 10 -11 -12
leaf_value=-5.4269168816497262e-07 -3.1957718594262137e-05 4.5914072570029251e-05 -3.0065922086295821e-05 0.0072123012613645931 1.6163309179947318e-05 -7.9093520852238926e-05 -4.5854523349348979e-06 0.00025524154794061613 0.0013602762990043468 0.00069092800622108728 0.00040842451900602485
leaf_weight=1254334 199156 1975 242943 17 1248080 71342 283574 935 102 153 892
leaf_count=1254334 199156 1975 242943 17 1248080 71342 283574 935 102 153 892
internal_value=-1.35422e-08 3.94416e-06 3.59379e-06 0.000264165 7.78912e-06 -4.43927e-05 -1.63441e-05 0.000468998 0.000639579 0.00139305 0.000508406
internal_weight=3.3035e+06 3.033e+06 3.02893e+06 4074 2.50241e+06 270498 526517 2099 1164 170 994
internal_count=3303503 3033005 3028931 4074 2502414 270498 526517 2099 1164 170 994
is_linear=0
shrinkage=0.00523217


Tree=4
num_leaves=12
num_cat=0
split_feature=1 9 1 23 11 9 12 6 9 9 9
split_gain=60.8988 22.7749 12.4652 8.93686 7.01541 6.15884 5.6985 4.85608 3.57048 3.44868 2.97569
threshold=1.5620352029800417 0.10019097849726678 2.4869270324707036 inf 0.47175559401512152 -0.69506815075874318 0.92186531424522411 -1.122499883174896 0.29240934550762182 -0.12817240506410596 0.3415303379297257
decision_type=2 10 2 8 10 8 8 2 10 10 10
left_child=1 3 7 5 -5 -1 9 10 -4 -7 -2
right_child=2 -3 8 4 -6 6 -8 -9 -10 -11 -12
leaf_value=-1.5452828806603501e-05 -7.1409919215084956e-05 -1.7638263060551122e-05 -0.00011817547760273331 6.8178309819125592e-05 0.0005971776736488168 2.1042919469897148e-05 4.0657450806357163e-05 -4.1423407527337071e-05 -0.00021929830558511555 6.7185381833279418e-06 -0.00013651393067108252
leaf_weight=176562 51961 817524 18897 1498 1272 885737 240986 100940 19463 957978 30597
leaf_count=176562 51961 817524 18897 1498 1272 885737 240986 100940 19463 957978 30597
internal_value=4.19862e-09 6.03223e-06 -8.37198e-05 1.45798e-05 0.000311539 1.42155e-05 1.67287e-05 -6.57803e-05 -0.000169509 1.36005e-05 -9.55496e-05
internal_weight=3.30342e+06 3.08156e+06 221858 2.26403e+06 2770 2.26126e+06 2.0847e+06 183498 38360 1.84372e+06 82558
internal_count=3303415 3081557 221858 2264033 2770 2261263 2084701 183498 38360 1843715 82558
is_linear=0
shrinkage=0.00523217


Tree=5
num_leaves=12
num_cat=0
split_feature=0 9 0 0 5 11 1 0 19 9 9
split_gain=68.5361 24.0457 12.9462 9.44572 9.66353 6.70219 3.65529 3.36009 3.28652 3.16744 2.9138
threshold=-1.9630029797554014 0.10019097849726678 -3.7864283323287959 0.48914088308811193 inf 0.47175559401512152 0.91215175390243541 -5.282604217529296 2.2681202888488774 -0.49921043217182154 -0.6646817922592162
decision_type=2 10 2 2 8 10 2 2 8 8 10
left_child=2 3 7 4 9 -6 -3 -1 -7 -2 -5
right_child=1 6 -4 10 5 8 -8 -9 -10 -11 -12
leaf_value=-0.00025285360840043684 -1.3353266553572037e-05 -1.3453181196455785e-05 -7.4540165975037792e-05 -5.3423904504444473e-06 7.2931897783145755e-05 0.0010319242406255091 -4.1147536741519961e-05 -0.00015409021860460315 0.0004305669066781069 8.9609704802994726e-06 3.2658356591145776e-05
leaf_weight=12480 199236 691208 92533 60213 1424 347 160883 39138 919 1381429 663767
leaf_count=12480 199236 691208 92533 60213 1424 347 160883 39138 919 1381429 663767
internal_value=-2.12881e-08 5.06891e-06 -0.00011159 1.38408e-05 6.68171e-06 0.00031995 -1.86831e-05 -0.00017799 0.000596837 6.14784e-06 2.94967e-05
internal_weight=3.30358e+06 3.15943e+06 144151 2.30734e+06 1.58336e+06 2690 852091 51618 1266 1.58066e+06 723980
internal_count=3303577 3159426 144151 2307335 1583355 2690 852091 51618 1266 1580665 723980
is_linear=0
shrinkage=0.00523217


Tree=6
num_leaves=12
num_cat=0
split_feature=0 9 0 0 6 18 6 9 9 9 12
split_gain=68.0156 23.9165 12.7905 9.31352 3.88909 3.42067 3.1504 3.09371 2.91011 4.26045 2.70377
threshold=-1.9630029797554014 0.10019097849726678 -3.7864283323287959 0.48914088308811193 -2.4966753721237178 -1.4364024996757505 -0.5940861403942107 -0.69506815075874318 -0.084415346384048448 -0.61423721909522999 0.99190786480903637
decision_type=2 10 2 2 2 10 2 8 8 8 8
left_child=2 3 4 5 -1 -2 -3 -7 9 -5 -9
right_child=1 6 -4 8 -6 7 -8 10 -10 -11 -12
leaf_value=-0.00022890508215904273 -2.5638914364122694e-05 -3.8296427328805744e-05 -7.4310726455019537e-05 -1.9654744105579544e-06 -0.00013715059359078495 -1.6836128938040122e-05 -1.3451629544655022e-05 9.1569396938064239e-06 1.2449379999109823e-05 4.1776765399803048e-05 4.3718913958810005e-05
leaf_weight=22480 84553 176205 92541 70397 29106 120675 675905 1312871 200727 452848 65048
leaf_count=22480 84553 176205 92541 70397 29106 120675 675905 1312871 200727 452848 65048
internal_value=2.60946e-08 5.09732e-06 -0.000111128 1.38464e-05 -0.000177155 6.73681e-06 -1.85902e-05 8.56405e-06 2.93922e-05 3.58902e-05 1.07891e-05
internal_weight=3.30336e+06 3.15923e+06 144127 2.30712e+06 51586 1.58315e+06 852110 1.49859e+06 723972 523245 1.37792e+06
internal_count=3303356 3159229 144127 2307119 51586 1583147 852110 1498594 723972 523245 1377919
is_linear=0
shrinkage=0.00523217


Tree=7
num_leaves=12
num_cat=0
split_feature=1 9 1 5 15 6 9 9 9 9 9
split_gain=59.1577 22.2082 12.157 9.22355 7.14522 4.80865 3.49756 3.22337 3.88331 3.07668 2.92644
threshold=1.5620352029800417 0.10019097849726678 2.4869270324707036 inf -0.17041480541229245 -1.1640663743019102 0.21549414843320849 -0.060428826138377183 -0.69506815075874318 -0.54172739386558522 0.3415303379297257
decision_type=2 10 2 8 2 2 10 10 8 8 10
left_child=1 3 5 4 9 10 -4 8 -6 -1 -2
right_child=2 -3 6 -5 7 -7 -8 -9 -10 -11 -12
leaf_value=-1.9239669170745396e-05 -7.0782119360442009e-05 -1.741688439859802e-05 -0.00011156299067245591 0.00032076482926681848 -4.8468690604168725e-06 -4.1047014963056546e-05 -0.00021223368332888096 1.0986160612616244e-05 3.287367601932498e-05 7.4773009054381335e-06 -0.00013605191221511076
leaf_weight=135516 50761 817624 17139 2686 83483 102818 21198 421781 708447 912164 29967
leaf_count=135516 50761 817624 17139 2686 83483 102818 21198 421781 708447 912164 29967
internal_value=1.42311e-08 5.95552e-06 -8.24994e-05 1.43963e-05 1.40319e-05 -6.47916e-05 -0.000167253 2.26729e-05 2.88963e-05 4.02071e-06 -9.50225e-05
internal_weight=3.30358e+06 3.0817e+06 221883 2.26408e+06 2.26139e+06 183546 38337 1.21371e+06 791930 1.04768e+06 80728
internal_count=3303584 3081701 221883 2264077 2261391 183546 38337 1213711 791930 1047680 80728
is_linear=0
shrinkage=0.00523217


Tree=8
num_leaves=12
num_cat=0
split_feature=0 0 0 23 1 0 0 15 2 15 22
split_gain=66.5882 12.6065 12.0528 10.5273 4.70601 3.8489 3.2682 2.58188 2.40955 3.05036 2.3521
threshold=-1.9630029797554014 -3.7864283323287959 0.21643524616956714 inf 1.2800597548484804 0.6536756455898286 -5.282604217529296 -0.11094755306839942 2.3377778530120854 0.10554825887084009 -1.7896871566772459
decision_type=2 2 2 8 2 2 2 2 8 2 10
left_child=1 6 3 4 -2 -4 -1 -7 9 -5 -8
right_child=2 -3 5 8 -6 7 10 -9 -10 -11 -12
leaf_value=-0.00024923769475985075 -3.0926776544751648e-06 -7.3387996691333369e-05 9.1594641456866659e-06 0.00047991622896319133 -3.0597673415770892e-05 1.2647666278365707e-05 -6.4197020563697658e-05 3.6019087851885138e-05 5.365659567552345e-05 0.00014074391475717637 -0.00017068991421752077
leaf_weight=12493 1245308 92563 1182231 1714 197286 224541 6926 305820 1159 1275 32228
leaf_count=12493 1245308 92563 1182231 1714 197286 224541 6926 305820 1159 1275 32228
internal_value=2.19893e-09 -0.000109946 5.02115e-06 -6.09732e-06 -6.85478e-06 1.44141e-05 -0.000175447 2.61258e-05 0.000257067 0.000335619 -0.000151875
internal_weight=3.30354e+06 144210 3.15933e+06 1.44674e+06 1.44259e+06 1.71259e+06 51647 530361 4148 2989 39154
internal_count=3303544 144210 3159334 1446742 1442594 1712592 51647 530361 4148 2989 39154
is_linear=0
shrinkage=0.00523217


Tree=9
num_leaves=12
num_cat=0
split_feature=0 0 0 23 11 6 0 6 18 15 16
split_gain=65.7 12.4607 11.9645 10.3179 6.46736 4.38374 3.95712 3.77539 2.66225 2.62665 3.06777
threshold=-1.9630029797554014 -3.7864283323287959 0.19945200532674792 inf 0.47175559401512152 -0.73289549350738514 0.6536756455898286 -2.4966753721237178 -1.3908087611198423 0.10554825887084009 -0.021643334068357941
decision_type=2 2 2 8 10 2 2 2 10 2 2
left_child=1 7 3 5 -5 -2 -4 -1 -7 10 -6
right_child=2 -3 6 4 9 8 -8 -9 -10 -11 -12
leaf_value=-0.00022526921454719661 -2.5146670222393537e-05 -7.2875165009160398e-05 8.9054494461784913e-06 4.3096643978991439e-05 0.00033483680995882888 -3.5543969200307136e-05 2.5999638109458193e-05 -0.000134914766573418 -4.1327881232785917e-07 0.00024860710320798553 0.0008750485344771069
leaf_weight=22524 294685 92568 1232451 2031 551 62627 530363 29107 1035287 936 622
leaf_count=22524 294685 92568 1232451 2031 551 62627 530363 29107 1035287 936 622
internal_value=9.53085e-10 -0.000109216 4.9858e-06 -6.4521e-06 0.00025432 -7.22813e-06 1.40489e-05 -0.000174352 -2.41796e-06 0.000457213 0.000622568
internal_weight=3.30375e+06 144199 3.15955e+06 1.39674e+06 4140 1.3926e+06 1.76281e+06 51631 1.09791e+06 2109 1173
internal_count=3303752 144199 3159553 1396739 4140 1392599 1762814 51631 1097914 2109 1173
is_linear=0
shrinkage=0.00523217


Tree=10
num_leaves=12
num_cat=0
split_feature=0 0 0 5 11 1 0 0 15 3 15
split_gain=65.204 12.2001 11.8484 10.8214 5.98032 4.4453 3.8696 3.24036 2.76141 4.74007 2.59006
threshold=-1.9630029797554014 -3.7864283323287959 0.19945200532674792 inf 0.47175559401512152 1.2800597548484804 0.6536756455898286 -5.282604217529296 0.10554825887084009 -2.9957970380783077 -0.11094755306839942
decision_type=2 2 2 8 10 2 2 2 2 10 2
left_child=1 7 3 5 -5 -2 -4 -1 9 -6 -8
right_child=2 -3 6 4 8 -7 10 -9 -10 -11 -12
leaf_value=-0.00024678125464303648 -3.3995923674356853e-06 -7.2841196656652201e-05 8.8971566033179206e-06 5.1616485671246907e-05 0.00014579316253284522 -3.0204594058290523e-05 1.2301824732505089e-05 -0.00014979454409145063 0.00024451642416362882 0.00086108541464543207 3.57110989089102e-05
leaf_weight=12478 1195424 92541 1232459 1891 380 197347 224523 39165 937 783 305795
leaf_count=12478 1195424 92541 1232459 1891 380 197347 224523 39165 937 783 305795
internal_value=-1.2429e-09 -0.000108811 4.96404e-06 -6.41804e-06 0.000265594 -7.19829e-06 1.39833e-05 -0.000173249 0.000457756 0.000628445 2.58018e-05
internal_weight=3.30372e+06 144184 3.15954e+06 1.39676e+06 3991 1.39277e+06 1.76278e+06 51643 2100 1163 530318
internal_count=3303723 144184 3159539 1396762 3991 1392771 1762777 51643 2100 1163 530318
is_linear=0
shrinkage=0.00523217


Tree=11
num_leaves=12
num_cat=0
split_feature=0 0 0 23 11 1 0 8 11 0 24
split_gain=64.3299 12.1163 11.6168 9.46423 6.75597 6.06563 3.20242 2.51139 1.92657 2.00225 1.74661
threshold=-1.9630029797554014 -3.7864283323287959 0.44264593720436102 inf 0.47175559401512152 1.2536081671714785 -5.282604217529296 -1.0169518589973447 1.2463823556900027 1.5352184772491457 -2.2415497303009029
decision_type=2 2 2 8 10 2 2 8 8 2 10
left_child=1 6 3 5 -5 7 -1 -2 9 -4 -6
right_child=2 -3 8 4 10 -7 -8 -9 -10 -11 -12
leaf_value=-0.0002454411686088304 -1.3353183138336065e-05 -7.2232481251952022e-05 1.7090686704201251e-05 3.5955771461105363e-05 0.00081131027377076125 -2.9240840392462795e-05 -0.00014899307325149785 3.0138611934393427e-06 3.5742716654494447e-05 -5.6121679484851835e-05 0.00039000571750764105
leaf_weight=12472 305534 92524 861059 2105 324 209841 39124 1603895 164631 10343 1776
leaf_count=12472 305534 92524 861059 2105 324 209841 39124 1603895 164631 10343 1776
internal_value=2.89965e-08 -0.000108074 4.96037e-06 -2.04704e-06 0.000245893 -2.53951e-06 -0.000172328 3.94489e-07 1.93237e-05 1.62207e-05 0.000455809
internal_weight=3.30363e+06 144120 3.15951e+06 2.12348e+06 4205 2.11927e+06 51596 1.90943e+06 1.03603e+06 871402 2100
internal_count=3303628 144120 3159508 2123475 4205 2119270 51596 1909429 1036033 871402 2100
is_linear=0
shrinkage=0.00523217


Tree=12
num_leaves=12
num_cat=0
split_feature=1 9 1 23 9 12 6 9 9 9 9
split_gain=56.477 21.7869 11.7046 8.24441 5.93169 5.47624 4.57346 3.46252 3.29384 2.81261 2.78149
threshold=1.5620352029800417 0.10019097849726678 2.4869270324707036 inf -0.69506815075874318 0.92186531424522411 -1.122499883174896 0.21549414843320849 -0.12817240506410596 0.3415303379297257 0.30117921531200414
decision_type=2 10 2 8 8 8 2 10 10 10 10
left_child=1 3 6 4 -1 8 9 -4 -6 -2 -3
right_child=2 10 7 -5 5 -7 -8 -9 -10 -11 -12
leaf_value=-1.5284312061520099e-05 -6.8650670825560033e-05 -8.8395709279990128e-06 -0.00010839096832980218 0.00029960379923988576 2.0497778771273106e-05 3.9745536711009687e-05 -3.9596980754833125e-05 -0.00020853458710737269 6.4984989348479243e-06 -0.0001319368572527803 -2.8302042512862935e-05
leaf_weight=176643 51961 460667 17153 2766 885740 241048 100927 21195 957935 30612 356893
leaf_count=176643 51961 460667 17153 2766 885740 241048 100927 21195 957935 30612 356893
internal_value=9.54277e-09 5.81425e-06 -8.06197e-05 1.41742e-05 1.38246e-05 1.62914e-05 -6.32383e-05 -0.000163766 1.32245e-05 -9.21238e-05 -1.73366e-05
internal_weight=3.30354e+06 3.08169e+06 221848 2.26413e+06 2.26137e+06 2.08472e+06 183500 38348 1.84368e+06 82573 817560
internal_count=3303540 3081692 221848 2264132 2261366 2084723 183500 38348 1843675 82573 817560
is_linear=0
shrinkage=0.00523217


Tree=13
num_leaves=12
num_cat=0
split_feature=1 9 1 5 9 9 1 1 7 9 24
split_gain=55.7311 23.0603 8.84704 8.80725 5.83753 5.04248 3.83854 3.5674 3.5529 3.42057 3.24823
threshold=1.7350617647171023 0.10019097849726678 2.4869270324707036 inf -0.69506815075874318 -0.12817240506410596 0.91215175390243541 -0.36287499964237208 2.1892343759536748 0.21549414843320849 -2.3433829545974727
decision_type=2 10 2 8 8 10 2 2 8 10 10
left_child=1 3 -2 4 -1 7 -3 -6 10 -4 -5
right_child=2 6 9 8 5 -7 -8 -9 -10 -11 -12
leaf_value=-1.524237163644962e-05 -7.2143614708644979e-05 -1.3191201798075708e-05 -0.00010757982716363973 0.0012185096746837182 3.4599027960511367e-05 7.7521819833147325e-06 -4.2382403033144708e-05 1.5112456362999572e-05 5.6282220213310919e-05 -0.00020714232164314032 0.00038588220354766282
leaf_weight=181019 129599 691425 17137 140 469993 1071537 150137 568497 958 21194 1589
leaf_count=181019 129599 691425 17137 140 469993 1071537 150137 568497 958 21194 1589
internal_value=5.18395e-08 5.02588e-06 -9.28093e-05 1.36211e-05 1.32695e-05 1.5716e-05 -1.84e-05 2.39324e-05 0.000312942 -0.000162656 0.000454552
internal_weight=3.30322e+06 3.1353e+06 167930 2.29373e+06 2.29105e+06 2.11003e+06 841562 1.03849e+06 2687 38331 1729
internal_count=3303225 3135295 167930 2293733 2291046 2110027 841562 1038490 2687 38331 1729
is_linear=0
shrinkage=0.00523217


Tree=14
num_leaves=12
num_cat=0
split_feature=0 0 0 0 8 20 8 11 20 17 16
split_gain=62.8937 11.8511 11.4413 3.80064 3.75195 3.38404 3.16085 4.37687 5.58286 2.30127 2.05459
threshold=-1.9630029797554014 -3.7864283323287959 0.19945200532674792 0.6536756455898286 -0.84814345836639393 0.0094491313211619871 -0.84814345836639393 0.41211320459842687 1.4373075962066653 0.41444928944110876 -0.1220373436808586
decision_type=2 2 2 2 8 10 10 10 8 2 2
left_child=1 5 4 -4 -2 -1 7 -6 -9 -7 -8
right_child=2 -3 3 -5 6 9 10 8 -10 -11 -12
leaf_value=-0.0001033421142017983 -2.0658897658907927e-05 -7.1461657740687733e-05 8.6832543250779615e-06 2.5437144341783735e-05 3.3554115928932623e-05 -0.00014805554883806239 -9.138608615688435e-06 0.0014942692276562633 0.00027621625622662669 -0.00023221156546703118 5.6904964651153407e-06
leaf_weight=14745 368116 92560 1232355 530284 3838 15300 520671 111 1340 21541 502692
leaf_count=14745 368116 92560 1232355 530284 3838 15300 520671 111 1340 21541 502692
internal_value=-1.55208e-08 -0.000106895 4.86059e-06 1.37241e-05 -6.32404e-06 -0.000170455 -1.19333e-06 0.000126369 0.00037109 -0.000197289 -1.85354e-06
internal_weight=3.30355e+06 144146 3.15941e+06 1.76264e+06 1.39677e+06 51586 1.02865e+06 5289 1451 36841 1.02336e+06
internal_count=3303553 144146 3159407 1762639 1396768 51586 1028652 5289 1451 36841 1023363
is_linear=0
shrinkage=0.00523217


Tree=15
num_leaves=12
num_cat=0
split_feature=0 9 0 0 23 11 6 18 7 6 9
split_gain=62.0841 22.737 11.7908 8.62181 8.83826 6.83713 3.70551 3.25544 3.11815 3.00784 2.88111
threshold=-1.9630029797554014 0.10019097849726678 -3.7864283323287959 0.48914088308811193 inf 0.47175559401512152 -2.4966753721237178 -1.4364024996757505 2.1892343759536748 -0.5940861403942107 -0.69506815075874318
decision_type=2 10 2 2 8 10 2 10 10 2 8
left_child=2 3 6 4 7 -6 -1 -2 -7 -3 -9
right_child=1 9 -4 -5 5 8 -8 10 -10 -11 -12
leaf_value=-0.00022005419347659956 -2.5614459218994786e-05 -3.751592202195392e-05 -7.0842278116981536e-05 2.8325678730267879e-05 6.217417690746706e-05 0.00074087677210052686 -0.00013051305834588473 -1.67237020424372e-05 0.00015224864068906553 -1.3238813526284503e-05 9.9422631736585018e-06
leaf_weight=22498 84350 176188 92570 723887 1506 930 29108 120627 341 675940 1375518
leaf_count=22498 84350 176188 92570 723887 1506 930 29108 120627 341 675940 1375518
internal_value=-8.88444e-09 4.8364e-06 -0.000106187 1.3367e-05 6.52718e-06 0.000301385 -0.000169569 6.00837e-06 0.000583872 -1.82594e-05 7.79177e-06
internal_weight=3.30346e+06 3.15929e+06 144176 2.30716e+06 1.58327e+06 2777 51606 1.5805e+06 1271 852128 1.49614e+06
internal_count=3303463 3159287 144176 2307159 1583272 2777 51606 1580495 1271 852128 1496145
is_linear=0
shrinkage=0.00523217


Tree=16
num_leaves=12
num_cat=0
split_feature=1 1 5 1 11 15 5 15 2 24 1
split_gain=54.1365 11.1581 9.12502 7.2952 6.16583 4.45328 3.2999 2.7517 3.5042 4.36911 2.56103
threshold=1.5620352029800417 2.4869270324707036 inf 0.76421716809272777 0.47175559401512152 -0.12595121562480924 1.3409935832023623 0.10554825887084009 2.0594034194946294 -2.4571427106857295 -1.1849080920219419
decision_type=2 2 8 2 10 2 10 2 8 10 2
left_child=2 6 3 5 -4 -1 -2 8 9 -6 -7
right_child=1 -3 4 -5 7 10 -8 -9 -10 -11 -12
leaf_value=1.4740766853782807e-06 -4.8811179189318708e-05 -0.00016015201787907514 4.2491159451169428e-05 -1.4039053404566314e-05 0.0025074524915959704 3.2015520488348985e-05 -9.9423141832730158e-05 0.00023659683318603167 0.00024121229717907373 0.00073789493410117706 1.2138248412118895e-05
leaf_weight=1235694 135759 38330 1975 452806 40 208923 47715 935 431 698 1180441
leaf_count=1235694 135759 38330 1975 452806 40 208923 47715 935 431 698 1180441
internal_value=1.09829e-09 -7.89482e-05 5.68328e-06 5.35522e-06 0.000252958 8.70092e-06 -6.19785e-05 0.000450004 0.000619595 0.000838749 1.51279e-05
internal_weight=3.30375e+06 221804 3.08194e+06 3.07786e+06 4079 2.62506e+06 183474 2104 1169 738 1.38936e+06
internal_count=3303747 221804 3081943 3077864 4079 2625058 183474 2104 1169 738 1389364
is_linear=0
shrinkage=0.00523217


Tree=17
num_leaves=12
num_cat=0
split_feature=1 9 1 5 15 9 9 9 9 9 9
split_gain=53.3729 21.0298 11.1027 8.30686 6.86264 4.33376 3.41639 3.08152 3.71973 3.02873 2.66577
threshold=1.5620352029800417 0.10019097849726678 2.4869270324707036 inf -0.17041480541229245 0.28456902503967291 0.29240934550762182 -0.060428826138377183 -0.69506815075874318 -0.54172739386558522 0.30117921531200414
decision_type=2 10 2 8 2 10 10 10 8 8 10
left_child=1 3 5 4 9 -2 -4 8 -6 -1 -3
right_child=2 10 6 -5 7 -7 -8 -9 -10 -11 -12
leaf_value=-1.9361050851503926e-05 -4.2510434850792884e-05 -8.7678852811799325e-06 -0.00010913674438551671 0.00030478342771825728 -4.9568328996210138e-06 -9.5643255158077615e-05 -0.0002080348782705054 1.0571686620915682e-05 3.1974335959820811e-05 7.1469648326465062e-06 -2.782182670683636e-05
leaf_weight=135515 118138 460758 18911 2683 83414 65314 19460 421841 708422 912215 356802
leaf_count=135515 118138 460758 18911 2683 83414 65314 19460 421841 708422 912215 356802
internal_value=1.78193e-08 5.66054e-06 -7.8369e-05 1.38741e-05 1.35284e-05 -6.14321e-05 -0.000159319 2.19972e-05 2.80829e-05 3.71759e-06 -1.70845e-05
internal_weight=3.30347e+06 3.08165e+06 221823 2.26409e+06 2.26141e+06 183452 38371 1.21368e+06 791836 1.04773e+06 817560
internal_count=3303473 3081650 221823 2264090 2261407 183452 38371 1213677 791836 1047730 817560
is_linear=0
shrinkage=0.00523217


Tree=18
num_leaves=12
num_cat=0
split_feature=6 6 6 10 7 18 22 24 18 10 18
split_gain=34.8495 8.55253 5.86675 3.46687 3.43376 3.32668 3.32277 3.57107 2.83982 2.38126 2.11858
threshold=-1.1640663743019102 -3.5269935131072994 -0.38053575158119196 inf 0.27257333695888525 2.5046997070312504 4.9545192718505868 -2.2415497303009029 -1.3908087611198423 -0.013512532226741312 0.34292060136795049
decision_type=2 2 2 8 8 10 10 10 8 8 10
left_child=1 9 -2 4 8 -5 7 -7 -4 -1 -10
right_child=2 -3 3 5 -6 6 -8 -9 10 -11 -12
leaf_value=-0.00020731833044199271 -1.3202418471582031e-05 -4.2989681673373711e-05 -8.5012080577250644e-06 -1.9069817442328731e-05 4.0963134410196339e-07 0.00088802506061207067 0.0027164554012853079 0.0002129409646123975 1.8830411348647525e-05 -0.00010550406602210164 4.4543016481853265e-06
leaf_weight=7976 401986 263448 154815 1154 989653 257 14.999999999999998 1318 1072622 30193 380273
leaf_count=7976 401986 263448 154815 1154 989653 257 15 1318 1072622 30193 380273
internal_value=1.21504e-08 -5.35996e-05 5.39876e-06 8.27488e-06 8.07814e-06 0.000194126 0.000349265 0.00032419 1.27981e-05 -0.000126807 1.50682e-05
internal_weight=3.30371e+06 301617 3.00209e+06 2.60011e+06 2.59736e+06 2744 1590 1575 1.60771e+06 38169 1.4529e+06
internal_count=3303710 301617 3002093 2600107 2597363 2744 1590 1575 1607710 38169 1452895
is_linear=0
shrinkage=0.00523217


Tree=19
num_leaves=12
num_cat=0
split_feature=9 6 6 23 9 15 13 9 6 20 15
split_gain=37.9747 14.1613 13.438 7.45088 6.26674 6.90594 5.19366 3.66043 3.46672 2.96647 3.66704
threshold=0.27668710052967077 -1.1640663743019102 -0.73289549350738514 inf 0.043269108980894096 -0.17041480541229245 0.56445595622062694 -0.49921043217182154 -2.8982431888580318 1.2433170080184939 0.10554825887084009
decision_type=10 2 2 8 10 2 10 8 2 10 2
left_child=2 6 8 4 5 7 -2 -4 -1 -5 -11
right_child=1 -3 3 9 -6 -7 -8 -9 -10 10 -12
leaf_value=-7.2591831341417266e-05 -6.13238809676417e-05 -2.8747594823946457e-05 -1.8317380542345202e-05 0 -3.7109522265609021e-06 2.5068731069007484e-05 -0.00013802344007457309 9.9524288123762009e-06 -1.7912610298810885e-05 0.00060593108180657127 0.00015460591140782553
leaf_weight=35491 48463 380848 151679 734 587047 1024210 48326 722970 301599 1034 954
leaf_count=35491 48463 380848 151679 734 587047 1024210 48326 722970 301599 1034 954
internal_value=3.53312e-08 -4.3113e-05 7.32908e-06 1.15286e-05 1.12286e-05 1.58477e-05 -9.96289e-05 5.04903e-06 -2.36722e-05 0.000285074 0.000389974
internal_weight=3.30336e+06 477637 2.82572e+06 2.48863e+06 2.48591e+06 1.89886e+06 96789 874649 337090 2722 1988
internal_count=3303355 477637 2825718 2488628 2485906 1898859 96789 874649 337090 2722 1988
is_linear=0
shrinkage=0.00523217


Tree=20
num_leaves=12
num_cat=0
split_feature=1 1 5 1 12 5 22 2 24 4 17
split_gain=52.6699 10.0567 8.57758 8.26647 4.38838 2.97419 2.8034 2.68422 2.38058 10.6615 2.26755
threshold=1.7350617647171023 0.76421716809272777 inf 2.4869270324707036 0.8545626997947694 1.4761263728141787 -0.7785578966140746 2.3377778530120854 -2.2415497303009029 -1.2870070338249204 0.34214143455028539
decision_type=2 2 8 2 8 10 8 8 10 10 2
left_child=1 2 4 5 -1 -2 -3 8 9 -4 -5
right_child=3 6 7 10 -6 -7 -8 -9 -10 -11 -12
leaf_value=5.6631978569549188e-06 -5.5672296264819465e-05 -4.8974350899507594e-05 0.00032897843712061337 -0.00010909205954795595 2.4205585843953582e-05 -0.00011336504653621752 -1.1824811955004089e-05 3.7216485168013496e-05 0.00028425270856155261 0.0030090972809568854 -0.00019117382508778864
leaf_weight=2209690 96839 63616 242 15617 415096 32792 442962 1169 2592 48 22718
leaf_count=2209690 96839 63616 242 15617 415096 32792 442962 1169 2592 48 22718
internal_value=1.81132e-08 4.85393e-06 8.96756e-06 -9.02465e-05 8.59589e-06 -7.02736e-05 -1.64917e-05 0.000249513 0.000335296 0.000785757 -0.000157761
internal_weight=3.30338e+06 3.13542e+06 2.62884e+06 167966 2.62479e+06 129631 506578 4051 2882 290 38335
internal_count=3303381 3135415 2628837 167966 2624786 129631 506578 4051 2882 290 38335
is_linear=0
shrinkage=0.00523217


Tree=21
num_leaves=12
num_cat=0
split_feature=9 15 23 20 9 12 9 9 9 2 15
split_gain=37.4939 10.1037 9.01569 8.68234 4.68424 3.82338 3.56307 3.80238 3.13129 2.97051 2.80123
threshold=0.12175893038511278 -0.17041480541229245 inf 1.6782902479171755 0.3308198750019074 0.74708649516105663 -0.060428826138377183 -0.69506815075874318 0.67724591493606578 0.74023410677909862 0.10554825887084009
decision_type=10 2 8 10 10 8 10 8 10 8 2
left_child=1 5 6 4 -2 -1 7 -3 -5 -6 -4
right_child=3 2 10 8 9 -7 -8 -9 -10 -11 -12
leaf_value=-5.0882521810815897e-06 -1.3308832167765537e-05 -5.9798432734748201e-06 0.00048291207619790351 -6.051676296678576e-05 -2.8008083661065909e-05 2.0019049011285033e-05 8.4789203129279951e-06 3.0487685101481176e-05 -0.00013572280558388379 -5.9676042242997948e-05 0.00013850953866477239
leaf_weight=960938 428844 87708 1432 42444 235483 200718 472591 724756 23636 123822 1195
leaf_count=960938 428844 87708 1432 42444 235483 200718 472591 724756 23636 123822 1195
internal_value=2.84289e-08 1.04383e-05 2.05316e-05 -2.98188e-05 -2.49873e-05 -7.49352e-07 1.99048e-05 2.65499e-05 -8.74311e-05 -3.89237e-05 0.000326685
internal_weight=3.30357e+06 2.44934e+06 1.28768e+06 854229 788149 1.16166e+06 1.28506e+06 812464 66080 359305 2627
internal_count=3303567 2449338 1287682 854229 788149 1161656 1285055 812464 66080 359305 2627
is_linear=0
shrinkage=0.00523217


Tree=22
num_leaves=12
num_cat=0
split_feature=0 9 0 0 23 6 22 1 18 7 9
split_gain=59.2029 21.7726 11.4724 8.39238 7.96034 3.49315 3.29612 3.21956 3.18165 2.83647 2.83009
threshold=-1.9630029797554014 0.096734013408422484 -3.7864283323287959 0.48914088308811193 inf -2.4966753721237178 4.9545192718505868 0.91215175390243541 -1.4364024996757505 2.1892343759536748 -0.69506815075874318
decision_type=2 10 2 2 8 2 10 2 10 8 8
left_child=2 3 5 4 8 -1 9 -3 -2 -6 -10
right_child=1 7 -4 -5 6 -7 -8 -9 10 -11 -12
leaf_value=-0.00021515935278748152 -2.540591562941424e-05 -1.2761210254949854e-05 -6.8793427751571417e-05 2.7969405695394853e-05 0.00039266036535100094 -0.00012823291071924642 0.0021771018990155472 -3.8614460344594475e-05 -1.6602940414767016e-05 3.751540862307137e-05 9.8355360465650783e-06
leaf_weight=22521 83997 702402 92525 721091 1781 29094 24 162406 120602 949 1366322
leaf_count=22521 83997 702402 92525 721091 1781 29094 24 162406 120602 949 1366322
internal_value=2.47249e-08 4.75574e-06 -0.000103673 1.31876e-05 6.41375e-06 -0.000166181 0.000287411 -1.76173e-05 5.92041e-06 0.000269569 7.6906e-06
internal_weight=3.30371e+06 3.15957e+06 144140 2.29477e+06 1.57368e+06 51615 2754 864808 1.57092e+06 2730 1.48692e+06
internal_count=3303714 3159574 144140 2294766 1573675 51615 2754 864808 1570921 2730 1486924
is_linear=0
shrinkage=0.00523217


Tree=23
num_leaves=12
num_cat=0
split_feature=1 9 1 5 15 9 7 9 24 20 22
split_gain=51.5781 20.1237 10.7715 8.05713 6.56697 4.17903 3.37154 3.2504 3.15435 5.13339 3.29604
threshold=1.5620352029800417 0.10019097849726678 2.4869270324707036 inf -0.17041480541229245 0.28456902503967291 2.1892343759536748 0.21549414843320849 -2.3433829545974727 1.5726795196533205 3.1126409769058232
decision_type=2 10 2 8 2 10 8 10 10 10 10
left_child=1 3 5 4 -1 -2 8 -4 9 -5 -10
right_child=2 -3 7 6 -6 -7 -8 -9 10 -11 -12
leaf_value=3.6120179749857749e-06 -4.18216083126047e-05 -1.6733962258242089e-05 -0.00010318650034941924 0.0035174413076731604 2.1493321188183986e-05 -9.4000307857418846e-05 4.9214465081599026e-05 -0.00020017814770096078 0.00033660391162293799 0.00074165906902417546 0.002118702235554719
leaf_weight=1047770 118102 817584 17167 21 1213674 65315 957 21211 1568 118 28
leaf_count=1047770 118102 817584 17167 21 1213674 65315 957 21211 1568 118 28
internal_value=-3.07866e-08 5.51531e-06 -7.7094e-05 1.35499e-05 1.32089e-05 -6.04074e-05 0.000299574 -0.000156818 0.000437078 0.00119287 0.000369916
internal_weight=3.30352e+06 3.08172e+06 221795 2.26414e+06 2.26144e+06 183417 2692 38378 1735 139 1596
internal_count=3303515 3081720 221795 2264136 2261444 183417 2692 38378 1735 139 1596
is_linear=0
shrinkage=0.00523217


Tree=24
num_leaves=12
num_cat=0
split_feature=0 0 0 6 0 6 20 8 11 15 3
split_gain=57.9867 11.3079 10.031 4.39637 3.66894 3.53375 3.29433 2.99269 4.17939 2.45961 2.3338
threshold=-2.1106903553009029 0.19945200532674792 -3.7864283323287959 -0.73289549350738514 0.6536756455898286 -2.4966753721237178 0.055034842342138297 inf 0.42605806887149816 -0.11094755306839942 0.62311905622482311
decision_type=2 2 2 2 2 2 8 8 10 2 10
left_child=2 3 5 -2 -3 -1 -5 10 -9 -6 -8
right_child=1 4 -4 6 9 -7 7 8 -10 -11 -12
leaf_value=-0.00021391316199864251 -2.424779480801086e-05 8.3553722597698495e-06 -7.0920698485909959e-05 -1.1101705318209058e-05 1.1661931294590333e-05 -0.00012646955702634563 1.3797512639629296e-07 4.1008047433768445e-05 0.00037825218446893214 3.4474219709513402e-05 2.55737124430613e-05
leaf_weight=22503 302550 1232467 79536 533361 224548 29099 441280 3680 1387 305745 127243
leaf_count=22503 302550 1232467 79536 533361 224548 29099 441280 3680 1387 305745 127243
internal_value=1.69872e-08 4.47428e-06 -0.000107799 -6.57252e-06 1.33077e-05 -0.000164622 -1.7408e-06 6.96218e-06 0.000133548 2.48161e-05 5.83229e-06
internal_weight=3.3034e+06 3.17226e+06 131138 1.4095e+06 1.76276e+06 51602 1.10695e+06 573590 5067 530293 568523
internal_count=3303399 3172261 131138 1409501 1762760 51602 1106951 573590 5067 530293 568523
is_linear=0
shrinkage=0.00523217


Tree=25
num_leaves=12
num_cat=0
split_feature=0 9 0 0 5 11 6 19 9 6 9
split_gain=57.4167 21.1684 11.1398 8.24223 8.20378 6.56574 3.4956 3.33008 2.94537 2.84216 2.77674
threshold=-1.9630029797554014 0.096734013408422484 -3.7864283323287959 0.48914088308811193 inf 0.51788967847824108 -2.4966753721237178 1.9455483555793764 -0.49921043217182154 -0.5940861403942107 -0.6646817922592162
decision_type=2 10 2 2 8 10 2 10 8 2 10
left_child=2 3 6 4 8 -6 -1 -7 -2 -3 -5
right_child=1 9 -4 10 5 7 -8 -9 -10 -11 -12
leaf_value=-0.00021278279439526987 -1.300997104173919e-05 -3.5995720253931031e-05 -6.774456738528461e-05 -6.3785932653653133e-06 6.1375984713445565e-05 0.0013096415854456094 -0.000125797448618438 0.00047722450415382215 8.5190750936232778e-06 -1.2545280153682509e-05 3.0739286597746415e-05
leaf_weight=22485 199202 178294 92509 60160 1462 152 29107 1038 1371654 686508 660986
leaf_count=22485 199202 178294 92509 60160 1462 152 29107 1038 1371654 686508 660986
internal_value=2.067e-08 4.67934e-06 -0.000102116 1.29937e-05 6.27995e-06 0.000296982 -0.000163727 0.000585418 5.78843e-06 -1.7381e-05 2.76417e-05
internal_weight=3.30356e+06 3.15946e+06 144101 2.29465e+06 1.57351e+06 2652 51592 1190 1.57086e+06 864802 721146
internal_count=3303557 3159456 144101 2294654 1573508 2652 51592 1190 1570856 864802 721146
is_linear=0
shrinkage=0.00523217


Tree=26
num_leaves=12
num_cat=0
split_feature=1 9 1 15 10 9 9 9 9 9 12
split_gain=49.7972 19.5815 10.2848 6.91585 4.08671 4.02038 3.1765 2.98014 3.78637 2.92834 2.89584
threshold=1.5620352029800417 0.10019097849726678 2.4869270324707036 -0.17041480541229245 inf 0.28456902503967291 0.29240934550762182 -0.078811056911945329 -0.69506815075874318 -0.54172739386558522 0.92186531424522411
decision_type=2 10 2 2 8 10 10 10 8 8 8
left_child=1 3 5 9 7 -2 -4 8 -5 -1 -11
right_child=2 -3 6 4 -6 -7 -8 -9 -10 10 -12
leaf_value=-1.920036137812222e-05 -4.1222757188400473e-05 -1.6528250121401504e-05 -0.00010530194309751417 -5.1785134327996686e-06 0.00028431599418052853 -9.2388440973116282e-05 -0.00020070370000963098 1.1186907145763805e-05 3.2212167035764028e-05 3.8357183628594529e-06 3.5551387130212191e-05
leaf_weight=135499 118153 817528 18906 83487 1621 65353 19437 471153 659730 825353 87144
leaf_count=135499 118153 817528 18906 83487 1621 65353 19437 471153 659730 825353 87144
internal_value=-3.04894e-08 5.41999e-06 -7.57417e-05 1.33459e-05 2.18355e-05 -5.94495e-05 -0.000153689 2.14842e-05 2.80109e-05 3.49458e-06 6.86551e-06
internal_weight=3.30336e+06 3.08152e+06 221849 2.26399e+06 1.21599e+06 183506 38343 1.21437e+06 743217 1.048e+06 912497
internal_count=3303364 3081515 221849 2263987 1215991 183506 38343 1214370 743217 1047996 912497
is_linear=0
shrinkage=0.00523217


Tree=27
num_leaves=12
num_cat=0
split_feature=0 9 0 0 23 22 18 0 9 9 12
split_gain=56.5761 20.7384 10.8843 8.21003 8.16781 3.20009 3.16645 2.98245 2.79213 4.01778 2.74841
threshold=-1.9630029797554014 0.10361113026738168 -3.7864283323287959 0.48914088308811193 inf 4.9545192718505868 -1.4364024996757505 -5.282604217529296 -0.084415346384048448 -0.61423721909522999 0.99190786480903637
decision_type=2 10 2 2 8 10 8 2 8 10 8
left_child=2 3 7 4 6 -6 -2 -1 9 -5 -8
right_child=1 -3 -4 8 5 -7 10 -9 -10 -11 -12
leaf_value=-0.00023289870394942511 -2.55745675266387e-05 -1.7655336688571154e-05 -6.7424263049789684e-05 -3.1087070382036321e-06 0.00027084901123807469 0.0021504251391618939 5.7171677565747377e-06 -0.0001397897834187676 1.0805329493687299e-05 3.9370681201182909e-05 3.9056010635238072e-05
leaf_weight=12462 84758 839942 92522 70391 2780 24 1434136 39113 203423 452917 71057
leaf_count=12462 84758 839942 92522 70391 2780 24 1434136 39113 203423 452917 71057
internal_value=-3.71328e-09 4.62022e-06 -0.000101392 1.26871e-05 6.03721e-06 0.000288122 5.53902e-06 -0.000162308 2.72603e-05 3.36552e-05 7.29159e-06
internal_weight=3.30352e+06 3.15943e+06 144097 2.31949e+06 1.59276e+06 2804 1.58995e+06 51575 726731 523308 1.50519e+06
internal_count=3303525 3159428 144097 2319486 1592755 2804 1589951 51575 726731 523308 1505193
is_linear=0
shrinkage=0.00523217


Tree=28
num_leaves=12
num_cat=0
split_feature=1 1 6 12 6 10 6 2 3 1 12
split_gain=49.0162 10.0807 7.13001 4.60708 4.29545 3.67713 2.93888 2.59303 2.27838 1.97091 1.79414
threshold=1.5620352029800417 2.4869270324707036 -0.49614636600017542 0.79398727416992199 -1.122499883174896 inf -2.4966753721237178 0.70053711533546459 -1.1677263379096983 1.045730769634247 -0.31735560297965998
decision_type=2 2 2 8 2 8 2 10 10 2 8
left_child=2 4 9 5 -2 7 -3 10 -7 -1 -4
right_child=1 6 3 -5 -6 8 -8 -9 -10 -11 -12
leaf_value=-7.498484562173081e-06 -8.6981041677240258e-05 -0.00020633492752866205 1.8403972620592487e-05 2.2921166381379394e-05 -3.607442588722339e-05 0.00033541275945710402 -0.00011333533800342858 -5.6992727433868541e-06 1.7673907997093551e-05 -3.294357085218208e-05 5.2766364799743542e-06
leaf_weight=360566 82588 16052 368165 507612 100891 1493 22297 470733 1063 108439 1263464
leaf_count=360566 82588 16052 368165 507612 100891 1493 22297 470733 1063 108439 1263464
internal_value=-7.55464e-09 -7.51264e-05 5.39973e-06 8.77203e-06 -5.89934e-05 5.3595e-06 -0.000152289 5.11792e-06 0.000203654 -1.33834e-05 8.23923e-06
internal_weight=3.30336e+06 221828 3.08154e+06 2.61253e+06 183479 2.10492e+06 38349 2.10236e+06 2556 469005 1.63163e+06
internal_count=3303363 221828 3081535 2612530 183479 2104918 38349 2102362 2556 469005 1631629
is_linear=0
shrinkage=0.00523217


Tree=29
num_leaves=12
num_cat=0
split_feature=0 0 0 23 6 6 16 15 12 15 13
split_gain=55.6272 10.7658 10.4418 8.50319 5.10422 3.33018 3.149 4.76899 2.62779 2.55151 2.39561
threshold=-1.9630029797554014 -3.7864283323287959 0.44264593720436102 inf -0.55397459864616383 -2.4966753721237178 -0.02696682512760162 0.10554825887084009 0.91324067115783703 -0.12595121562480924 0.84369382262229931
decision_type=2 2 2 8 2 2 2 2 8 2 8
left_child=1 5 3 4 -2 -1 -5 -8 10 -4 -6
right_child=2 -3 9 6 8 -7 7 -9 -10 -11 -12
leaf_value=-0.00020901454407533618 -1.8880340583731792e-05 -6.68034259559801e-05 8.6434506589750136e-06 -4.2861502294624475e-05 2.8908170903715492e-06 -0.00012411319340037926 0.00050348574495274535 0.00010621590833870896 2.4195856390573898e-05 2.524289586615609e-05 -1.3089807459821456e-05
leaf_weight=22498 421634 92538 443242 890 1245338 29093 1674 1648 128615 592751 323503
leaf_count=22498 421634 92538 443242 890 1245338 29093 1674 1648 128615 592751 323503
internal_value=-6.16396e-08 -0.000100584 4.52403e-06 -2.1199e-06 -2.58714e-06 -0.000161157 0.000232699 0.000306755 1.45949e-06 1.81417e-05 -4.03964e-07
internal_weight=3.30342e+06 144129 3.1593e+06 2.1233e+06 2.11909e+06 51591 4212 3322 1.69746e+06 1.03599e+06 1.56884e+06
internal_count=3303424 144129 3159295 2123302 2119090 51591 4212 3322 1697456 1035993 1568841
is_linear=0
shrinkage=0.00523217


Tree=30
num_leaves=12
num_cat=0
split_feature=0 0 0 5 4 0 6 5 1 17 24
split_gain=54.7497 10.7048 10.3525 9.19747 3.92554 3.40017 3.34207 2.44731 2.40549 2.19484 2.2851
threshold=-1.9630029797554014 -3.7864283323287959 0.21643524616956714 inf -0.95489516854286183 0.6536756455898286 -2.4966753721237178 1.3817513585090639 -0.26911412179470057 -0.8435721993446349 -1.444857060909271
decision_type=2 2 2 8 8 2 2 10 2 2 10
left_child=1 6 3 4 -2 -4 -1 -6 -7 -5 -11
right_child=2 -3 5 9 7 8 -8 -9 -10 10 -12
leaf_value=-0.00020800826220776614 -2.2779551114531557e-05 -6.599243081777192e-05 8.3582633208250313e-06 0.00057377750465685713 7.7730173276362571e-07 2.6495479942302998e-05 -0.00012296878512006601 -2.4372245956112593e-05 -3.2380836394042355e-05 0.00043241049994995279 0.00012177349114007311
leaf_weight=22505 313733 92515 1182208 489 1010855 510649 29100 118315 19718 864 2646
leaf_count=22505 313733 92515 1182208 489 1010855 510649 29100 118315 19718 864 2646
internal_value=4.22403e-08 -9.96868e-05 4.59169e-06 -5.71184e-06 -6.40695e-06 1.32973e-05 -0.000160074 -1.85719e-06 2.4305e-05 0.000244822 0.000198587
internal_weight=3.3036e+06 144120 3.15948e+06 1.4469e+06 1.4429e+06 1.71258e+06 51605 1.12917e+06 530367 3999 3510
internal_count=3303597 144120 3159477 1446902 1442903 1712575 51605 1129170 530367 3999 3510
is_linear=0
shrinkage=0.00523217


Tree=31
num_leaves=12
num_cat=0
split_feature=9 5 5 9 5 9 11 11 2 19 9
split_gain=35.1426 9.25793 8.44815 7.56133 7.28972 5.63716 5.39022 3.78531 2.3113 2.23655 5.92789
threshold=0.29240934550762182 inf 1.4280173778533938 0.043269108980894096 1.7024818658828738 -0.69506815075874318 0.47175559401512152 1.4291235804557803 0.74968400597572338 2.2681202888488774 0.014578990638256075
decision_type=10 8 8 10 10 8 10 8 8 8 10
left_child=1 2 3 5 8 -1 -3 -7 -2 10 -8
right_child=4 6 -4 -5 -6 7 9 -9 -10 -11 -12
leaf_value=-1.402192516179224e-05 -2.645696314139031e-05 7.4570476725389659e-05 -2.5830611999819798e-05 -6.3604426755615854e-06 -0.00010131866617338503 1.4634416494025648e-05 0.0013595815962497383 4.2953594767221802e-05 -5.3133686405065552e-05 0.00038329416173399692 6.5699116782372586e-05
leaf_weight=178028 267568 1702 206211 662358 51766 1660827 239 140152 133341 1242 165
leaf_count=178028 267568 1702 206211 662358 51766 1660827 239 140152 133341 1242 165
internal_value=-5.37879e-08 6.74592e-06 6.42228e-06 8.94057e-06 -4.28797e-05 1.40621e-05 0.000281677 1.68387e-05 -3.53317e-05 0.000495134 0.000834855
internal_weight=3.3036e+06 2.85092e+06 2.84758e+06 2.64136e+06 452675 1.97901e+06 3348 1.80098e+06 400909 1646 404
internal_count=3303599 2850924 2847576 2641365 452675 1979007 3348 1800979 400909 1646 404
is_linear=0
shrinkage=0.00523217


Tree=32
num_leaves=12
num_cat=0
split_feature=0 0 5 0 11 1 0 20 20 1 20
split_gain=54.0159 11.1248 9.21928 8.4047 5.47683 4.67388 3.62567 2.87342 2.43381 2.37126 2.27132
threshold=-2.2822962999343868 0.16823949664831164 inf -4.2943010330200186 0.47175559401512152 1.2800597548484804 0.6536756455898286 0.01814411394298077 inf -0.26911412179470057 -0.23485539108514783
decision_type=2 2 8 2 10 2 2 10 8 2 8
left_child=3 2 5 7 -4 10 -3 -1 -5 -8 -2
right_child=1 6 4 8 -6 -7 9 -9 -10 -11 -12
leaf_value=-0.00010113513623331994 -1.4300971201392446e-05 7.7449452794592687e-06 3.8354969531607747e-05 -8.9627940819556119e-05 0.00042755856014255541 -3.0103850046474843e-05 2.6115707716925509e-05 -0.00020161470972244108 5.2607231534068637e-07 -3.2328788855412205e-05 1.5478025901801469e-06
leaf_weight=10900 373515 1322009 1881 70155 2100 221985 510606 27695 9262 19726 733765
leaf_count=10900 373515 1322009 1881 70155 2100 221985 510606 27695 9262 19726 733765
internal_value=1.44345e-08 4.08679e-06 -7.43777e-06 -0.000109906 0.00024393 -8.19141e-06 1.23822e-05 -0.000173262 -7.91038e-05 2.39402e-05 -3.79769e-06
internal_weight=3.3036e+06 3.18559e+06 1.33325e+06 118012 3981 1.32926e+06 1.85234e+06 38595 79417 530332 1.10728e+06
internal_count=3303599 3185587 1333246 118012 3981 1329265 1852341 38595 79417 530332 1107280
is_linear=0
shrinkage=0.00523217


Tree=33
num_leaves=12
num_cat=0
split_feature=6 6 5 11 12 2 23 6 10 19 20
split_gain=31.2495 7.67732 6.95569 6.86024 6.11944 4.70886 3.41404 2.8415 2.28025 2.17345 11.5356
threshold=-1.1640663743019102 -3.5269935131072994 inf 0.47175559401512152 0.79398727416992199 0.85756400227546703 0.28049625456333166 -0.38053575158119196 -0.013512532226741312 1.9455483555793764 1.4373075962066653
decision_type=2 2 8 10 8 8 8 2 8 8 10
left_child=1 8 4 -4 5 7 -3 -2 -1 10 -5
right_child=2 6 3 9 -6 -7 -8 -9 -10 -11 -12
leaf_value=-0.00019909196022913609 -1.1418459337043055e-05 -5.9126472226449522e-05 2.2221017520751319e-05 0.0035619221242239531 2.0632721065602445e-05 -1.3977401607121291e-05 -2.1425953663651764e-05 7.1338138929488812e-06 -9.9351679512472174e-05 0.00042639142897682409 0.00036169430023452319
leaf_weight=7951 259703 134935 1757 38 546985 451810 128438 1740378 30229 1339 150
leaf_count=7951 259703 134935 1757 38 546985 451810 128438 1740378 30229 1339 150
internal_value=-2.74001e-08 -5.08011e-05 5.07233e-06 0.000245699 4.80846e-06 1.27794e-06 -4.07444e-05 4.72446e-06 -0.000120149 0.000502095 0.00103101
internal_weight=3.30371e+06 301553 3.00216e+06 3284 2.99888e+06 2.45189e+06 263373 2.00008e+06 38180 1527 188
internal_count=3303713 301553 3002160 3284 2998876 2451891 263373 2000081 38180 1527 188
is_linear=0
shrinkage=0.00523217


Tree=34
num_leaves=12
num_cat=0
split_feature=0 9 0 0 5 1 22 9 9 9 6
split_gain=53.3752 21.0424 8.20787 8.06791 7.95298 3.73502 3.09882 2.84087 2.77702 3.94052 2.76977
threshold=-2.2822962999343868 0.10361113026738168 -4.2943010330200186 0.48914088308811193 inf 1.0684538483619692 4.9545192718505868 -0.46502758562564844 -0.084415346384048448 -0.61423721909522999 -2.4966753721237178
decision_type=2 10 2 2 8 2 10 8 8 10 2
left_child=2 3 10 4 7 -3 -6 -2 9 -5 -1
right_child=1 5 -4 8 6 -7 -8 -9 -10 -11 -12
leaf_value=-0.00021856189026256217 -1.2161727514381506e-05 -1.3381515397279635e-05 -7.8772817554582366e-05 -3.3562784615490223e-06 0.00027116443676160871 -4.3242576968821349e-05 0.0021212560113781313 7.9803219904951577e-06 1.0267840677000898e-05 3.8716720820809705e-05 -0.00012964488800640294
leaf_weight=18298 222562 715869 79436 70379 2687 136586 24 1381026 203460 452772 20325
leaf_count=18298 222562 715869 79436 70379 2687 136586 24 1381026 203460 452772 20325
internal_value=2.99782e-08 4.07916e-06 -0.000109214 1.22084e-05 5.6636e-06 -1.8167e-05 0.000288756 5.1843e-06 2.66756e-05 3.30552e-05 -0.000171796
internal_weight=3.30342e+06 3.18536e+06 118059 2.33291e+06 1.6063e+06 852455 2711 1.60359e+06 726611 523151 38623
internal_count=3303424 3185365 118059 2332910 1606299 852455 2711 1603588 726611 523151 38623
is_linear=0
shrinkage=0.00523217


Tree=35
num_leaves=12
num_cat=0
split_feature=1 1 1 11 18 1 4 22 17 18 18
split_gain=46.2788 9.48735 6.53045 4.1614 2.65628 4.68046 2.91716 2.65585 2.58951 2.41715 2.613
threshold=1.5620352029800417 2.4869270324707036 0.76421716809272777 1.3806394934654238 2.8230842351913457 -1.822549521923065 -1.2308778762817381 0.016937669366598133 1.2368544936180117 -1.4364024996757505 -0.046191450208425515
decision_type=2 2 2 8 8 2 10 8 2 10 10
left_child=2 7 3 9 -5 6 -6 8 -2 -1 -11
right_child=1 -3 -4 4 5 -7 -8 -9 -10 10 -12
leaf_value=-1.414832589189892e-05 -6.3048997079227393e-05 -0.00014788337538854785 -1.3130864920237046e-05 2.715360236527318e-05 0.0002779102016687515 9.3660805074511523e-06 0.00097564747470889595 -3.722128483382178e-05 -0.00013171588495769582 1.3116772379092765e-05 1.77550372919834e-06
leaf_weight=149222 73865 38344 452676 251339 402 1025 283 90712 18919 1143856 1082740
leaf_count=149222 73865 38344 452676 251339 402 1025 283 90712 18919 1143856 1082740
internal_value=-3.05788e-08 -7.30196e-05 5.22366e-06 8.38452e-06 2.85561e-05 0.000234065 0.000568527 -5.73706e-05 -7.70606e-05 6.23569e-06 7.60215e-06
internal_weight=3.30338e+06 221840 3.08154e+06 2.62887e+06 253049 1710 685 183496 92784 2.37582e+06 2.2266e+06
internal_count=3303383 221840 3081543 2628867 253049 1710 685 183496 92784 2375818 2226596
is_linear=0
shrinkage=0.00523217


Tree=36
num_leaves=12
num_cat=0
split_feature=6 6 12 13 2 8 4 6 13 13 8
split_gain=30.5713 7.44564 5.8286 4.43242 4.08892 3.46979 3.2745 2.50699 2.12778 2.10918 1.94595
threshold=-1.1640663743019102 -3.5269935131072994 0.79398727416992199 0.69849792122840892 0.67302036285400402 inf -1.0868510603904722 -0.39573332667350763 0.57324147224426281 0.53819319605827343 0.28391560912132269
decision_type=2 2 8 8 10 8 10 2 10 10 10
left_child=1 9 3 7 -5 -6 -7 -2 -3 -1 -11
right_child=2 8 -4 4 5 6 -8 -9 -10 10 -12
leaf_value=-7.0293711259232134e-05 -1.0079839421029544e-05 -2.7762359606130094e-05 2.0472485936530238e-05 2.1152519047876673e-06 -2.6018258871405876e-05 0.00013000814947447599 0.00089064940176566347 8.0029907727687513e-06 -5.7949877109450016e-05 -0.00012915172017099181 -0.00026148449291471434
leaf_weight=15094 241496 153735 546856 324194 286532 717 198 1601850 109623 19486 3625
leaf_count=15094 241496 153735 546856 324194 286532 717 198 1601850 109623 19486 3625
internal_value=-1.97904e-08 -5.02384e-05 5.02488e-06 1.58354e-06 -1.06208e-05 -2.49879e-05 0.000296419 5.63353e-06 -4.03312e-05 -0.000118507 -0.000149955
internal_weight=3.30341e+06 301563 3.00184e+06 2.45499e+06 611641 287447 915 1.84335e+06 263358 38205 23111
internal_count=3303406 301563 3001843 2454987 611641 287447 915 1843346 263358 38205 23111
is_linear=0
shrinkage=0.00523217


Tree=37
num_leaves=12
num_cat=0
split_feature=1 1 5 1 11 12 5 11 5 4 18
split_gain=45.6195 8.84195 7.67399 7.3012 5.87215 4.04022 2.74014 2.58711 2.4593 2.20003 2.08322
threshold=1.7350617647171023 0.76421716809272777 inf 2.4869270324707036 0.39745424687862402 0.92186531424522411 1.4761263728141787 1.4819263219833376 1.3817513585090639 -0.99268272519111622 -1.4147592782974241
decision_type=2 2 8 2 10 8 10 10 10 8 10
left_child=1 2 5 6 -4 7 -2 10 9 -3 -1
right_child=3 8 4 -5 -6 -7 -8 -9 -10 -11 -12
leaf_value=-1.6636188039795945e-05 -5.1209878026348599e-05 -3.1848974615147549e-05 7.6454717701197118e-06 -0.00014742545946782578 0.0004104099396229003 2.534916970829432e-05 -0.00010657689569061543 2.4100170490144642e-05 -4.1508745534685903e-05 -3.7668460195859531e-06 5.2228850979325799e-06
leaf_weight=126968 96830 100028 1753 38365 2291 322317 32808 189311 83313 323298 1986222
leaf_count=126968 96830 100028 1753 38365 2291 322317 32808 189311 83313 323298 1986222
internal_value=-7.76418e-09 4.49265e-06 8.35001e-06 -8.40049e-05 0.000236071 7.99876e-06 -6.52289e-05 5.56959e-06 -1.55209e-05 -1.04044e-05 3.90913e-06
internal_weight=3.3035e+06 3.1355e+06 2.62886e+06 168003 4044 2.62482e+06 129638 2.3025e+06 506639 423326 2.11319e+06
internal_count=3303504 3135501 2628862 168003 4044 2624818 129638 2302501 506639 423326 2113190
is_linear=0
shrinkage=0.00523217


Tree=38
num_leaves=12
num_cat=0
split_feature=1 9 1 5 9 9 9 22 9 7 1
split_gain=44.9967 18.5611 9.27694 6.60177 5.3582 4.68248 3.88789 3.10702 3.09016 2.59029 2.54873
threshold=1.5620352029800417 0.10019097849726678 2.4869270324707036 inf -0.69506815075874318 -0.16361247003078458 0.28456902503967291 4.9545192718505868 0.21549414843320849 2.5282251834869389 -0.37205953896045679
decision_type=2 10 2 8 8 10 10 10 10 8 2
left_child=1 3 6 4 -1 10 -2 9 -4 -5 -6
right_child=2 -3 8 7 5 -7 -8 -9 -10 -11 -12
leaf_value=-1.5097989819545866e-05 -3.8587610186751328e-05 -1.620605511801868e-05 -9.3686764580597548e-05 0.00034667285349011226 3.3723831503466716e-05 8.1656660216983421e-06 -8.8900643246703643e-05 0.002106547724263197 -0.00018829028155209319 -3.3080538837692241e-05 1.5909879249204768e-05
leaf_weight=176623 118154 817607 17150 2016 404107 1197870 65361 24 21200 645 482861
leaf_count=176623 118154 817607 17150 2016 404107 1197870 65361 24 21200 645 482861
internal_value=-1.93162e-08 5.16156e-06 -7.19861e-05 1.2878e-05 1.25697e-05 1.4914e-05 -5.6512e-05 0.000272123 -0.000146009 0.000254349 2.40269e-05
internal_weight=3.30362e+06 3.08175e+06 221865 2.26415e+06 2.26146e+06 2.08484e+06 183515 2685 38350 2661 886968
internal_count=3303618 3081753 221865 2264146 2261461 2084838 183515 2685 38350 2661 886968
is_linear=0
shrinkage=0.00523217


Tree=39
num_leaves=12
num_cat=0
split_feature=1 1 5 1 11 15 15 19 5 22 1
split_gain=44.4744 8.76352 7.45687 7.13006 5.74294 4.01477 2.69539 3.70881 2.68691 2.68198 2.28615
threshold=1.7350617647171023 0.76421716809272777 inf 2.4869270324707036 0.47175559401512152 -0.12595121562480924 0.10554825887084009 1.9455483555793764 1.4761263728141787 -0.7785578966140746 -1.1849080920219419
decision_type=2 2 8 2 10 2 2 8 10 8 2
left_child=1 2 5 8 -4 -1 7 -6 -2 -3 -7
right_child=3 9 4 -5 6 10 -8 -9 -10 -11 -12
leaf_value=1.1172231173076663e-06 -5.0471844065874844e-05 -4.7200246618043758e-05 2.7434924795830059e-05 -0.00014555650611896789 0.0013767719216638363 3.0038739427422364e-05 0.00021093962708137811 0.00047729998391993867 -0.00010533051813695077 -1.0872660027833122e-05 1.1257195780928357e-05
leaf_weight=1235586 96908 63647 1946 38371 144 208896 933 1024 32748 443087 1180362
leaf_count=1235586 96908 63647 1946 38371 144 208896 933 1024 32748 443087 1180362
internal_value=4.10892e-08 4.48528e-06 8.32575e-06 -8.28885e-05 0.000232719 7.97937e-06 0.000422354 0.00059016 -6.43349e-05 -1.54372e-05 1.40819e-05
internal_weight=3.30365e+06 3.13562e+06 2.62889e+06 168027 4047 2.62484e+06 2101 1168 129656 506734 1.38926e+06
internal_count=3303652 3135625 2628891 168027 4047 2624844 2101 1168 129656 506734 1389258
is_linear=0
shrinkage=0.00523217


Tree=40
num_leaves=12
num_cat=0
split_feature=0 9 0 0 23 11 1 15 20 9 9
split_gain=51.179 20.4231 7.94539 7.86424 7.39059 6.04949 3.51671 3.16905 2.85611 2.75805 3.88744
threshold=-2.2822962999343868 0.10361113026738168 -4.2943010330200186 0.48914088308811193 inf 0.51788967847824108 1.0684538483619692 -0.17041480541229245 0.01814411394298077 -0.084415346384048448 -0.61423721909522999
decision_type=2 10 2 2 8 10 2 2 10 8 10
left_child=2 3 8 4 7 -6 -3 -2 -1 10 -5
right_child=1 6 -4 9 5 -7 -8 -9 -10 -11 -12
leaf_value=-9.6696782408698008e-05 -2.2863062274933063e-06 -1.3301185571444769e-05 -7.7022932913476351e-05 -3.541041618434489e-06 5.932928971167504e-05 0.00054916907360665101 -4.2273805772646624e-05 1.2423719735509253e-05 -0.00019682486028945714 9.9090035339656442e-06 3.8243374016667565e-05
leaf_weight=10912 804064 715862 79430 70395 1586 1227 136618 799508 27703 203418 452794
leaf_count=10912 804064 715862 79430 70395 1586 1227 136618 799508 27703 203418 452794
internal_value=6.11183e-09 3.97076e-06 -0.000106973 1.19793e-05 5.51797e-06 0.000273418 -1.79453e-05 5.04731e-06 -0.000168555 2.62629e-05 3.26198e-05
internal_weight=3.30352e+06 3.18547e+06 118045 2.33299e+06 1.60638e+06 2813 852480 1.60357e+06 38615 726607 523189
internal_count=3303517 3185472 118045 2332992 1606385 2813 852480 1603572 38615 726607 523189
is_linear=0
shrinkage=0.00523217


Tree=41
num_leaves=12
num_cat=0
split_feature=2 15 13 20 15 20 17 11 15 22 16
split_gain=11.126 7.36346 5.84208 3.72802 3.60555 2.93549 2.16701 1.9192 1.88736 1.72374 1.49652
threshold=0.88831019401550304 -0.11885955557227133 0.68880856037139904 2.6775796413421635 0.034078078344464309 1.354211747646332 -0.27916008234024042 1.4819263219833376 -0.25510080158710474 -0.79170897603034962 -0.26348948478698725
decision_type=8 2 8 10 2 10 2 8 2 10 2
left_child=1 3 8 7 5 9 -7 10 -2 -4 -1
right_child=2 -3 4 -5 -6 6 -8 -9 -10 -11 -12
leaf_value=-9.8708465839369426e-06 -1.7324732151071671e-05 1.3468724044366265e-05 -8.0804783623616958e-05 -7.1951821104426682e-05 -1.6233289488436629e-05 -3.7490040285746881e-05 -0.00013381316836139223 1.9056491423516418e-05 9.1853797572251264e-06 -3.3895832110695472e-05 1.5121732754617973e-06
leaf_weight=670715 141939 1306616 26299 21646 138183 9770 18655 102258 152476 117109 597942
leaf_count=670715 141939 1306616 26299 21646 138183 9770 18655 102258 152476 117109 597942
internal_value=3.04623e-09 4.54704e-06 -2.02875e-05 -3.82345e-06 -3.61396e-05 -5.21427e-05 -0.000100737 -2.74709e-06 -3.59257e-06 -4.25045e-05 -4.50518e-06
internal_weight=3.30361e+06 2.69918e+06 604431 1.39256e+06 310016 171833 28425 1.37092e+06 294415 143408 1.26866e+06
internal_count=3303608 2699177 604431 1392561 310016 171833 28425 1370915 294415 143408 1268657
is_linear=0
shrinkage=0.00523217


Tree=42
num_leaves=12
num_cat=0
split_feature=9 6 6 5 9 15 9 5 6 3 15
split_gain=33.2621 11.8362 11.8154 6.76607 5.71237 6.1774 3.41729 3.2256 3.15384 2.63404 3.05441
threshold=0.29240934550762182 -1.1640663743019102 -0.73289549350738514 inf 0.043269108980894096 -0.17041480541229245 -0.49921043217182154 1.4280173778533938 -4.4342684745788565 -1.1677263379096983 0.10554825887084009
decision_type=10 2 2 8 10 2 8 10 2 10 2
left_child=2 8 7 4 5 6 -4 -1 -2 10 -5
right_child=1 -3 3 9 -6 -7 -8 -9 -10 -11 -12
leaf_value=-1.4266793370550029e-05 -0.00020286159198440267 -2.801307556071971e-05 -1.8055122440237076e-05 0.00057749802570653214 -3.704174102146554e-06 2.3451019374399142e-05 9.2555574433051324e-06 -5.463748655653375e-05 -8.5582240279286303e-05 2.3303507066522611e-05 0.00014212427866605091
leaf_weight=274509 6779 359131 151730 1016 607302 1024243 723081 67537 86786 784 791
leaf_count=274509 6779 359131 151730 1016 607302 1024243 723081 67537 86786 784 791
internal_value=-8.85472e-09 -4.16722e-05 6.60641e-06 1.05394e-05 1.02628e-05 1.47297e-05 4.51777e-06 -2.22405e-05 -9.40904e-05 0.000277725 0.000387578
internal_weight=3.30369e+06 452696 2.85099e+06 2.50895e+06 2.50636e+06 1.89905e+06 874811 342046 93565 2591 1807
internal_count=3303689 452696 2850993 2508947 2506356 1899054 874811 342046 93565 2591 1807
is_linear=0
shrinkage=0.00523217


Tree=43
num_leaves=12
num_cat=0
split_feature=1 9 1 23 9 12 6 22 9 9 9
split_gain=43.573 17.9854 9.16184 6.6762 5.51418 4.81697 3.8934 3.027 3.01622 2.91318 2.52448
threshold=1.5620352029800417 0.077440194785594954 2.4869270324707036 inf -0.69506815075874318 0.92186531424522411 -1.1640663743019102 4.9545192718505868 0.21549414843320849 0.30117921531200414 -0.12817240506410596
decision_type=2 10 2 8 8 8 2 10 10 8 10
left_child=1 3 6 4 -1 10 -2 -5 -4 -3 -6
right_child=2 9 8 7 5 -7 -8 -9 -10 -11 -12
leaf_value=-1.5146079177023653e-05 -8.2670803945739888e-05 -6.9751168259531855e-06 -9.269194267929542e-05 0.00026003553411757118 1.864456009184041e-05 3.7728175679192007e-05 -3.4093414202441484e-05 0.0020888095607211176 -0.00018612876666407034 -2.62032338611563e-05 6.1352973781809084e-06
leaf_weight=176581 80732 545609 17154 2575 885691 232779 102730 24 21224 356912 881405
leaf_count=176581 80732 545609 17154 2575 885691 232779 102730 24 21224 356912 881405
internal_value=-3.781e-08 5.06046e-06 -7.08611e-05 1.31955e-05 1.28786e-05 1.53535e-05 -5.54745e-05 0.000278174 -0.00014439 -1.458e-05 1.24056e-05
internal_weight=3.30342e+06 3.08158e+06 221840 2.17906e+06 2.17646e+06 1.99988e+06 183462 2599 38378 902521 1.7671e+06
internal_count=3303416 3081576 221840 2179055 2176456 1999875 183462 2599 38378 902521 1767096
is_linear=0
shrinkage=0.00523217


Tree=44
num_leaves=12
num_cat=0
split_feature=9 5 5 20 9 9 11 12 5 13 11
split_gain=32.8349 8.48073 7.76143 7.24673 6.70064 6.03404 4.94771 4.4361 3.57463 2.09679 2.03218
threshold=0.27668710052967077 inf 1.4280173778533938 1.5726795196533205 -0.0072186735924333325 -0.61423721909522999 0.47175559401512152 0.92186531424522411 2.0852289199829106 0.59857916831970226 -1.4536895155906675
decision_type=10 8 10 10 10 8 10 8 10 8 10
left_child=1 2 4 8 5 -1 -3 -7 9 -2 -11
right_child=3 6 -4 -5 -6 7 -8 -9 -10 10 -12
leaf_value=-1.1109349648275136e-05 -2.0732885017329723e-05 7.1151633253019639e-05 -2.4622204926932885e-05 -9.9448786394892361e-05 -2.8417374467643337e-06 1.5170210196976856e-05 0.00047597168316203551 4.2300334765963782e-05 -9.0934923336653725e-05 -0.00015611221577519323 -4.2376327659071366e-05
leaf_weight=214538 268014 1681 203766 50408 882063 1333754 1636 188335 27399 4456 127436
leaf_count=214538 268014 1681 203766 50408 882063 1333754 1636 188335 27399 4456 127436
internal_value=9.12362e-09 6.79169e-06 6.48061e-06 -4.01094e-05 8.9011e-06 1.4866e-05 0.000271156 1.85277e-05 -3.31072e-05 -2.91429e-05 -4.62264e-05
internal_weight=3.30349e+06 2.82577e+06 2.82246e+06 477713 2.61869e+06 1.73663e+06 3317 1.52209e+06 427305 399906 131892
internal_count=3303486 2825773 2822456 477713 2618690 1736627 3317 1522089 427305 399906 131892
is_linear=0
shrinkage=0.00523217


Tree=45
num_leaves=12
num_cat=0
split_feature=6 6 23 11 12 4 23 24 4 12 6
split_gain=28.8002 7.08243 5.83698 6.94883 5.80913 4.02659 3.25972 2.64875 20.25 12.8773 2.51548
threshold=-1.1640663743019102 -3.5269935131072994 inf 0.47175559401512152 0.79398727416992199 -1.2870070338249204 0.28049625456333166 -2.2415497303009029 -1.2487844228744505 -1.4813443422317503 -0.39573332667350763
decision_type=2 2 8 10 8 8 8 10 10 10 2
left_child=1 -1 4 -4 5 -2 -3 8 -5 -10 -7
right_child=2 6 3 7 -6 10 -8 -9 9 -11 -12
leaf_value=-0.00011539356023099056 -2.3399992930791988e-05 -5.70703932582994e-05 1.0706913800107113e-05 0.000456798457616607 2.0053114652252925e-05 -1.1098330385834347e-05 -2.0230501184448134e-05 0.00038982938156158735 0.0025211586425990498 0.010968528117181534 5.1595782337594182e-06
leaf_weight=38153 169623 134886 1953 201 546892 299930 128466 1319 16.000000000000004 6.9999999999999991 1982062
leaf_count=38153 169623 134886 1953 201 546892 299930 128466 1319 16 7 1982062
internal_value=-1.23467e-08 -4.87598e-05 4.88333e-06 0.000218519 4.6339e-06 1.19393e-06 -3.91027e-05 0.000480821 0.00100819 0.00553577 3.02239e-06
internal_weight=3.30351e+06 301505 3.002e+06 3496 2.99851e+06 2.45162e+06 263352 1543 224 23 2.28199e+06
internal_count=3303508 301505 3002003 3496 2998507 2451615 263352 1543 224 23 2281992
is_linear=0
shrinkage=0.00523217


Tree=46
num_leaves=12
num_cat=0
split_feature=6 6 15 23 23 7 13 15 16 20 20
split_gain=28.2768 6.91467 6.68116 6.7027 3.29811 3.15918 2.54318 2.5264 4.21386 3.8285 2.28603
threshold=-1.1640663743019102 -3.5269935131072994 -0.12595121562480924 inf 0.28049625456333166 0.59892949461936962 0.50376522541046154 0.10554825887084009 -0.021643334068357941 1.5239490866661074 2.6775796413421635
decision_type=2 2 2 8 8 8 10 2 2 10 10
left_child=1 -1 5 6 -3 10 -4 8 -5 -10 -2
right_child=2 4 3 7 -6 -7 -8 -9 9 -11 -12
leaf_value=-0.00011412364042243072 2.7581639493035534e-06 -5.6803305344119216e-05 1.6922612011765361e-05 0.00013924865194791446 -1.9747400586067663e-05 -1.5031205037193703e-05 2.4457486209625118e-06 9.1101509127709481e-05 0.0014871544890609446 0.00050554843216473041 -6.1506935863419858e-05
leaf_weight=38144 1054103 134912 1009123 854 128442 424834 495423 1360 131 670 15372
leaf_count=38144 1054103 134912 1009123 854 128442 424834 495423 1360 131 670 15372
internal_value=2.76479e-08 -4.82748e-05 4.87927e-06 1.26507e-05 -3.87338e-05 -2.96053e-06 1.21562e-05 0.000259065 0.000396442 0.000669042 1.83364e-06
internal_weight=3.30337e+06 301498 3.00187e+06 1.50756e+06 263354 1.49431e+06 1.50455e+06 3015 1655 801 1.06948e+06
internal_count=3303368 301498 3001870 1507561 263354 1494309 1504546 3015 1655 801 1069475
is_linear=0
shrinkage=0.00523217


Tree=47
num_leaves=12
num_cat=0
split_feature=5 5 13 11 3 13 7 18 18 16 20
split_gain=16.9767 7.46079 6.45739 5.61753 3.78039 3.77312 3.64082 2.81077 2.98453 2.32668 2.62244
threshold=1.7024818658828738 1.7024818658828738 0.95476946234703075 0.39745424687862402 0.32418082654476171 0.65285995602607738 0.25323729217052465 -1.4364024996757505 0.34292060136795049 -0.032403863966464989 2.0860959291458134
decision_type=10 8 10 10 8 8 8 8 10 2 10
left_child=1 2 6 -3 9 -2 7 -1 -9 10 -4
right_child=5 3 4 -5 -6 -7 -8 8 -10 -11 -12
leaf_value=-1.1842753923000563e-05 -2.9902649663620405e-05 6.2007699902429466e-06 -3.5679183151126394e-05 0.0003981688509097615 4.5198560337716824e-06 -7.7202538500440051e-05 -2.1285038257055863e-06 1.7095121055737955e-05 6.0811919302027279e-07 -1.1622523570262706e-05 -0.00012394859629880531
leaf_weight=140380 134460 1785 137648 2290 161316 70388 987803 1108328 412568 136610 9884
leaf_count=140380 134460 1785 137648 2290 161316 70388 987803 1108328 412568 136610 9884
internal_value=-2.86525e-08 3.02081e-06 2.72589e-06 0.000226721 -1.57049e-05 -4.61597e-05 5.82544e-06 1.05554e-05 1.26233e-05 -2.71899e-05 -4.15992e-05
internal_weight=3.30346e+06 3.09861e+06 3.09454e+06 4075 445458 204848 2.64908e+06 1.66128e+06 1.5209e+06 284142 147532
internal_count=3303460 3098612 3094537 4075 445458 204848 2649079 1661276 1520896 284142 147532
is_linear=0
shrinkage=0.00523217


Tree=48
num_leaves=12
num_cat=0
split_feature=0 0 0 5 11 5 18 0 7 5 11
split_gain=48.8261 9.69357 9.28428 7.41532 5.3125 3.67125 3.29417 2.72097 2.70874 2.0099 1.91474
threshold=-1.9630029797554014 -3.7864283323287959 0.44264593720436102 inf 0.39745424687862402 1.4280173778533938 -1.3908087611198423 -5.282604217529296 0.26315797865390783 1.3409935832023623 1.2463823556900027
decision_type=2 2 2 8 10 10 8 2 10 10 8
left_child=1 7 3 5 -5 6 -2 -1 -8 -9 -4
right_child=2 -3 10 4 -6 -7 8 9 -10 -11 -12
leaf_value=-0.00021897882322597433 -2.7837718456086055e-05 -6.2122945431295412e-05 1.4019887769879425e-05 5.9692212206397316e-06 0.00038760645887916874 -2.4553624348590257e-05 7.3827313241986387e-06 -0.00010245627804109512 -5.4105988486308028e-06 -0.00018116027726695113 3.3481334828819212e-05
leaf_weight=12487 111856 92557 871466 1777 2291 187055 971358 25399 849071 13746 164626
leaf_count=12487 111856 92557 871466 1777 2291 187055 971358 25399 849071 13746 164626
internal_value=-2.38706e-08 -9.41804e-05 4.2729e-06 -1.99188e-06 0.000221146 -2.42069e-06 -2.77678e-07 -0.000151629 1.41532e-06 -0.000130119 1.7113e-05
internal_weight=3.30369e+06 144189 3.1595e+06 2.12341e+06 4068 2.11934e+06 1.93228e+06 51632 1.82043e+06 39145 1.03609e+06
internal_count=3303689 144189 3159500 2123408 4068 2119340 1932285 51632 1820429 39145 1036092
is_linear=0
shrinkage=0.00523217


Tree=49
num_leaves=12
num_cat=0
split_feature=0 0 0 23 11 4 0 11 22 24 4
split_gain=48.2202 9.69971 9.20962 7.07546 5.76231 3.83684 2.66551 2.20898 2.16262 2.09355 13.4266
threshold=-1.9630029797554014 -3.7864283323287959 0.37604989111423498 inf 0.39745424687862402 -1.2870070338249204 -5.282604217529296 1.2463823556900027 -1.7896871566772459 -2.2415497303009029 -1.0059515833854673
decision_type=2 2 2 8 10 8 2 8 10 10 10
left_child=1 6 3 5 -5 -2 -1 -4 -8 10 -6
right_child=2 -3 7 4 9 -7 8 -9 -10 -11 -12
leaf_value=-0.00021778323955699814 -2.6070309910115202e-05 -6.1487966910370363e-05 1.2554536500201846e-05 -2.8906149776720173e-07 0.0004668909482583704 -9.031489872763316e-07 -4.5582299656688811e-05 3.2251463715061927e-05 -0.00014778064083570386 0.00032020478161941122 0.0043717110249818095
leaf_weight=12462 183292 92557 1046942 1911 324 1741720 6909 183222 32229 1945 25
leaf_count=12462 183292 92557 1046942 1911 324 1741720 6909 183222 32229 1945 25
internal_value=3.16606e-08 -9.35491e-05 4.30188e-06 -2.83111e-06 0.000211525 -3.2999e-06 -0.00015104 1.54889e-05 -0.000129762 0.000388234 0.000762711
internal_weight=3.30354e+06 144157 3.15938e+06 1.92922e+06 4205 1.92501e+06 51600 1.23016e+06 39138 2294 349
internal_count=3303538 144157 3159381 1929217 4205 1925012 51600 1230164 39138 2294 349
is_linear=0
shrinkage=0.00523217


Tree=50
num_leaves=12
num_cat=0
split_feature=0 9 0 0 1 1 18 18 11 15 9
split_gain=47.9248 19.2915 7.45955 7.34398 4.16515 3.27968 3.20295 2.88518 2.97684 2.72879 2.72303
threshold=-2.2822962999343868 0.10361113026738168 -4.2943010330200186 0.48914088308811193 -2.0631680488586421 1.0684538483619692 -1.4364024996757505 2.5046997070312504 0.5021420717239381 -0.1781104505062103 -0.084415346384048448
decision_type=2 10 2 2 2 2 10 10 10 2 8
left_child=2 3 -1 4 7 -3 -6 -2 -9 -8 -5
right_child=1 5 -4 10 6 -7 9 8 -10 -11 -12
leaf_value=-0.00016320697956798906 3.6509441951666953e-05 -1.2959566495160988e-05 -7.4497824675916004e-05 3.1757715896820836e-05 -2.6123321520719595e-05 -4.0944515047977669e-05 -2.9420462532336925e-07 8.6637976648038556e-05 0.0005562373280260807 1.3736931570456201e-05 9.1922766650903882e-06
leaf_weight=38586 1518 715848 79450 523302 85522 136554 751952 643 884 765731 203414
leaf_count=38586 1518 715848 79450 523302 85522 136554 751952 643 884 765731 203414
internal_value=2.12266e-08 3.85775e-06 -0.000103505 1.16411e-05 5.39634e-06 -1.74437e-05 5.02857e-06 0.000198692 0.000359241 6.78453e-06 2.54426e-05
internal_weight=3.3034e+06 3.18537e+06 118036 2.33297e+06 1.60625e+06 852402 1.6032e+06 3045 1527 1.51768e+06 726716
internal_count=3303404 3185368 118036 2332966 1606250 852402 1603205 3045 1527 1517683 726716
is_linear=0
shrinkage=0.00523217


Tree=51
num_leaves=12
num_cat=0
split_feature=0 0 0 1 1 6 20 15 15 15 20
split_gain=47.3712 9.32987 9.06448 4.76966 4.07078 3.07048 2.74585 2.7859 2.42358 2.19672 1.88925
threshold=-1.9630029797554014 -3.7864283323287959 0.48914088308811193 1.2536081671714785 -2.0631680488586421 -2.4966753721237178 1.2433170080184939 0.10554825887084009 -0.11885955557227133 0.5632418990135194 inf
decision_type=2 2 2 2 2 2 10 2 2 2 8
left_child=1 5 3 4 6 -1 -2 -8 -4 -6 -3
right_child=2 10 8 -5 9 -7 7 -9 -10 -11 -12
leaf_value=-0.00019512889377250008 9.482189538091917e-06 -6.9667026689810053e-05 8.30617352350865e-06 -2.5158699171618339e-05 -2.1619291863557765e-06 -0.00011360462874738947 0.00042792806062515545 6.8198118728633302e-05 2.5576017682233851e-05 1.1034412494514184e-05 5.6114950041568219e-06
leaf_weight=22491 1845 82288 389715 209921 1595858 29103 1414 1021 518862 440676 10243
leaf_count=22491 1845 82288 389715 209921 1595858 29103 1414 1021 518862 440676 10243
internal_value=-1.11293e-08 -9.27757e-05 4.22049e-06 -1.41006e-06 1.03238e-06 -0.000149162 0.000162203 0.000277529 1.81694e-05 6.93175e-07 -6.13252e-05
internal_weight=3.30344e+06 144125 3.15931e+06 2.25074e+06 2.04081e+06 51594 4280 2435 908577 2.03653e+06 92531
internal_count=3303437 144125 3159312 2250735 2040814 51594 4280 2435 908577 2036534 92531
is_linear=0
shrinkage=0.00523217


Tree=52
num_leaves=12
num_cat=0
split_feature=0 0 1 0 1 15 16 20 0 20 20
split_gain=47.0123 9.81879 7.394 7.36417 4.21732 3.652 4.32334 3.59474 3.18919 2.66143 2.35251
threshold=-2.2822962999343868 0.19945200532674792 -1.8892510533332822 -4.2943010330200186 1.2800597548484804 0.10554825887084009 -0.021643334068357941 1.5239490866661074 0.6536756455898286 0.0094491313211619871 inf
decision_type=2 2 2 2 2 2 2 10 2 10 8
left_child=3 2 5 9 -4 6 -2 -8 -3 -1 -5
right_child=1 8 4 10 -6 -7 7 -9 -10 -11 -12
leaf_value=-9.2215428718143353e-05 0.00013344893516425836 7.4252507100417426e-06 -3.1852139735991117e-06 -8.4068670298965295e-05 -2.801663889627826e-05 5.6004810342585447e-05 0.0014377080263260661 0.00049383088741071035 2.2771491993419908e-05 -0.00018904353092378875 4.5273162918238655e-06
leaf_weight=10852 1044 1232410 1196733 70152 221993 1980 127 890 530371 27751 9272
leaf_count=10852 1044 1232410 1196733 70152 221993 1980 127 890 530371 27751 9272
internal_value=-8.69835e-09 3.79029e-06 -6.43405e-06 -0.000102549 -7.07126e-06 0.000217018 0.000371192 0.000614021 1.2043e-05 -0.000161848 -7.37159e-05
internal_weight=3.30358e+06 3.18555e+06 1.42277e+06 118027 1.41873e+06 4041 2061 1017 1.76278e+06 38603 79424
internal_count=3303575 3185548 1422767 118027 1418726 4041 2061 1017 1762781 38603 79424
is_linear=0
shrinkage=0.00523217


Tree=53
num_leaves=12
num_cat=0
split_feature=0 0 0 5 11 10 0 20 1 5 20
split_gain=46.6421 9.26608 8.91722 7.81539 5.02742 3.37792 3.09226 2.97038 2.33745 2.24401 2.12371
threshold=-1.9630029797554014 -3.7864283323287959 0.19945200532674792 inf 0.39745424687862402 1.0963221192359927 0.6536756455898286 0.0094491313211619871 -0.26911412179470057 1.2237060666084292 0.055034842342138297
decision_type=2 2 2 8 10 8 2 10 2 10 8
left_child=1 7 3 5 -5 9 -4 -1 -8 10 -2
right_child=2 -3 6 4 -6 -7 8 -9 -10 -11 -12
leaf_value=-8.5348314333133155e-05 -7.8505255408613948e-06 -6.0683368150201528e-05 7.4982806879780848e-06 9.4306310189937285e-06 0.00038533322873612793 -2.4696745074713849e-05 2.4771153615903591e-05 -0.00017335498554331202 -3.3264633528682834e-05 -2.1605822329993793e-05 7.3097694526226722e-06
leaf_weight=14748 483054 92548 1232299 1701 2292 228794 510512 36846 19720 149811 531033
leaf_count=14748 483054 92548 1232299 1701 2292 228794 510512 36846 19720 149811 531033
internal_value=2.02611e-08 -9.20214e-05 4.22003e-06 -5.65432e-06 0.000225452 -6.3177e-06 1.20452e-05 -0.000148217 2.26111e-05 -2.70411e-06 8.7465e-08
internal_weight=3.30336e+06 144142 3.15922e+06 1.39668e+06 3993 1.39269e+06 1.76253e+06 51594 530232 1.1639e+06 1.01409e+06
internal_count=3303358 144142 3159216 1396685 3993 1392692 1762531 51594 530232 1163898 1014087
is_linear=0
shrinkage=0.00523217


Tree=54
num_leaves=12
num_cat=0
split_feature=0 0 0 1 1 18 20 18 12 20 0
split_gain=46.2494 9.19497 8.82474 5.77583 4.01496 2.96942 2.68268 2.2854 2.28331 2.24475 1.85906
threshold=-1.9630029797554014 -4.2943010330200186 0.37604989111423498 -1.967724561691284 1.2536081671714785 -1.3908087611198423 0.036231692880392082 2.5046997070312504 0.92186531424522411 inf 0.69697111845016491
decision_type=2 2 2 2 2 10 10 10 8 8 2
left_child=1 6 3 7 5 -5 -1 -2 -7 -3 -4
right_child=2 9 10 4 -6 8 -8 -9 -10 -11 -12
leaf_value=-9.1598947166083981e-05 2.0834750637194486e-05 -7.5007151960538969e-05 1.0229005342211877e-05 -2.8866750051092827e-05 -2.482544198429629e-05 -4.9761402844724946e-07 -0.00018840871939405723 0.00027480563338433563 2.5349312648104516e-05 9.9834674459591138e-07 2.3570974083327656e-05
leaf_weight=11008 1482 93600 777654 95925 209899 1519420 27560 2847 99700 11978 452470
leaf_count=11008 1482 93600 777654 95925 209899 1519420 27560 2847 99700 11978 452470
internal_value=4.22412e-09 -9.1648e-05 4.1861e-06 -2.79601e-06 -3.22579e-06 -5.81795e-07 -0.000160802 0.000188076 1.09347e-06 -6.63767e-05 1.51372e-05
internal_weight=3.30354e+06 144146 3.1594e+06 1.92927e+06 1.92494e+06 1.71504e+06 38568 4329 1.61912e+06 105578 1.23012e+06
internal_count=3303543 144146 3159397 1929273 1924944 1715045 38568 4329 1619120 105578 1230124
is_linear=0
shrinkage=0.00523217


Tree=55
num_leaves=12
num_cat=0
split_feature=0 0 5 0 1 0 20 16 15 1 20
split_gain=45.5129 9.48594 7.39223 7.11602 4.07048 3.02869 2.59396 2.3704 4.42076 2.33628 2.32226
threshold=-2.2822962999343868 0.19945200532674792 inf -4.2943010330200186 1.2800597548484804 0.6536756455898286 0.036231692880392082 -0.02696682512760162 0.10554825887084009 -0.26911412179470057 inf
decision_type=2 2 8 2 2 2 10 2 2 2 8
left_child=3 2 4 6 -2 -3 -1 -4 -9 -7 -5
right_child=1 5 7 10 -6 9 -8 8 -10 -11 -12
leaf_value=-9.1183411921580692e-05 -3.1271595265337619e-06 7.3496140120338003e-06 -5.0291854378826195e-05 -8.2832309584246662e-05 -2.7521235124136808e-05 2.4464966064179091e-05 -0.00018631871378392315 0.00046975914347157055 8.3919061310226245e-05 -3.3543569265922901e-05 5.1362287666157273e-06
leaf_weight=11026 1196702 1232389 729 70176 222021 510589 27578 1645 1619 19729 9285
leaf_count=11026 1196702 1232389 729 70176 222021 510589 27578 1645 1619 19729 9285
internal_value=-8.38999e-10 3.7378e-06 -6.3119e-06 -0.000100876 -6.94526e-06 1.18496e-05 -0.000159171 0.000218455 0.000278721 2.23053e-05 -7.25432e-05
internal_weight=3.30349e+06 3.18542e+06 1.42272e+06 118065 1.41872e+06 1.76271e+06 38604 3993 3264 530318 79461
internal_count=3303488 3185423 1422716 118065 1418723 1762707 38604 3993 3264 530318 79461
is_linear=0
shrinkage=0.00523217


Tree=56
num_leaves=12
num_cat=0
split_feature=0 0 0 5 11 6 6 24 3 11 2
split_gain=45.1725 8.99409 8.6069 7.25272 5.27707 3.97146 2.95007 2.18202 22.0505 2.15621 2.12562
threshold=-1.9630029797554014 -3.7864283323287959 0.37604989111423498 inf 0.39745424687862402 -0.73289549350738514 -2.4966753721237178 -2.2415497303009029 -1.4995311498641966 1.2463823556900027 0.72952523827552807
decision_type=2 2 2 8 10 2 2 10 10 8 10
left_child=1 6 3 5 -5 -2 -1 8 -6 -4 -7
right_child=2 -3 9 4 7 10 -8 -9 -10 -11 -12
leaf_value=-0.00019101177108784333 -1.9792587788659935e-05 -5.9717349421699933e-05 1.2034039272171842e-05 3.0283722510970978e-06 0.00054623000149646764 3.6951952372021649e-06 -0.00011110327528680696 0.00031466163297729069 0.0087761553109490971 3.149462389381574e-05 -1.0170151200342962e-05
leaf_weight=22492 329109 92545 1046962 1768 339 1190188 29107 1941 7.9999999999999991 183212 405909
leaf_count=22492 329109 92545 1046962 1768 339 1190188 29107 1941 8 183212 405909
internal_value=-1.40739e-08 -9.05941e-05 4.11826e-06 -2.77724e-06 0.000218205 -3.24335e-06 -0.000145955 0.00038404 0.000767424 1.4933e-05 1.68542e-07
internal_weight=3.30358e+06 144144 3.15944e+06 1.92926e+06 4056 1.92521e+06 51599 2288 347 1.23017e+06 1.5961e+06
internal_count=3303580 144144 3159436 1929262 4056 1925206 51599 2288 347 1230174 1596097
is_linear=0
shrinkage=0.00523217


Tree=57
num_leaves=12
num_cat=0
split_feature=0 0 0 23 6 0 20 2 20 16 15
split_gain=44.5609 8.97673 7.99667 7.04799 3.60251 2.97195 2.85963 2.63341 2.57995 2.5471 4.29552
threshold=-2.1106903553009029 0.19945200532674792 -4.2943010330200186 inf -0.73289549350738514 0.6536756455898286 0.036231692880392082 0.44810211658477789 0.01814411394298077 -0.02696682512760162 0.10554825887084009
decision_type=2 2 2 8 2 2 8 10 10 2 2
left_child=2 3 8 4 -2 -3 -6 -8 -1 -5 -11
right_child=1 5 -4 9 6 -7 7 -9 -10 10 -12
leaf_value=-8.946058335419595e-05 -2.2616227510301829e-05 7.3008818606898631e-06 -6.8118289973382993e-05 -5.1076032628971021e-05 -1.1073575273761154e-05 2.2116030028176339e-05 1.5097847104245929e-05 -7.5599746926209731e-06 -0.00018464802592777619 0.00046023331481207137 8.3215467096823509e-05
leaf_weight=10906 301583 1232312 92572 818 523778 530314 341851 238270 27705 1678 1644
leaf_count=10906 301583 1232312 92572 818 523778 530314 341851 238270 27705 1678 1644
internal_value=-1.99679e-08 3.8876e-06 -9.45174e-05 -5.95409e-06 -6.58969e-06 1.17587e-05 -2.21053e-06 5.79034e-06 -0.000157786 0.000209573 0.000273991
internal_weight=3.30343e+06 3.17225e+06 131183 1.40962e+06 1.40548e+06 1.76263e+06 1.1039e+06 580121 38611 4140 3322
internal_count=3303431 3172248 131183 1409622 1405482 1762626 1103899 580121 38611 4140 3322
is_linear=0
shrinkage=0.00523217


end of trees

feature_importances:
LOW_TURNOVER=101
OBV_CHG_20=100
LN_TURNOVER=63
CONSEC_UP5=55
KLOW=42
BP=42
AMIHUD_20=35
MAX_DD60=31
VSTD5=20
VOL_OF_VOL_20=19
IMAX60=19
CORR20=15
Q_SALES_YOY=13
NEG_SKEW_20=12
RET_AMT_CORR20=10
CORR60=10
CORD60=9
EP=9
CORD5=8
RET_VOL_CORR5=7
VOL_CV20=6
CNTD10=6
WVMA30=6

parameters:
[boosting: gbdt]
[objective: regression]
[metric: l2]
[tree_learner: serial]
[device_type: cpu]
[data_sample_strategy: bagging]
[data: ]
[valid: ]
[num_iterations: 1000]
[learning_rate: 0.00523217]
[num_leaves: 12]
[num_threads: 8]
[seed: 42]
[deterministic: 0]
[force_col_wise: 0]
[force_row_wise: 0]
[histogram_pool_size: -1]
[max_depth: 6]
[min_data_in_leaf: 7]
[min_sum_hessian_in_leaf: 0.001]
[bagging_fraction: 0.993677]
[pos_bagging_fraction: 1]
[neg_bagging_fraction: 1]
[bagging_freq: 1]
[bagging_seed: 400]
[bagging_by_query: 0]
[feature_fraction: 0.452778]
[feature_fraction_bynode: 1]
[feature_fraction_seed: 30056]
[extra_trees: 0]
[extra_seed: 12879]
[early_stopping_round: 0]
[early_stopping_min_delta: 0]
[first_metric_only: 0]
[max_delta_step: 0]
[lambda_l1: 0.153507]
[lambda_l2: 1.18198]
[linear_lambda: 0]
[min_gain_to_split: 0]
[drop_rate: 0.1]
[max_drop: 50]
[skip_drop: 0.5]
[xgboost_dart_mode: 0]
[uniform_drop: 0]
[drop_seed: 17869]
[top_rate: 0.2]
[other_rate: 0.1]
[min_data_per_group: 100]
[max_cat_threshold: 32]
[cat_l2: 10]
[cat_smooth: 10]
[max_cat_to_onehot: 4]
[top_k: 20]
[monotone_constraints: ]
[monotone_constraints_method: basic]
[monotone_penalty: 0]
[feature_contri: ]
[forcedsplits_filename: ]
[refit_decay_rate: 0.9]
[cegb_tradeoff: 1]
[cegb_penalty_split: 0]
[cegb_penalty_feature_lazy: ]
[cegb_penalty_feature_coupled: ]
[path_smooth: 0]
[interaction_constraints: ]
[verbosity: -1]
[saved_feature_importance_type: 0]
[use_quantized_grad: 0]
[num_grad_quant_bins: 4]
[quant_train_renew_leaf: 0]
[stochastic_rounding: 1]
[linear_tree: 0]
[max_bin: 255]
[max_bin_by_feature: ]
[min_data_in_bin: 3]
[bin_construct_sample_cnt: 200000]
[data_random_seed: 175]
[is_enable_sparse: 1]
[enable_bundle: 1]
[use_missing: 1]
[zero_as_missing: 0]
[feature_pre_filter: 1]
[pre_partition: 0]
[two_round: 0]
[header: 0]
[label_column: ]
[weight_column: ]
[group_column: ]
[ignore_column: ]
[categorical_feature: ]
[forcedbins_filename: ]
[precise_float_parser: 0]
[parser_config_file: ]
[objective_seed: 16083]
[num_class: 1]
[is_unbalance: 0]
[scale_pos_weight: 1]
[sigmoid: 1]
[boost_from_average: 1]
[reg_sqrt: 0]
[alpha: 0.9]
[fair_c: 1]
[poisson_max_delta_step: 0.7]
[tweedie_variance_power: 1.5]
[lambdarank_truncation_level: 30]
[lambdarank_norm: 1]
[label_gain: ]
[lambdarank_position_bias_regularization: 0]
[eval_at: ]
[multi_error_top_k: 1]
[auc_mu_weights: ]
[num_machines: 1]
[local_listen_port: 12400]
[time_out: 120]
[machine_list_filename: ]
[machines: ]
[gpu_platform_id: -1]
[gpu_device_id: -1]
[gpu_use_dp: 0]
[num_gpu: 1]

end of parameters

pandas_categorical:[]
