tree
version=v4
num_class=1
num_tree_per_iteration=1
label_index=0
max_feature_idx=25
objective=regression
feature_names=LOW_TURNOVER LN_TURNOVER INTRADAY_REV10 CORD20 RET_AMT_CORR20 VOL_CV20 CORD60 MACD_LINE AMIHUD_20 REV60 RET_VOL_CORR5 CORD5 CORR60 VOL_OF_VOL_20 VOL_PRICE_DIVERGENCE BP UP_DOWN_RATIO20 EP MAX_DD60 CURRENT_RATIO NEG_SKEW_20 VSTD5 CNTD5 Q_SALES_YOY CNTD60 ROE_YOY
feature_infos=[-6.8437213897705078:3.3182554244995117] [-3.9721610546112061:4.3063216209411621] [-5.2773714065551758:4.2400436401367188] [-3.6560566425323486:3.4098517894744873] [-3.4717967510223389:3.8565425872802734] [-6.2780842781066895:2.8223683834075928] [-3.7134082317352295:3.9054763317108154] [-7.9894866943359375:7.6430869102478027] [-2.9596633911132812:6.8485269546508789] [-5.7197422981262207:4.2727541923522949] [-2.8112924098968506:3.6034517288208008] [-3.6719563007354736:2.8619837760925293] [-4.2847652435302734:3.5101778507232666] [-5.9534792900085449:2.6822590827941895] [-2.9979977607727051:3.5982351303100586] [-4.7524991035461426:7.3646230697631836] [-3.36199951171875:7.246211051940918] [-5.4542555809020996:7.070744514465332] [-3.1939351558685303:6.461456298828125] [-2.4402093887329102:6.9911422729492188] [-4.3092808723449707:3.8611059188842773] [-3.5602200031280518:6.2434873580932617] [-3.8849542140960693:3.7890257835388184] [-4.8041286468505859:7.0552120208740234] [-3.6736466884613037:3.6479613780975342] [-7.6687970161437988:7.0506982803344727]
tree_sizes=937 979 955 972 976 973 969 968 960 974 953 962 961 983 973 973 966 969 971 978 984 972 953 969 955 955 934 971 953 968 971 982 972 971 974 973 978 967 971 955 968 977 981 978 960 959 965 970 970 976 969 974 978 971 976 950 973 958 973 974 958 950 962 954 961 961 978 980 952

Tree=0
num_leaves=8
num_cat=0
split_feature=1 7 2 19 1 1 2
split_gain=110.095 33.9293 20.9444 20.0296 4.99921 3.73311 3.59219
threshold=1.5588948726654055 0.53666293621063244 -1.4354292750358579 -0.35154335200786585 2.4449073076248173 2.0643950700759892 -0.12054083123803137
decision_type=2 2 2 8 2 2 2
left_child=1 3 4 -1 -2 -4 -3
right_child=2 6 5 -5 -6 -7 -8
leaf_value=0.0050964723711161347 0.0047878053255363227 0.0049607764427661112 0.004952757826868129 0.0050480646936625377 0.0046349673340368202 0.0048603285885956407 0.0050139979315191605
leaf_weight=706543 41852 173213 64803 1194514 15142 34933 106291
leaf_count=706543 41852 173213 64803 1194514 15142 34933 106291
internal_value=0.00504189 0.00505516 0.0048574 0.00506606 0.00474719 0.00492038 0.00498102
internal_weight=2.33729e+06 2.18056e+06 156730 1.90106e+06 56994 99736 279504
internal_count=2337291 2180561 156730 1901057 56994 99736 279504
is_linear=0
shrinkage=1


Tree=1
num_leaves=8
num_cat=0
split_feature=7 15 19 18 19 6 18
split_gain=55.8767 25.5405 15.7647 10.2927 8.41093 6.15152 4.04855
threshold=0.51013565063476574 -0.16940303891897199 -0.355847418308258 1.3636365532875063 -0.16305218636989591 0.58454468846321117 3.3041223287582402
decision_type=2 2 8 10 8 8 10
left_child=1 2 -1 5 -3 -2 -5
right_child=3 4 -4 6 -6 -7 -8
leaf_value=2.7522923096726314e-05 -3.8298645675098577e-05 5.8192777772973679e-05 -3.4275495955857186e-05 -0.00015244029177655601 1.7345375572386089e-05 -0.00010600412899161315 -0.00036149888060969636
leaf_weight=332662 167667 569814 603079 53164 484400 119289 5290
leaf_count=332662 167667 569814 603079 53164 484400 119289 5290
internal_value=4.12061e-07 1.5099e-05 -1.23057e-05 -8.42009e-05 3.94239e-05 -6.64445e-05 -0.000171366
internal_weight=2.33536e+06 1.98996e+06 935741 345410 1.05421e+06 286956 58454
internal_count=2335365 1989955 935741 345410 1054214 286956 58454
is_linear=0
shrinkage=0.00720685


Tree=2
num_leaves=8
num_cat=0
split_feature=1 7 1 1 9 9 21
split_gain=107.536 28.5882 19.5826 16.5627 7.44584 4.95329 3.74162
threshold=1.3602761626243594 0.53666293621063244 2.2277821302413945 -0.0090723852626979334 -1.0596921443939207 -2.388492107391357 inf
decision_type=2 2 2 2 8 8 8
left_child=1 3 4 -1 -2 -4 -3
right_child=2 6 5 -5 -6 -7 -8
leaf_value=4.3192978356529996e-05 -0.00019154590335463014 -5.552846487135248e-05 -0.00042045646120127139 -7.9916701303672787e-07 -8.6028976923534415e-05 -0.00024416481332677778 0.00044890184652221504
leaf_weight=1118027 49618 266036 10754 737848 115809 35996 765
leaf_count=1118027 49618 266036 10754 737848 115809 35996 765
internal_value=2.11527e-07 1.56748e-05 -0.000154486 2.57028e-05 -0.000117679 -0.000284726 -5.40804e-05
internal_weight=2.33485e+06 2.12268e+06 212177 1.85588e+06 165427 46750 266801
internal_count=2334853 2122676 212177 1855875 165427 46750 266801
is_linear=0
shrinkage=0.00720685


Tree=3
num_leaves=8
num_cat=0
split_feature=1 7 1 1 12 7 6
split_gain=108.416 29.1704 20.3477 15.8604 3.81146 3.78383 3.22872
threshold=1.3311694264411928 0.5659431815147401 2.0643950700759892 -0.26304575800895685 -0.75848898291587818 0.61392313241958629 0.60556548833847057
decision_type=2 2 2 2 10 2 8
left_child=1 3 5 -1 -4 -2 -3
right_child=2 6 4 -5 -6 -7 -8
leaf_value=4.7078659284230676e-05 -8.8535737718277937e-05 -3.7250998587878651e-05 -7.8148196206460026e-05 5.0311454674888488e-06 -0.00027577313206198655 -0.00017400110972395897 -9.0714686943642322e-05
leaf_weight=905496 122335 153574 5542 959825 59514 34494 94940
leaf_count=905496 122335 153574 5542 959825 59514 34494 94940
internal_value=-2.37136e-07 1.56707e-05 -0.000151786 2.54426e-05 -0.00025894 -0.000107335 -5.76761e-05
internal_weight=2.33572e+06 2.11384e+06 221885 1.86532e+06 65056 156829 248514
internal_count=2335720 2113835 221885 1865321 65056 156829 248514
is_linear=0
shrinkage=0.00720685


Tree=4
num_leaves=8
num_cat=0
split_feature=1 7 1 15 7 23 23
split_gain=105.17 28.5032 20.539 16.2961 4.63953 3.84136 2.34833
threshold=1.3311694264411928 0.59704655408859264 2.0643950700759892 -0.13990367203950879 0.5815064311027528 0.016632715240120891 -0.090936828404664979
decision_type=2 2 2 2 2 8 10
left_child=1 3 4 -1 -2 -4 -3
right_child=2 6 5 -5 -6 -7 -8
leaf_value=2.2927689445183849e-06 -8.3160133296231688e-05 -8.1921393109291596e-05 -0.00031204622786467338 4.4807928651058632e-05 -0.00017623852771397739 -0.00020130933623604188 -3.6171974839389167e-05
leaf_weight=881218 120004 119344 32798 999232 36208 32309 113892
leaf_count=881218 120004 119344 32798 999232 36208 32309 113892
internal_value=-8.68703e-08 1.5564e-05 -0.000149558 2.48845e-05 -0.000104736 -0.000257098 -5.95817e-05
internal_weight=2.335e+06 2.11369e+06 221319 1.88045e+06 156212 65107 233236
internal_count=2335005 2113686 221319 1880450 156212 65107 233236
is_linear=0
shrinkage=0.00720685


Tree=5
num_leaves=8
num_cat=0
split_feature=1 2 1 19 2 1 1
split_gain=101.717 23.9712 22.4054 9.3686 8.34783 6.71364 6.7079
threshold=1.3602761626243594 -1.9711399078369138 -0.018458821810781952 -0.48139438033103937 -0.57118019461631764 2.0643950700759892 2.2277821302413945
decision_type=2 2 2 8 2 2 2
left_child=2 6 3 -1 -4 -3 -2
right_child=1 5 4 -5 -6 -7 -8
leaf_value=6.7430045281417298e-05 -0.00022716635994360959 -8.276516778575473e-05 -5.0213913889779061e-05 2.2709460292720154e-05 3.1916449225539705e-07 -0.00018803255167301405 -0.00040483900684460024
leaf_weight=333383 29204 122664 228386 900492 661774 42327 17748
leaf_count=333383 29204 122664 228386 900492 661774 42327 17748
internal_value=-1.10648e-07 -0.000150659 1.49116e-05 3.47927e-05 -1.2646e-05 -0.000109772 -0.000294335
internal_weight=2.33598e+06 211943 2.12404e+06 1.23388e+06 890160 164991 46952
internal_count=2335978 211943 2124035 1233875 890160 164991 46952
is_linear=0
shrinkage=0.00720685


Tree=6
num_leaves=8
num_cat=0
split_feature=0 0 0 1 19 2 2
split_gain=117.405 35.6144 20.4623 16.2959 9.27209 7.65602 4.86001
threshold=-1.5092203617095945 0.16843824088573459 -3.7064251899719234 -1.9734736084938047 -0.26340928673744196 -1.7998902797698972 -0.97298523783683766
decision_type=2 2 2 2 8 2 2
left_child=2 3 5 -2 -3 -1 -4
right_child=1 4 6 -5 -6 -7 -8
leaf_value=-0.00045121627033385279 0.00053953413842046307 5.7113012992914924e-05 -0.00020392314505298439 -2.3610146555393075e-05 1.8694678169523337e-05 -0.00024651178298451814 -0.00010378153756033442
leaf_weight=18254 2676 630029 45756 886211 676772 19775 55961
leaf_count=18254 2676 630029 45756 886211 676772 19775 55961
internal_value=3.87484e-07 1.32786e-05 -0.000202156 -2.19142e-05 3.72168e-05 -0.00034478 -0.000148831
internal_weight=2.33543e+06 2.19569e+06 139746 888887 1.3068e+06 38029 101717
internal_count=2335434 2195688 139746 888887 1306801 38029 101717
is_linear=0
shrinkage=0.00720685


Tree=7
num_leaves=8
num_cat=0
split_feature=0 0 0 1 7 2 2
split_gain=117.748 35.8154 19.0646 17.8424 12.2377 6.64621 4.57178
threshold=-1.5995852947235105 0.15452916175127032 -3.7064251899719234 -1.9734736084938047 0.53666293621063244 -1.7998902797698972 -0.99916771054267872
decision_type=2 2 2 2 2 2 2
left_child=2 3 5 -2 -3 -1 -4
right_child=1 4 6 -5 -6 -7 -8
leaf_value=-0.0004443826528982119 0.00056016017859356439 4.3006861423298329e-05 -0.00021008711034133036 -2.5424832554632287e-05 -3.0593510425496401e-05 -0.00025390401297611161 -0.00010859909642970165
leaf_weight=18334 2710 1204918 41870 866768 129994 19791 51313
leaf_count=18334 2710 1204918 41870 866768 129994 19791 51313
internal_value=-9.34915e-08 1.23952e-05 -0.000209752 -2.3599e-05 3.58396e-05 -0.000345513 -0.000154203
internal_weight=2.3357e+06 2.20439e+06 131308 869478 1.33491e+06 38125 93183
internal_count=2335698 2204390 131308 869478 1334912 38125 93183
is_linear=0
shrinkage=0.00720685


Tree=8
num_leaves=8
num_cat=0
split_feature=0 0 0 21 8 23 17
split_gain=117.542 34.2779 21.7676 13.1857 7.99634 4.73481 3.61499
threshold=-1.4225601553916929 0.21771742403507235 -3.7064251899719234 inf 1.1559585332870486 0.059658173471689231 -0.011495244689285753
decision_type=2 2 2 8 10 8 2
left_child=2 3 5 -2 -3 -1 -4
right_child=1 4 6 -5 -6 -7 -8
leaf_value=-0.00042115969904856399 -2.0053608838351235e-05 3.1310552117169336e-05 -0.00017491347978223947 0.00046095699223374308 8.4845050310116782e-05 -0.00026037645323836951 -8.8533101391811492e-05
leaf_weight=19956 976853 1038483 72571 2968 168418 18195 38527
leaf_count=19956 976853 1038483 72571 2968 168418 18195 38527
internal_value=-2.84063e-07 1.30717e-05 -0.000195965 -1.85961e-05 3.87811e-05 -0.000344488 -0.000144959
internal_weight=2.33597e+06 2.18672e+06 149249 979821 1.2069e+06 38151 111098
internal_count=2335971 2186722 149249 979821 1206901 38151 111098
is_linear=0
shrinkage=0.00720685


Tree=9
num_leaves=8
num_cat=0
split_feature=1 7 2 19 1 1 9
split_gain=95.6998 28.0623 22.6326 18.1139 6.51757 4.99477 2.56716
threshold=1.3602761626243594 0.59704655408859264 -1.5942883491516111 -0.35154335200786585 2.2277821302413945 2.0643950700759892 0.45630085468292242
decision_type=2 2 2 8 2 2 8
left_child=1 3 4 -1 -2 -4 -3
right_child=2 6 5 -5 -6 -7 -8
leaf_value=5.2486695525138655e-05 -0.00020878793937020436 -6.8028850970210076e-05 -7.4936177047306871e-05 6.3221519080177621e-06 -0.00036468403608687643 -0.00017128806807641938 1.0798583765912711e-05
leaf_weight=703282 40131 211028 113083 1185770 21339 37117 23886
leaf_count=703282 40131 211028 113083 1185770 21339 37117 23886
internal_value=-2.91937e-07 1.42712e-05 -0.000146423 2.35089e-05 -0.000262912 -9.87475e-05 -6.00136e-05
internal_weight=2.33564e+06 2.12397e+06 211670 1.88905e+06 61470 150200 234914
internal_count=2335636 2123966 211670 1889052 61470 150200 234914
is_linear=0
shrinkage=0.00720685


Tree=10
num_leaves=8
num_cat=0
split_feature=0 0 0 21 7 2 2
split_gain=114.508 34.4211 18.2611 16.0034 11.6389 6.72029 4.33234
threshold=-1.5995852947235105 0.21342279762029651 -3.7064251899719234 inf 0.42150476574897772 -2.1866502761840816 -0.97298523783683766
decision_type=2 2 2 8 2 2 2
left_child=2 3 5 -2 -3 -1 -4
right_child=1 4 6 -5 -6 -7 -8
leaf_value=-0.00045726056562315001 -2.0837713827753543e-05 4.6558192540989151e-05 -0.00020588251546287746 0.000506951760980152 -2.0343230313495883e-05 -0.00026169707578959229 -0.00010729722118517632
leaf_weight=15182 985579 1059941 42675 2992 154784 22899 50620
leaf_count=15182 985579 1059941 42675 2992 154784 22899 50620
internal_value=1.15411e-08 1.23361e-05 -0.000206682 -1.92398e-05 3.80334e-05 -0.000339674 -0.000152394
internal_weight=2.33467e+06 2.2033e+06 131376 988571 1.21472e+06 38081 93295
internal_count=2334672 2203296 131376 988571 1214725 38081 93295
is_linear=0
shrinkage=0.00720685


Tree=11
num_leaves=8
num_cat=0
split_feature=9 15 21 19 9 23 18
split_gain=52.1368 21.0593 18.4686 10.9037 8.13692 4.53551 3.03874
threshold=-1.0596921443939207 -0.16940303891897199 inf -0.31640137732028956 -2.1163641214370723 -0.6406748592853545 -0.9838222563266753
decision_type=10 2 8 8 8 8 8
left_child=4 3 -3 -2 5 -1 -6
right_child=1 2 -4 -5 6 -7 -8
leaf_value=-0.00026877579004807515 1.8476614923287495e-05 3.3058117404624462e-05 0.00070876684025212287 -3.1710848106550537e-05 6.8237269686366274e-05 -0.00012660220746096019 -7.2033519758227038e-05
leaf_weight=14152 369460 1096233 2104 574401 8347 66053 205078
leaf_count=14152 369460 1096233 2104 574401 8347 66053 205078
internal_value=-1.13345e-08 1.28993e-05 3.43532e-05 -1.20657e-05 -8.98049e-05 -0.000151692 -6.65472e-05
internal_weight=2.33583e+06 2.0422e+06 1.09834e+06 943861 293630 80205 213425
internal_count=2335828 2042198 1098337 943861 293630 80205 213425
is_linear=0
shrinkage=0.00720685


Tree=12
num_leaves=8
num_cat=0
split_feature=0 0 0 21 7 17 19
split_gain=106.549 29.8342 25.2812 13.0939 11.1704 3.86979 3.7967
threshold=-1.2010077834129331 0.21771742403507235 -3.7064251899719234 inf 0.53666293621063244 0.10033715516328813 -0.66129574179649342
decision_type=2 2 2 8 2 2 10
left_child=2 3 6 -2 -3 -4 -1
right_child=1 4 5 -5 -6 -7 -8
leaf_value=-0.00021561598590556688 -1.7714391633582931e-05 4.4777887689551174e-05 -0.00014796037332799294 0.0004635830212030957 -3.0709970007169057e-05 -6.2949315863118603e-05 -0.00037762045194921043
leaf_weight=10294 948798 1093487 101443 2944 112265 38321 27873
leaf_count=10294 948798 1093487 101443 2944 112265 38321 27873
internal_value=-3.9993e-08 1.39394e-05 -0.000169546 -1.62251e-05 3.77493e-05 -0.000124653 -0.000333933
internal_weight=2.33542e+06 2.15749e+06 177931 951742 1.20575e+06 139764 38167
internal_count=2335425 2157494 177931 951742 1205752 139764 38167
is_linear=0
shrinkage=0.00720685


Tree=13
num_leaves=8
num_cat=0
split_feature=9 15 19 12 9 17 13
split_gain=53.4832 19.5952 11.4793 11.3812 8.79951 5.32739 4.31934
threshold=-1.0596921443939207 -0.16940303891897199 -0.31640137732028956 0.49885608255863195 -2.1163641214370723 0.40743979811668402 -0.88403809070587147
decision_type=10 2 8 8 8 2 10
left_child=4 2 -2 -3 6 -6 -1
right_child=1 3 -4 -5 5 -7 -8
leaf_value=-0.00021840997796958444 2.0204550999334692e-05 5.0066072999567198e-05 -3.1303501755850405e-05 8.5680264047996025e-07 -8.3584576480757233e-05 1.0645202795331296e-05 -0.0001109959753514048
leaf_weight=33158 369352 731813 573913 366296 175742 37878 47025
leaf_count=33158 369352 731813 573913 366296 175742 37878 47025
internal_value=-1.27652e-07 1.2957e-05 -1.11346e-05 3.36514e-05 -9.10407e-05 -6.68761e-05 -0.000155417
internal_weight=2.33518e+06 2.04137e+06 943265 1.09811e+06 293803 213620 80183
internal_count=2335177 2041374 943265 1098109 293803 213620 80183
is_linear=0
shrinkage=0.00720685


Tree=14
num_leaves=8
num_cat=0
split_feature=1 7 2 19 1 1 2
split_gain=91.8457 26.465 22.8985 18.0589 6.88209 5.07732 2.79998
threshold=1.2768990993499758 0.53666293621063244 -1.5942883491516111 -0.34254848957061762 2.2277821302413945 2.0643950700759892 -0.10516243055462836
decision_type=2 2 2 8 2 2 2
left_child=1 3 4 -1 -2 -4 -3
right_child=2 6 5 -5 -6 -7 -8
leaf_value=5.4159094507222504e-05 -0.00019649100341116247 -7.0925678674302984e-05 -6.949790380335059e-05 7.6058853153788961e-06 -0.00035377886728590462 -0.00016440828181224978 -2.2388700858708481e-05
leaf_weight=699240 44583 160405 136851 1135804 21381 37243 100354
leaf_count=699240 44583 160405 136851 1135804 21381 37243 100354
internal_value=3.96536e-07 1.5691e-05 -0.00013313 2.53449e-05 -0.000247478 -8.98025e-05 -5.22463e-05
internal_weight=2.33586e+06 2.0958e+06 240058 1.83504e+06 65964 174094 260759
internal_count=2335861 2095803 240058 1835044 65964 174094 260759
is_linear=0
shrinkage=0.00720685


Tree=15
num_leaves=8
num_cat=0
split_feature=1 7 2 19 9 6 1
split_gain=93.4357 28.7266 19.3084 17.3377 5.06778 3.26723 2.91898
threshold=1.5962133407592776 0.59704655408859264 -1.4354292750358579 -0.15377524495124814 -1.904522120952606 0.64750885963439953 2.0643950700759892
decision_type=2 2 2 8 8 8 2
left_child=1 3 4 -1 -2 -3 -4
right_child=2 5 6 -5 -6 -7 -8
leaf_value=4.0784924174115729e-05 -0.00038162695104119771 -4.1229453636062668e-05 -8.1069342777774446e-05 -2.4536089799853324e-06 -0.00023423698279831262 -9.5283709306778435e-05 -0.00016449304931097185
leaf_weight=1048872 18058 155636 58214 890666 36858 92657 34816
leaf_count=1048872 18058 155636 58214 890666 36858 92657 34816
internal_value=-2.67574e-07 1.15855e-05 -0.000175551 2.09291e-05 -0.000282709 -6.14016e-05 -0.000112292
internal_weight=2.33578e+06 2.18783e+06 147946 1.93954e+06 54916 248293 93030
internal_count=2335777 2187831 147946 1939538 54916 248293 93030
is_linear=0
shrinkage=0.00720685


Tree=16
num_leaves=8
num_cat=0
split_feature=0 0 0 1 7 2 2
split_gain=105.342 32.0524 17.2954 14.2669 10.9283 6.99065 3.65346
threshold=-1.5995852947235105 0.209244579076767 -3.7064251899719234 -1.9734736084938047 0.51013565063476574 -1.6563512682914732 -1.4354292750358579
decision_type=2 2 2 2 2 2 2
left_child=2 3 5 -2 -3 -1 -4
right_child=1 4 6 -5 -6 -7 -8
leaf_value=-0.00042356666320652085 0.00050624434853728767 4.3617690013491907e-05 -0.00020894377530549879 -2.0307945899731138e-05 -2.8046462721689834e-05 -0.000227799161582556 -0.00011347390607272941
leaf_weight=19432 2679 1101664 31372 977625 122842 18497 61914
leaf_count=19432 2679 1101664 31372 977625 122842 18497 61914
internal_value=3.59147e-08 1.18422e-05 -0.000198344 -1.88685e-05 3.64283e-05 -0.000328105 -0.000145582
internal_weight=2.33602e+06 2.20481e+06 131215 980304 1.22451e+06 37929 93286
internal_count=2336025 2204810 131215 980304 1224506 37929 93286
is_linear=0
shrinkage=0.00720685


Tree=17
num_leaves=8
num_cat=0
split_feature=0 0 0 1 2 2 2
split_gain=100.326 30.2359 20.5002 14.2589 8.19788 5.7729 4.73988
threshold=-1.3400628566741941 0.21771742403507235 -3.7064251899719234 -1.9734736084938047 -0.37361341714859003 -1.6563512682914732 -0.97298523783683766
decision_type=2 2 2 2 2 2 2
left_child=2 3 5 -2 -3 -1 -4
right_child=1 4 6 -5 -6 -7 -8
leaf_value=-0.0004081988714693616 0.00050439183386943615 -3.7824978521460501e-06 -0.00018014575079727135 -1.8337603793727978e-05 4.5787634766796174e-05 -0.00023005245393906476 -8.9057747601726034e-05
leaf_weight=19339 2717 209754 52690 967516 996518 18484 67929
leaf_count=19339 2717 209754 52690 967516 996518 18484 67929
internal_value=3.31869e-07 1.30777e-05 -0.000174756 -1.68733e-05 3.71681e-05 -0.000321148 -0.000128849
internal_weight=2.33495e+06 2.1765e+06 158442 970233 1.20627e+06 37823 120619
internal_count=2334947 2176505 158442 970233 1206272 37823 120619
is_linear=0
shrinkage=0.00720685


Tree=18
num_leaves=8
num_cat=0
split_feature=0 0 0 1 19 19 9
split_gain=102.457 35.2026 13.3506 12.317 9.24591 4.02015 3.81907
threshold=-1.8210880160331724 0.17305329442024234 -3.7064251899719234 -1.9734736084938047 -0.26777680218219752 0.046595554798841483 -1.3254042863845823
decision_type=2 2 2 2 8 10 8
left_child=2 3 5 -2 -3 -1 -4
right_child=1 4 6 -5 -6 -7 -8
leaf_value=-0.00027298027945606021 0.00046411706106027592 5.4985671569483769e-05 -0.00023453487531461883 -2.4717741080963639e-05 1.6487721129844007e-05 -0.00043396463553026444 -0.00012219085968625455
leaf_weight=26383 2684 620842 22531 921562 677716 11607 51982
leaf_count=26383 2684 620842 22531 921562 677716 11607 51982
internal_value=-4.17412e-08 1.06976e-05 -0.000212225 -2.32977e-05 3.48937e-05 -0.000322176 -0.000156164
internal_weight=2.33531e+06 2.2228e+06 112503 924246 1.29856e+06 37990 74513
internal_count=2335307 2222804 112503 924246 1298558 37990 74513
is_linear=0
shrinkage=0.00720685


Tree=19
num_leaves=8
num_cat=0
split_feature=0 0 7 0 7 23 17
split_gain=103.783 34.4984 13.5694 11.7532 9.62476 3.92351 3.90905
threshold=-1.9480488300323484 0.20067883282899859 0.49689154326915747 -4.2234973907470694 0.38563966751098638 0.059658173471689231 0.17873241752386096
decision_type=2 2 2 2 2 8 2
left_child=3 2 -2 5 -3 -1 -5
right_child=1 4 -4 6 -6 -7 -8
leaf_value=-0.00043059101194211182 -9.2331024116004025e-06 4.2964561242115706e-05 -7.6915662495732445e-05 -0.00020483679261720046 -1.4434008402636848e-05 -0.00026062428901401415 -7.8919479336887871e-05
leaf_weight=14817 800271 1064328 190467 58245 176959 13479 16417
leaf_count=14817 800271 1064328 190467 58245 176959 13479 16417
internal_value=-8.50193e-07 9.46904e-06 -2.2245e-05 -0.000224559 3.47817e-05 -0.000349638 -0.000177151
internal_weight=2.33498e+06 2.23202e+06 990738 102958 1.24129e+06 28296 74662
internal_count=2334983 2232025 990738 102958 1241287 28296 74662
is_linear=0
shrinkage=0.00720685


Tree=20
num_leaves=8
num_cat=0
split_feature=1 7 1 19 7 23 23
split_gain=84.7524 23.9903 16.4393 15.9195 3.85777 3.4016 2.71071
threshold=1.3311694264411928 0.53666293621063244 2.0643950700759892 -0.34254848957061762 0.61392313241958629 0.016632715240120891 -0.090936828404664979
decision_type=2 2 2 8 2 8 10
left_child=1 3 4 -1 -2 -4 -3
right_child=2 6 5 -5 -6 -7 -8
leaf_value=5.0132747256430406e-05 -7.5257561988728274e-05 -7.2708584195242307e-05 -0.00028244697812019129 6.5869993184887669e-06 -0.00016179966681706298 -0.00017812184260483467 -2.6554831638652563e-05
leaf_weight=703844 122143 135628 32680 1146020 34258 32275 128924
leaf_count=703844 122143 135628 32680 1146020 34258 32275 128924
internal_value=-7.08767e-08 1.39753e-05 -0.000134241 2.31555e-05 -9.42147e-05 -0.000230613 -5.02168e-05
internal_weight=2.33577e+06 2.11442e+06 221356 1.84986e+06 156401 64955 264552
internal_count=2335772 2114416 221356 1849864 156401 64955 264552
is_linear=0
shrinkage=0.00720685


Tree=21
num_leaves=8
num_cat=0
split_feature=1 7 2 19 1 1 9
split_gain=83.5984 24.6923 22.4454 16.5153 7.04937 4.86055 2.41093
threshold=1.2272552847862246 0.5659431815147401 -1.9711399078369138 -0.35154335200786585 2.0643950700759892 1.9327835440635683 0.36286199092864996
decision_type=2 2 2 8 2 2 8
left_child=1 3 5 -1 -4 -2 -3
right_child=2 6 4 -5 -6 -7 -8
leaf_value=5.1816710062037989e-05 -0.00018416274956112484 -6.2399839473988679e-05 -6.770266245390038e-05 7.1402257038521732e-06 -0.00017208104310271333 -0.00032417826140319613 6.0852932950405144e-06
leaf_weight=685912 24684 210708 163495 1150739 42302 26937 30571
leaf_count=685912 24684 210708 163495 1150739 42302 26937 30571
internal_value=-3.55957e-07 1.48206e-05 -0.000122864 2.3825e-05 -8.91587e-05 -0.000257231 -5.37224e-05
internal_weight=2.33535e+06 2.07793e+06 257418 1.83665e+06 205797 51621 241279
internal_count=2335348 2077930 257418 1836651 205797 51621 241279
is_linear=0
shrinkage=0.00720685


Tree=22
num_leaves=8
num_cat=0
split_feature=0 0 0 21 7 23 9
split_gain=99.6185 32.5518 14.2358 12.8107 11.5934 4.43281 4.12724
threshold=-1.8210880160331724 0.16843824088573459 -4.2234973907470694 inf 0.53666293621063244 0.016632715240120891 -1.3254042863845823
decision_type=2 2 2 8 2 8 8
left_child=2 3 5 -2 -3 -1 -4
right_child=1 4 6 -5 -6 -7 -8
leaf_value=-0.00043758961492565472 -2.4149212978398561e-05 4.0429758071416548e-05 -0.00023744870616765771 0.00045250894916377135 -3.2214464060001865e-05 -0.00025772415272998922 -0.00012835868360406866
leaf_weight=14388 912840 1180973 26116 2937 126306 14096 58077
leaf_count=14388 912840 1180973 26116 2937 126306 14096 58077
internal_value=-2.66837e-07 1.03293e-05 -0.000209321 -2.262e-05 3.3411e-05 -0.000348591 -0.0001622
internal_weight=2.33573e+06 2.22306e+06 112677 915777 1.30728e+06 28484 84193
internal_count=2335733 2223056 112677 915777 1307279 28484 84193
is_linear=0
shrinkage=0.00720685


Tree=23
num_leaves=8
num_cat=0
split_feature=1 7 2 1 1 1 2
split_gain=83.4285 22.386 22.1846 11.2488 6.05918 5.42278 2.40334
threshold=1.2272552847862246 0.5659431815147401 -1.7253390550613401 -0.26304575800895685 2.2277821302413945 1.9977926611900332 -0.10516243055462836
decision_type=2 2 2 2 2 2 2
left_child=1 3 4 -1 -2 -4 -3
right_child=2 6 5 -5 -6 -7 -8
leaf_value=4.1960722333749372e-05 -0.00019160494776783796 -6.7936219119936234e-05 -6.364197311496679e-05 6.2906137072560431e-06 -0.0003437267253275009 -0.00015362061569626376 -2.1116727715614926e-05
leaf_weight=905513 41977 148682 149957 931598 20122 45298 92297
leaf_count=905513 41977 148682 149957 931598 20122 45298 92297
internal_value=1.47203e-07 1.53056e-05 -0.000122253 2.38725e-05 -0.000240902 -8.45173e-05 -5.00042e-05
internal_weight=2.33544e+06 2.07809e+06 257354 1.83711e+06 62099 195255 240979
internal_count=2335444 2078090 257354 1837111 62099 195255 240979
is_linear=0
shrinkage=0.00720685


Tree=24
num_leaves=8
num_cat=0
split_feature=0 0 0 21 19 2 2
split_gain=93.8851 28.4127 18.8251 12.5855 8.83834 5.71674 4.54781
threshold=-1.3400628566741941 0.21771742403507235 -3.7064251899719234 inf -0.26340928673744196 -1.6563512682914732 -1.4354292750358579
decision_type=2 2 2 8 8 2 2
left_child=2 3 5 -2 -3 -1 -4
right_child=1 4 6 -5 -6 -7 -8
leaf_value=-0.0003951176572453803 -1.8141513419041214e-05 5.5705443916302788e-05 -0.00019007363947172126 0.00045046620327939934 1.6673539421692743e-05 -0.00021839801607346289 -9.5070299393847167e-05
leaf_weight=19456 967481 587458 38221 2985 618617 18605 83026
leaf_count=19456 967481 587458 38221 2985 618617 18605 83026
internal_value=-3.29634e-08 1.23281e-05 -0.000168915 -1.66997e-05 3.56853e-05 -0.000308742 -0.00012502
internal_weight=2.33585e+06 2.17654e+06 159308 970466 1.20608e+06 38061 121247
internal_count=2335849 2176541 159308 970466 1206075 38061 121247
is_linear=0
shrinkage=0.00720685


Tree=25
num_leaves=8
num_cat=0
split_feature=0 0 0 21 19 2 2
split_gain=95.4403 26.8793 18.5355 14.4373 8.36092 5.68588 3.90342
threshold=-1.4225601553916929 0.21342279762029651 -3.7064251899719234 inf -0.26777680218219752 -2.633328795433044 -1.3437585234642027
decision_type=2 2 2 8 8 2 2
left_child=2 3 5 -2 -3 -1 -4
right_child=1 4 6 -5 -6 -7 -8
leaf_value=-0.0004459473254466536 -1.7834537656443231e-05 5.4137736076338906e-05 -0.00018830923441075044 0.00048389742828879923 1.6314184962974773e-05 -0.00025493137650997664 -9.8496666949587978e-05
leaf_weight=11697 967479 586821 38324 2987 628807 26300 73047
leaf_count=11697 967479 586821 38324 2987 628807 26300 73047
internal_value=-4.90468e-08 1.19935e-05 -0.000176299 -1.62898e-05 3.45728e-05 -0.000313744 -0.000129404
internal_weight=2.33546e+06 2.18609e+06 149368 970466 1.21563e+06 37997 111371
internal_count=2335462 2186094 149368 970466 1215628 37997 111371
is_linear=0
shrinkage=0.00720685


Tree=26
num_leaves=8
num_cat=0
split_feature=2 7 7 9 21 21 23
split_gain=55.6266 19.6746 9.74976 8.40194 8.30988 3.40444 2.66033
threshold=-1.1487476825714109 0.51013565063476574 -0.71398109197616566 -3.3522597551345821 inf inf 0.23571363091468814
decision_type=2 2 2 8 8 8 8
left_child=3 2 -2 6 -5 -3 -1
right_child=1 5 -4 4 -6 -7 -8
leaf_value=-0.00034276445710190425 -2.2821186796157688e-05 -4.9446620091080094e-05 2.6678918076716867e-05 -9.729929409507264e-05 0.00049438262170325954 0.00074434917050476292 -0.00014033600315396105
leaf_weight=9577 236805 243064 1623832 215660 1239 280 5208
leaf_count=9577 236805 243064 1623832 215660 1239 280 5208
internal_value=7.37942e-07 1.2409e-05 2.0379e-05 -0.000105249 -9.39172e-05 -4.85303e-05 -0.000271475
internal_weight=2.33566e+06 2.10398e+06 1.86064e+06 231684 216899 243344 14785
internal_count=2335665 2103981 1860637 231684 216899 243344 14785
is_linear=0
shrinkage=0.00720685


Tree=27
num_leaves=8
num_cat=0
split_feature=0 0 0 7 7 25 9
split_gain=92.0658 28.3254 15.3468 11.647 10.1366 3.56424 2.98938
threshold=-1.5995852947235105 0.1824162304401398 -3.7064251899719234 0.64939823746681224 0.36040452122688299 0.25422243773937231 -1.3254042863845823
decision_type=2 2 2 2 2 8 8
left_child=2 3 5 -2 -3 -1 -4
right_child=1 4 6 -5 -6 -7 -8
leaf_value=-0.00035819596495970021 -8.7760499790750205e-06 4.169464707204886e-05 -0.00019957960220541682 -8.1290198145929287e-05 -1.4337865853018731e-05 -0.000210563572302699 -0.00010971571271147231
leaf_weight=24959 790549 1081838 27115 134634 198448 12885 66117
leaf_count=24959 790549 1081838 27115 134634 198448 12885 66117
internal_value=2.53121e-08 1.10539e-05 -0.000185539 -1.93285e-05 3.30094e-05 -0.000307938 -0.000135853
internal_weight=2.33654e+06 2.20547e+06 131076 925183 1.28029e+06 37844 93232
internal_count=2336545 2205469 131076 925183 1280286 37844 93232
is_linear=0
shrinkage=0.00720685


Tree=28
num_leaves=8
num_cat=0
split_feature=0 0 21 0 8 2 9
split_gain=91.4775 29.3629 14.1682 11.9331 8.59414 5.5562 3.38904
threshold=-1.8210880160331724 0.15452916175127032 inf -3.7064251899719234 1.1559585332870486 -1.6563512682914732 -1.3254042863845823
decision_type=2 2 8 2 10 2 8
left_child=3 2 -2 5 -3 -1 -5
right_child=1 4 -4 6 -6 -7 -8
leaf_value=-0.00038894588198416623 -2.3693474838258816e-05 2.4322836466485173e-05 0.0004732457562073705 -0.00022130073886007163 7.8247260792760703e-05 -0.00021474786650140732 -0.00011535487324767828
leaf_weight=19604 884399 1156861 2989 22513 176990 18481 51704
leaf_count=19604 884399 1156861 2989 22513 176990 18481 51704
internal_value=-3.99928e-08 1.01059e-05 -2.20191e-05 -0.000200717 3.14782e-05 -0.000304423 -0.000147495
internal_weight=2.33354e+06 2.22124e+06 887388 112302 1.33385e+06 38085 74217
internal_count=2333541 2221239 887388 112302 1333851 38085 74217
is_linear=0
shrinkage=0.00720685


Tree=29
num_leaves=8
num_cat=0
split_feature=0 0 0 1 8 19 9
split_gain=88.9083 27.9139 15.2364 13.7057 9.87047 4.43436 3.86212
threshold=-1.5995852947235105 0.16394045948982242 -3.7064251899719234 -1.9734736084938047 1.0517603158950808 -0.66129574179649342 -1.3254042863845823
decision_type=2 2 2 2 8 10 8
left_child=2 3 5 -2 -3 -1 -4
right_child=1 4 6 -5 -6 -7 -8
leaf_value=-0.00017447538049227134 0.00049432094307457679 2.3994441412054926e-05 -0.00020478538294317305 -2.1653517087064906e-05 7.971151629947142e-05 -0.00035063977722666451 -0.00010269479228677589
leaf_weight=10124 2681 1123241 27149 885471 193604 27839 66138
leaf_count=10124 2681 1123241 27149 885471 193604 27839 66138
internal_value=2.80709e-07 1.11276e-05 -0.000181945 -2.00954e-05 3.21861e-05 -0.000303666 -0.000132408
internal_weight=2.33625e+06 2.205e+06 131250 888152 1.31684e+06 37963 93287
internal_count=2336247 2204997 131250 888152 1316845 37963 93287
is_linear=0
shrinkage=0.00720685


Tree=30
num_leaves=8
num_cat=0
split_feature=1 7 2 19 1 1 9
split_gain=75.578 21.208 18.7352 15.1488 6.12886 4.84504 2.39494
threshold=1.2272552847862246 0.5659431815147401 -1.5942883491516111 -0.35154335200786585 2.4449073076248173 1.9327835440635683 0.31851033866405493
decision_type=2 2 2 8 2 2 8
left_child=1 3 4 -1 -2 -4 -3
right_child=2 6 5 -5 -6 -7 -8
leaf_value=4.9552307143698735e-05 -0.00018387968106140713 -5.8192917807779099e-05 -5.7702569593557654e-05 6.7691226882772401e-06 -0.00035262584988649237 -0.00014053348015812317 7.6722159686141712e-06
leaf_weight=686055 54423 208062 139624 1151081 14071 49747 33255
leaf_count=686055 54423 208062 139624 1151081 14071 49747 33255
internal_value=-3.54222e-08 1.44025e-05 -0.000116408 2.2746e-05 -0.000218551 -7.94626e-05 -4.91162e-05
internal_weight=2.33632e+06 2.07845e+06 257865 1.83714e+06 68494 189371 241317
internal_count=2336318 2078453 257865 1837136 68494 189371 241317
is_linear=0
shrinkage=0.00720685


Tree=31
num_leaves=8
num_cat=0
split_feature=0 0 7 7 0 23 23
split_gain=89.7704 30.9441 12.4119 9.88567 9.2169 3.47356 2.55928
threshold=-1.9480488300323484 0.209244579076767 0.64939823746681224 0.36040452122688299 -4.2234973907470694 0.059658173471689231 -0.6406748592853545
decision_type=2 2 2 2 2 8 8
left_child=4 2 -2 -3 5 -1 -6
right_child=1 3 -4 -5 6 -7 -8
leaf_value=-0.00039528260401074886 -1.0117961732044713e-05 4.2080691633283167e-05 -8.1914605068267695e-05 -1.4845983751133075e-05 -0.00025596169138447758 -0.00023548487816674415 -0.00014661230089772531
leaf_weight=14805 861993 1036976 146283 187013 13577 13529 61415
leaf_count=14805 861993 1036976 146283 187013 13577 13529 61415
internal_value=-5.83423e-07 9.02931e-06 -2.05345e-05 3.33829e-05 -0.000208256 -0.000318993 -0.000166413
internal_weight=2.33559e+06 2.23226e+06 1.00828e+06 1.22399e+06 103326 28334 74992
internal_count=2335591 2232265 1008276 1223989 103326 28334 74992
is_linear=0
shrinkage=0.00720685


Tree=32
num_leaves=8
num_cat=0
split_feature=0 0 0 7 15 2 17
split_gain=89.5673 24.8149 17.119 11.1873 8.74726 5.99997 4.17746
threshold=-1.3400628566741941 0.209244579076767 -3.7064251899719234 0.64939823746681224 -0.11037173494696616 -1.7998902797698972 0.20532864332199099
decision_type=2 2 2 2 2 2 2
left_child=2 3 5 -2 -3 -1 -4
right_child=1 4 6 -5 -6 -7 -8
leaf_value=-0.00039235152916219446 -5.5505993296945241e-06 1.2349092047903869e-05 -0.00014577624221526195 -7.6242860246415761e-05 5.1024823166839052e-05 -0.0002112920343836719 -4.3767482372518796e-05
leaf_weight=18322 816562 557160 94246 135576 667744 19767 26777
leaf_count=18322 816562 557160 94246 135576 667744 19767 26777
internal_value=-8.3076e-08 1.19808e-05 -0.000165146 -1.56166e-05 3.34328e-05 -0.000298396 -0.000123207
internal_weight=2.33615e+06 2.17704e+06 159112 952138 1.2249e+06 38089 121023
internal_count=2336154 2177042 159112 952138 1224904 38089 121023
is_linear=0
shrinkage=0.00720685


Tree=33
num_leaves=8
num_cat=0
split_feature=0 0 0 1 8 2 2
split_gain=86.1474 27.1607 14.4446 13.0489 8.59303 4.41705 4.37737
threshold=-1.5995852947235105 0.1824162304401398 -4.2234973907470694 -1.9734736084938047 1.1559585332870486 -1.6563512682914732 -1.4354292750358579
decision_type=2 2 2 2 10 2 2
left_child=2 3 5 -2 -3 -1 -4
right_child=1 4 6 -5 -6 -7 -8
leaf_value=-0.00040579879052045245 0.00047978745716472547 2.4574069085420116e-05 -0.00020428060822517806 -2.0764489856248487e-05 7.9163457666640264e-05 -0.00022530371395110155 -0.00010555053701927074
leaf_weight=15443 2712 1106042 35749 922266 173225 12955 67126
leaf_count=15443 2712 1106042 35749 922266 173225 12955 67126
internal_value=-2.26979e-07 1.04546e-05 -0.000179583 -1.92964e-05 3.19661e-05 -0.000323469 -0.000139861
internal_weight=2.33552e+06 2.20424e+06 131273 924978 1.27927e+06 28398 102875
internal_count=2335518 2204245 131273 924978 1279267 28398 102875
is_linear=0
shrinkage=0.00720685


Tree=34
num_leaves=8
num_cat=0
split_feature=0 7 0 0 19 6 17
split_gain=82.219 24.4467 17.6117 17.0855 4.35975 3.61515 3.52209
threshold=-1.3400628566741941 0.5659431815147401 -4.2234973907470694 0.21771742403507235 -0.55725347995758046 0.66935545206069957 -0.011495244689285753
decision_type=2 2 2 2 10 8 2
left_child=2 3 4 -2 -1 -3 -4
right_child=1 5 6 -5 -6 -7 -8
leaf_value=-0.00019573995333617162 -4.6587611631367247e-06 -3.329148276184625e-05 -0.0001502968037886279 3.8936015391462086e-05 -0.00038504356618033428 -8.8684297427446055e-05 -7.164392250445361e-05
leaf_weight=9530 810513 167281 85268 1101477 18776 96496 45277
leaf_count=9530 810513 167281 85268 1101477 18776 96496 45277
internal_value=-7.31822e-08 1.1483e-05 -0.000158356 2.04557e-05 -0.000321319 -5.35559e-05 -0.000123018
internal_weight=2.33462e+06 2.17577e+06 158851 1.91199e+06 28306 263777 130545
internal_count=2334618 2175767 158851 1911990 28306 263777 130545
is_linear=0
shrinkage=0.00720685


Tree=35
num_leaves=8
num_cat=0
split_feature=1 7 2 19 1 9 2
split_gain=72.1418 20.8137 16.8059 16.0056 4.49284 3.67501 2.75247
threshold=1.3602761626243594 0.53666293621063244 -1.7253390550613401 -0.34731155633926386 2.3250137567520146 -1.4767982959747312 0.1983209699392319
decision_type=2 2 2 8 2 8 2
left_child=1 3 4 -1 -2 -4 -3
right_child=2 6 5 -5 -6 -7 -8
leaf_value=4.8498786450371883e-05 -0.00019115436179306924 -6.0301098735931836e-05 -0.00016229920571346276 4.8267474605312028e-06 -0.00033160948492793029 -7.1656042368674669e-05 -7.1031235402600959e-06
leaf_weight=698993 39259 199127 28398 1157889 16935 127721 67688
leaf_count=698993 39259 199127 28398 1157889 16935 127721 67688
internal_value=5.07833e-08 1.2714e-05 -0.000126615 2.12664e-05 -0.000233488 -8.81451e-05 -4.68055e-05
internal_weight=2.33601e+06 2.1237e+06 212313 1.85688e+06 56194 156119 266815
internal_count=2336010 2123697 212313 1856882 56194 156119 266815
is_linear=0
shrinkage=0.00720685


Tree=36
num_leaves=8
num_cat=0
split_feature=0 7 0 0 9 6 25
split_gain=81.3172 22.7651 20.1274 15.9146 4.55693 3.30908 3.28561
threshold=-1.0285626649856565 0.53666293621063244 -3.2891662120819087 0.41110566258430487 -1.4234562516212461 0.60556548833847057 0.20389387011528018
decision_type=2 2 2 2 8 8 8
left_child=2 3 6 -2 -4 -3 -1
right_child=1 5 4 -5 -6 -7 -8
leaf_value=-0.00031506714347552132 5.0305241674650046e-06 -2.8561444942648972e-05 -0.00016890459031606862 4.8160862010907742e-05 -7.6930767886768871e-05 -8.0241126904489311e-05 -0.00019150022702145211
leaf_weight=29111 1125253 165366 36342 734314 121608 105350 18154
leaf_count=29111 1125253 165366 36342 734314 121608 105350 18154
internal_value=-1.25742e-07 1.3073e-05 -0.000137138 2.20621e-05 -9.80937e-05 -4.86731e-05 -0.000267612
internal_weight=2.3355e+06 2.13028e+06 205215 1.85957e+06 157950 270716 47265
internal_count=2335498 2130283 205215 1859567 157950 270716 47265
is_linear=0
shrinkage=0.00720685


Tree=37
num_leaves=8
num_cat=0
split_feature=0 0 0 1 19 2 9
split_gain=79.2986 22.6804 17.109 10.1718 8.42391 5.29091 4.18734
threshold=-1.2010077834129331 0.21771742403507235 -3.2891662120819087 -1.9734736084938047 -0.26777680218219752 -1.6563512682914732 -1.3254042863845823
decision_type=2 2 2 2 8 2 8
left_child=2 3 5 -2 -3 -1 -4
right_child=1 4 6 -5 -6 -7 -8
leaf_value=-0.0003425299902808635 0.00042865265111744383 5.270086165640832e-05 -0.00017241363488306797 -1.5312634942368924e-05 1.4599877617405127e-05 -0.00018981678522830806 -7.9340199142103465e-05
leaf_weight=22874 2687 582902 33985 948437 624077 24315 96113
leaf_count=22874 2687 582902 33985 948437 624077 24315 96113
internal_value=2.24251e-07 1.22608e-05 -0.000146295 -1.40579e-05 3.30005e-05 -0.000263848 -0.000103655
internal_weight=2.33539e+06 2.1581e+06 177287 951124 1.20698e+06 47189 130098
internal_count=2335390 2158103 177287 951124 1206979 47189 130098
is_linear=0
shrinkage=0.00720685


Tree=38
num_leaves=8
num_cat=0
split_feature=0 0 0 1 8 25 17
split_gain=80.3351 22.5479 16.6909 12.7098 7.42551 3.77267 3.17859
threshold=-1.3400628566741941 0.20067883282899859 -3.7064251899719234 -1.9734736084938047 1.1183270215988161 0.25892646610736852 0.22449529170989993
decision_type=2 2 2 2 10 8 2
left_child=2 3 5 -2 -3 -1 -4
right_child=1 4 6 -5 -6 -7 -8
leaf_value=-0.00033873348113115301 0.00048208486550198868 2.4870085161771292e-05 -0.00013375436210673409 -1.6235973761833503e-05 7.5272472765724999e-05 -0.00018656291865354067 -4.369544906245248e-05
leaf_weight=25228 2665 1065450 95193 931352 177042 12741 25894
leaf_count=25228 2665 1065450 95193 931352 177042 12741 25894
internal_value=5.14166e-07 1.19403e-05 -0.000155839 -1.48136e-05 3.2052e-05 -0.000287677 -0.000114496
internal_weight=2.33556e+06 2.17651e+06 159056 934017 1.24249e+06 37969 121087
internal_count=2335565 2176509 159056 934017 1242492 37969 121087
is_linear=0
shrinkage=0.00720685


Tree=39
num_leaves=8
num_cat=0
split_feature=0 0 21 2 8 0 19
split_gain=77.2459 27.7564 11.1889 10.589 8.63268 4.06856 3.61666
threshold=-1.9480488300323484 0.14976718276739123 inf -1.9711399078369138 1.0212124586105349 -4.2234973907470694 -0.13072378188371656
decision_type=2 2 8 2 10 2 10
left_child=3 2 -2 5 -3 -1 -5
right_child=1 4 -4 6 -6 -7 -8
leaf_value=-0.00039568876122096392 -2.405016241748204e-05 2.1676452977257599e-05 0.00042015960980240288 -0.0001010161939305242 7.2858959163995976e-05 -0.00023272876323520412 -0.00020657088550429526
leaf_weight=13517 885548 1141910 2954 42333 201334 19366 28023
leaf_count=13517 885548 1141910 2954 42333 201334 19366 28023
internal_value=-2.38086e-07 8.67733e-06 -2.25728e-05 -0.000192964 2.93481e-05 -0.000299726 -0.000143062
internal_weight=2.33498e+06 2.23175e+06 888502 103239 1.34324e+06 32883 70356
internal_count=2334985 2231746 888502 103239 1343244 32883 70356
is_linear=0
shrinkage=0.00720685


Tree=40
num_leaves=8
num_cat=0
split_feature=0 0 1 0 15 23 17
split_gain=76.206 28.8088 11.538 8.40423 8.36886 3.92781 2.49433
threshold=-2.0944663286209102 0.16394045948982242 -1.8940956592559812 -4.2234973907470694 -0.11037173494696616 0.016632715240120891 0.22449529170989993
decision_type=2 2 2 2 2 8 2
left_child=3 2 -2 5 -3 -1 -5
right_child=1 4 -4 6 -6 -7 -8
leaf_value=-0.00038940409552508723 0.00042651317785513925 1.0542196740040885e-05 -2.3632530002289198e-05 -0.00017807913949913697 4.7023098888518441e-05 -0.00021939446791236321 -6.6112356384451132e-05
leaf_weight=14195 2966 603132 922164 52859 712374 14051 12848
leaf_count=14195 2966 603132 922164 52859 712374 14051 12848
internal_value=1.94934e-07 8.62648e-06 -2.21889e-05 -0.000200882 3.02974e-05 -0.000304844 -0.000156187
internal_weight=2.33459e+06 2.24064e+06 925130 93953 1.31551e+06 28246 65707
internal_count=2334589 2240636 925130 93953 1315506 28246 65707
is_linear=0
shrinkage=0.00720685


Tree=41
num_leaves=8
num_cat=0
split_feature=1 7 15 9 1 1 23
split_gain=66.6258 20.6084 13.0782 12.5112 4.96039 4.11333 2.60586
threshold=1.3311694264411928 0.53666293621063244 -0.13990367203950879 -1.4767982959747312 2.0643950700759892 1.9327835440635683 -0.090936828404664979
decision_type=2 2 2 8 2 2 10
left_child=1 2 -1 5 -5 -2 -3
right_child=3 6 -4 4 -6 -7 -8
leaf_value=7.056784813000061e-07 -0.00014998121423774526 -6.8898933430158244e-05 3.9121330404855819e-05 -6.4824357083481017e-05 -0.00015501158697619474 -0.00027512265281077369 -2.3645446441261456e-05
leaf_weight=864607 26933 135654 984255 124742 42457 27657 128887
leaf_count=864607 26933 135654 984255 124742 42457 27657 128887
internal_value=1.73239e-07 1.26438e-05 2.11566e-05 -0.000118657 -8.77266e-05 -0.000213386 -4.68512e-05
internal_weight=2.33519e+06 2.1134e+06 1.84886e+06 221789 167199 54590 264541
internal_count=2335192 2113403 1848862 221789 167199 54590 264541
is_linear=0
shrinkage=0.00720685


Tree=42
num_leaves=8
num_cat=0
split_feature=7 15 19 9 12 12 18
split_gain=38.4807 19.9264 13.0174 9.22147 7.54317 3.91256 3.83918
threshold=0.41235886514186865 -0.16940303891897199 -0.24546828120946881 -1.5962122082710264 0.49885608255863195 0.69417887926101696 3.3041223287582402
decision_type=2 2 8 8 8 8 10
left_child=1 2 -1 6 -3 -5 -2
right_child=3 4 -4 5 -6 -7 -8
leaf_value=2.0000618964784549e-05 -0.00011616249583411287 4.9983729212205612e-05 -3.5300397195984806e-05 -2.8592451628893392e-05 8.2754842962236832e-06 -8.1892286390220723e-05 -0.00032485434208808878
leaf_weight=399959 81666 676561 494314 238862 337601 102113 4850
leaf_count=399959 81666 676561 494314 238862 337601 102113 4850
internal_value=3.87964e-07 1.4232e-05 -1.05673e-05 -6.14154e-05 3.60997e-05 -4.45546e-05 -0.000127865
internal_weight=2.33593e+06 1.90844e+06 894273 427491 1.01416e+06 340975 86516
internal_count=2335926 1908435 894273 427491 1014162 340975 86516
is_linear=0
shrinkage=0.00720685


Tree=43
num_leaves=8
num_cat=0
split_feature=1 15 1 12 5 12 4
split_gain=66.3275 16.4877 10.6423 8.99268 5.91026 2.93502 2.6476
threshold=1.3602761626243594 -0.13990367203950879 2.0643950700759892 0.49885608255863195 0.58697479963302623 -0.65800154209136952 0.27014806866645819
decision_type=2 2 2 8 8 10 8
left_child=1 4 6 -3 -1 -4 -2
right_child=2 3 5 -5 -6 -7 -8
leaf_value=-2.0489337949179962e-05 -0.00010422529919507819 4.5582811996244764e-05 -4.9020579931456015e-05 1.7769325589523804e-06 1.734006330592833e-05 -0.00021433296172393957 -2.9883955412584057e-05
leaf_weight=727993 115730 723509 6160 366791 304112 59164 31699
leaf_count=727993 115730 723509 6160 366791 304112 59164 31699
internal_value=-8.58118e-07 1.13026e-05 -0.000122172 3.0846e-05 -9.34279e-06 -0.000198745 -8.82415e-05
internal_weight=2.33516e+06 2.1224e+06 212753 1.0903e+06 1.0321e+06 65324 147429
internal_count=2335158 2122405 212753 1090300 1032105 65324 147429
is_linear=0
shrinkage=0.00720685


Tree=44
num_leaves=8
num_cat=0
split_feature=0 0 0 21 19 9 19
split_gain=75.2065 18.716 18.1253 12.7235 7.46457 5.06126 4.37749
threshold=-0.9781808853149413 -3.7064251899719234 0.3845659345388413 inf -0.47658430039882654 -1.3254042863845823 -0.6538686454296111
decision_type=2 2 2 8 8 8 10
left_child=1 6 3 -2 -4 -3 -1
right_child=2 5 4 -5 -6 -7 -8
leaf_value=-0.00014711689875187173 -4.7566414574675836e-06 -0.00016345093300339908 7.1099409905581637e-05 0.00046974225800283697 2.5007724382087798e-05 -7.4364667182079083e-05 -0.00032018808695317741
leaf_weight=10464 1264800 44172 264703 2941 587627 132436 27670
leaf_count=10464 1264800 44172 264703 2941 587627 132436 27670
internal_value=6.05183e-07 -0.000127912 1.36228e-05 -3.65549e-06 3.93222e-05 -9.66472e-05 -0.000272703
internal_weight=2.33481e+06 214742 2.12007e+06 1.26774e+06 852330 176608 38134
internal_count=2334813 214742 2120071 1267741 852330 176608 38134
is_linear=0
shrinkage=0.00720685


Tree=45
num_leaves=8
num_cat=0
split_feature=2 15 2 9 2 21 11
split_gain=50.8127 17.9467 12.8291 7.45276 7.19433 4.71275 1.73165
threshold=-1.1487476825714109 -0.16940303891897199 -0.12847279012203214 -1.4767982959747312 -2.3170614242553706 inf 1.1582939624786379
decision_type=2 2 2 10 2 8 10
left_child=4 3 -3 -2 5 -1 -6
right_child=1 2 -4 -5 6 -7 -8
leaf_value=-0.0001738514834110416 -7.1931020504266863e-05 -6.5681416419178326e-06 4.7207768909154497e-05 -4.4211021806741694e-06 -6.2485297880324677e-05 0.00031952775886567316 -0.00011528245457840003
leaf_weight=62957 93776 326553 782651 900527 124487 1021 43558
leaf_count=62957 93776 326553 782651 900527 124487 1021 43558
internal_value=2.81064e-07 1.14454e-05 3.1376e-05 -1.07883e-05 -0.000100934 -0.000165973 -7.61713e-05
internal_weight=2.33553e+06 2.10351e+06 1.1092e+06 994303 232023 63978 168045
internal_count=2335530 2103507 1109204 994303 232023 63978 168045
is_linear=0
shrinkage=0.00720685


Tree=46
num_leaves=8
num_cat=0
split_feature=0 0 0 21 19 23 17
split_gain=74.2798 24.2712 9.90486 9.75091 8.14588 3.84495 2.75762
threshold=-1.9480488300323484 0.21771742403507235 -3.7064251899719234 inf -0.52927649021148671 0.016632715240120891 0.22449529170989993
decision_type=2 2 2 8 8 8 2
left_child=2 3 5 -2 -3 -1 -4
right_child=1 4 6 -5 -6 -7 -8
leaf_value=-0.0003537597671420235 -1.8825765500014028e-05 6.2168772598025939e-05 -0.00015909095065462175 0.00039007878121866796 1.9146410604266973e-05 -0.00020886299817228534 -4.2079633747096652e-05
leaf_weight=19188 1022449 306431 52128 3037 899748 18877 13089
leaf_count=19188 1022449 306431 52128 3037 899748 18877 13089
internal_value=-5.82957e-07 8.16167e-06 -0.000189531 -1.76144e-05 3.00763e-05 -0.000281911 -0.000135608
internal_weight=2.33495e+06 2.23166e+06 103282 1.02549e+06 1.20618e+06 38065 65217
internal_count=2334947 2231665 103282 1025486 1206179 38065 65217
is_linear=0
shrinkage=0.00720685


Tree=47
num_leaves=8
num_cat=0
split_feature=0 0 0 1 2 2 2
split_gain=70.4208 21.2863 14.085 13.1004 7.83706 6.20846 3.41699
threshold=-1.3400628566741941 0.20067883282899859 -3.2891662120819087 -1.9734736084938047 -0.37361341714859003 -1.6563512682914732 -1.1487476825714109
decision_type=2 2 2 2 2 2 2
left_child=2 3 5 -2 -3 -1 -4
right_child=1 4 6 -5 -6 -7 -8
leaf_value=-0.00033552864315355329 0.0004868466339922956 -8.7456886706063999e-06 -0.00015333686887114285 -1.6444989186558372e-05 3.8873093363581764e-05 -0.00017027256850278563 -7.1012529019727537e-05
leaf_weight=22935 2693 217625 42005 931926 1024897 24346 69549
leaf_count=22935 2693 217625 42005 931926 1024897 24346 69549
internal_value=3.00639e-07 1.09886e-05 -0.000146197 -1.49943e-05 3.05327e-05 -0.00025044 -0.000102013
internal_weight=2.33598e+06 2.17714e+06 158835 934619 1.24252e+06 47281 111554
internal_count=2335976 2177141 158835 934619 1242522 47281 111554
is_linear=0
shrinkage=0.00720685


Tree=48
num_leaves=8
num_cat=0
split_feature=0 7 0 19 2 2 7
split_gain=70.0191 22.0788 18.709 15.6357 4.93559 4.60126 2.3118
threshold=-0.9781808853149413 0.59704655408859264 -3.7064251899719234 -0.35154335200786585 -1.0567681789398191 -2.633328795433044 1.524069130420685
decision_type=2 2 2 8 2 2 2
left_child=2 3 5 -2 -4 -1 -3
right_child=1 6 4 -5 -6 -7 -8
leaf_value=-0.00038788548163510797 4.8074428010868874e-05 -3.807328274221072e-05 -0.00014177990859327847 5.0804291390209323e-06 -6.3125905686280926e-05 -0.00021603995569269467 -8.7190373139579928e-05
leaf_weight=11721 697425 166011 66429 1187173 110151 26166 71085
leaf_count=11721 697425 166011 66429 1187173 110151 26166 71085
internal_value=2.00841e-07 1.2745e-05 -0.000123896 2.09911e-05 -9.27161e-05 -0.000269212 -5.27997e-05
internal_weight=2.33616e+06 2.12169e+06 214467 1.8846e+06 176580 37887 237096
internal_count=2336161 2121694 214467 1884598 176580 37887 237096
is_linear=0
shrinkage=0.00720685


Tree=49
num_leaves=8
num_cat=0
split_feature=0 0 1 0 7 25 17
split_gain=69.4553 22.9672 12.7615 10.1103 8.25432 3.42171 3.21008
threshold=-1.8210880160331724 0.21771742403507235 -1.9734736084938047 -4.2234973907470694 0.36883166432380682 0.25422243773937231 0.20532864332199099
decision_type=2 2 2 2 2 8 2
left_child=3 2 -2 5 -3 -1 -5
right_child=1 4 -4 6 -6 -7 -8
leaf_value=-0.00034876791636255549 0.00047773154155765095 3.8274836272731314e-05 -1.7393533545844354e-05 -0.00015761539075263874 -1.4822544991256276e-05 -0.00018181015643148037 -4.8127460047098407e-05
leaf_weight=18743 2710 1027969 1014307 66438 178462 9669 17593
leaf_count=18743 2710 1027969 1014307 66438 178462 9669 17593
internal_value=3.1626e-07 9.1537e-06 -1.60737e-05 -0.000174434 3.04203e-05 -0.000291959 -0.000134694
internal_weight=2.33589e+06 2.22345e+06 1.01702e+06 112443 1.20643e+06 28412 84031
internal_count=2335891 2223448 1017017 112443 1206431 28412 84031
is_linear=0
shrinkage=0.00720685


Tree=50
num_leaves=8
num_cat=0
split_feature=0 0 1 0 7 19 9
split_gain=69.4904 23.5381 12.8226 11.4624 8.94993 4.00142 3.23946
threshold=-1.5995852947235105 0.1824162304401398 -2.0654191970825191 -3.7064251899719234 0.36883166432380682 -0.6538686454296111 -1.3254042863845823
decision_type=2 2 2 2 2 10 8
left_child=3 2 -2 5 -3 -1 -5
right_child=1 4 -4 6 -6 -7 -8
leaf_value=-0.00014659906603571601 0.00053189019516937071 3.6875424736632884e-05 -2.0228093315816324e-05 -0.00018517368629174174 -1.6361194129305833e-05 -0.00031317570527136037 -9.1782785509225587e-05
leaf_weight=10294 2189 1084769 921845 27266 193233 27528 65974
leaf_count=10294 2189 1084769 921845 27266 193233 27528 65974
internal_value=-8.04831e-07 8.79068e-06 -1.89196e-05 -0.000162023 2.88261e-05 -0.000267844 -0.000119095
internal_weight=2.3331e+06 2.20204e+06 924034 131062 1.278e+06 37822 93240
internal_count=2333098 2202036 924034 131062 1278002 37822 93240
is_linear=0
shrinkage=0.00720685


Tree=51
num_leaves=8
num_cat=0
split_feature=0 7 0 0 9 23 1
split_gain=67.4925 23.988 15.7305 10.5141 3.96931 3.74777 2.36959
threshold=-1.5995852947235105 0.59704655408859264 0.41110566258430487 -4.2234973907470694 -1.3254042863845823 0.059658173471689231 0.91717430949211132
decision_type=2 2 2 2 8 8 2
left_child=3 2 -2 5 -5 -1 -3
right_child=1 6 -4 4 -6 -7 -8
leaf_value=-0.00036167028403357072 1.8248586245983745e-06 -4.5416979139596998e-05 4.3966097922500382e-05 -0.00019396145623120243 -9.6017817641719114e-05 -0.00019551780287793385 -9.9999707173395827e-05
leaf_weight=14733 1207450 202058 743268 30605 72184 13533 51928
leaf_count=14733 1207450 202058 743268 30605 72184 13533 51928
internal_value=-1.41355e-07 9.30385e-06 1.78817e-05 -0.000159035 -0.000125182 -0.000282131 -5.6577e-05
internal_weight=2.33576e+06 2.2047e+06 1.95072e+06 131055 102789 28266 253986
internal_count=2335759 2204704 1950718 131055 102789 28266 253986
is_linear=0
shrinkage=0.00720685


Tree=52
num_leaves=8
num_cat=0
split_feature=0 7 19 0 23 2 23
split_gain=66.803 21.8032 15.4913 14.4585 4.71 3.9503 2.78745
threshold=-1.3400628566741941 0.53666293621063244 -0.34254848957061762 -3.7064251899719234 0.059658173471689231 -1.5942883491516111 -0.090936828404664979
decision_type=2 2 8 2 8 2 10
left_child=3 2 -2 4 -1 -5 -3
right_child=1 6 -4 5 -6 -7 -8
leaf_value=-0.00034148599787818811 4.6586078434671102e-05 -7.0158292154854374e-05 4.0768133535049317e-06 -0.00016903105406930019 -0.00018098394575739597 -7.7387510320048964e-05 -2.471366316737809e-05
leaf_weight=19739 714693 143563 1181069 33991 18310 86864 137007
leaf_count=19739 714693 143563 1181069 33991 18310 86864 137007
internal_value=9.11528e-07 1.13271e-05 2.01026e-05 -0.000141738 -0.000264256 -0.000103164 -4.79672e-05
internal_weight=2.33524e+06 2.17633e+06 1.89576e+06 158904 38049 120855 280570
internal_count=2335236 2176332 1895762 158904 38049 120855 280570
is_linear=0
shrinkage=0.00720685


Tree=53
num_leaves=8
num_cat=0
split_feature=0 0 1 0 19 19 9
split_gain=66.9202 21.6192 12.1885 11.1307 7.47372 3.77295 2.69308
threshold=-1.5995852947235105 0.21771742403507235 -1.9734736084938047 -3.7064251899719234 -0.26777680218219752 0.032370936125516898 -1.3254042863845823
decision_type=2 2 2 2 8 10 8
left_child=3 2 -2 5 -3 -1 -5
right_child=1 4 -4 6 -6 -7 -8
leaf_value=-0.00021378181780892018 0.00046287714907530266 4.8773040949594954e-05 -1.6454585398753542e-05 -0.00017600512227868169 1.2876808898723868e-05 -0.00036920274565132167 -9.0713104738418185e-05
leaf_weight=26134 2762 582884 994781 27134 623497 11770 66010
leaf_count=26134 2762 582884 994781 27134 623497 11770 66010
internal_value=2.87305e-07 9.6954e-06 -1.51269e-05 -0.000157934 3.02207e-05 -0.000262052 -0.000115562
internal_weight=2.33497e+06 2.20392e+06 997543 131048 1.20638e+06 37904 93144
internal_count=2334972 2203924 997543 131048 1206381 37904 93144
is_linear=0
shrinkage=0.00720685


Tree=54
num_leaves=8
num_cat=0
split_feature=0 7 0 19 2 2 6
split_gain=65.4596 19.2042 17.7694 15.1359 6.53191 4.04226 2.57883
threshold=-0.84438976645469654 0.53666293621063244 -2.9439722299575801 -0.34254848957061762 -1.6563512682914732 -1.1487476825714109 0.62612462043762218
decision_type=2 2 2 8 2 2 8
left_child=2 3 4 -2 -1 -4 -3
right_child=1 6 5 -5 -6 -7 -8
leaf_value=-0.00030560692259476598 4.8577908717120844e-05 -2.6275570159459598e-05 -0.00012613948004505895 5.8528443571795591e-06 -0.00015104416811473272 -5.3953743844357505e-05 -7.2846692046596258e-05
leaf_weight=26406 693345 163991 59288 1136698 30734 125761 99064
leaf_count=26406 693345 163991 59288 1136698 30734 125761 99064
internal_value=7.84516e-07 1.37636e-05 -0.000111386 2.204e-05 -0.000222476 -7.70821e-05 -4.38141e-05
internal_weight=2.33529e+06 2.0931e+06 242189 1.83004e+06 57140 185049 263055
internal_count=2335287 2093098 242189 1830043 57140 185049 263055
is_linear=0
shrinkage=0.00720685


Tree=55
num_leaves=8
num_cat=0
split_feature=0 0 0 8 11 2 17
split_gain=66.5775 20.5606 10.3028 7.58244 6.18275 5.56665 3.2328
threshold=-1.5995852947235105 0.20067883282899859 -3.7064251899719234 1.1559585332870486 inf -2.633328795433044 0.20532864332199099
decision_type=2 2 2 10 8 2 2
left_child=2 4 5 -3 -2 -1 -4
right_child=1 3 6 -5 -6 -7 -8
leaf_value=-0.00038829530585136982 -1.5836436995446999e-05 2.2244182944286696e-05 -0.00013859983193922947 7.3898526211370013e-05 0.00038966128395857727 -0.00019911363847617574 -3.5226181502002384e-05
leaf_weight=11664 960612 1070418 73135 171208 1956 26296 20014
leaf_count=11664 960612 1070418 73135 171208 1956 26296 20014
internal_value=6.01747e-07 9.98667e-06 -0.000157176 2.93669e-05 -1.5012e-05 -0.000257253 -0.00011639
internal_weight=2.3353e+06 2.20419e+06 131109 1.24163e+06 962568 37960 93149
internal_count=2335303 2204194 131109 1241626 962568 37960 93149
is_linear=0
shrinkage=0.00720685


Tree=56
num_leaves=8
num_cat=0
split_feature=0 0 7 2 7 0 15
split_gain=64.3229 23.9832 9.36802 8.77998 8.29778 3.95253 1.80743
threshold=-2.0944663286209102 0.16843824088573459 0.64939823746681224 -1.6563512682914732 0.36883166432380682 -4.2234973907470694 -0.50564920902252186
decision_type=2 2 2 2 2 2 2
left_child=3 2 -2 5 -3 -1 -5
right_child=1 4 -4 6 -6 -7 -8
leaf_value=-0.00035849344501221885 -1.0754969216515468e-05 3.5185454122294445e-05 -7.4821340223475797e-05 -0.0001703213220418957 -1.5366188571286981e-05 -0.00020809121280645376 -8.8858058603589058e-05
leaf_weight=15516 794415 1109262 139335 27375 198885 21881 29284
leaf_count=15516 794415 1109262 139335 27375 198885 21881 29284
internal_value=-1.61228e-07 7.58487e-06 -2.03151e-05 -0.000184794 2.74998e-05 -0.000270501 -0.00012822
internal_weight=2.33595e+06 2.2419e+06 933750 94056 1.30815e+06 37397 56659
internal_count=2335953 2241897 933750 94056 1308147 37397 56659
is_linear=0
shrinkage=0.00720685


Tree=57
num_leaves=8
num_cat=0
split_feature=1 2 2 8 21 1 17
split_gain=56.1466 15.6276 14.9669 9.83324 8.60718 3.68826 2.82913
threshold=1.3311694264411928 -1.5942883491516111 -0.37361341714859003 1.3179783225059511 inf 1.9977926611900332 0.024587977677583698
decision_type=2 2 2 10 8 2 2
left_child=2 5 4 -4 -1 -2 -3
right_child=1 6 3 -5 -6 -7 -8
leaf_value=-2.5105234122935002e-05 -0.00015159944772239641 -9.1624232732092078e-05 1.6061452070862801e-05 7.5877844328081293e-05 0.00049628805219275923 -0.00026186541974167915 -2.5858604856082489e-05
leaf_weight=493626 32391 108870 1462185 158182 1649 30691 49388
leaf_count=493626 32391 108870 1462185 158182 1649 30691 49388
internal_value=-1.22591e-07 -0.000109334 1.13033e-05 2.19009e-05 -2.33683e-05 -0.00020525 -7.1101e-05
internal_weight=2.33698e+06 221340 2.11564e+06 1.62037e+06 495275 63082 158258
internal_count=2336982 221340 2115642 1620367 495275 63082 158258
is_linear=0
shrinkage=0.00720685


Tree=58
num_leaves=8
num_cat=0
split_feature=0 7 0 19 2 6 2
split_gain=62.6403 20.0894 15.0665 14.5697 5.90537 3.1972 3.19631
threshold=-1.2010077834129331 0.53666293621063244 -3.2891662120819087 -0.34254848957061762 -1.6563512682914732 0.64750885963439953 -1.1487476825714109
decision_type=2 2 2 8 2 8 2
left_child=2 3 4 -2 -1 -3 -4
right_child=1 5 6 -5 -6 -7 -8
leaf_value=-0.0003235900373997201 4.514277180759211e-05 -2.7487397538126847e-05 -0.00013688124263520784 3.7641869045319721e-06 -0.00016214060878616351 -7.813260690820066e-05 -6.2820964616583629e-05
leaf_weight=22827 709904 173664 47801 1170999 24295 103226 82526
leaf_count=22827 709904 173664 47801 1170999 24295 103226 82526
internal_value=2.40642e-07 1.09445e-05 -0.000129918 1.93816e-05 -0.000240356 -4.63685e-05 -8.99856e-05
internal_weight=2.33524e+06 2.15779e+06 177449 1.8809e+06 47122 276890 130327
internal_count=2335242 2157793 177449 1880903 47122 276890 130327
is_linear=0
shrinkage=0.00720685


Tree=59
num_leaves=8
num_cat=0
split_feature=0 0 0 1 7 17 19
split_gain=62.3228 18.4521 13.8162 10.1386 7.13454 3.41095 3.36111
threshold=-1.2010077834129331 0.22197811305522921 -4.2234973907470694 -1.9734736084938047 0.36883166432380682 0.20532864332199099 -0.66129574179649342
decision_type=2 2 2 2 2 2 10
left_child=2 3 6 -2 -3 -4 -1
right_child=1 4 5 -5 -6 -7 -8
leaf_value=-0.00014768574663663492 0.00042502247460488859 3.6502679651396127e-05 -0.00012088969154834542 -1.4478311964167135e-05 -1.3111445865580108e-05 -3.7960981421036842e-05 -0.0003244581179534831
leaf_weight=7677 2733 1020957 116236 956981 176572 33098 20546
leaf_count=7677 2733 1020957 116236 956981 176572 33098 20546
internal_value=-3.63997e-07 1.03183e-05 -0.000130149 -1.32263e-05 2.91872e-05 -0.00010251 -0.000276381
internal_weight=2.3348e+06 2.15724e+06 177557 959714 1.19753e+06 149334 28223
internal_count=2334800 2157243 177557 959714 1197529 149334 28223
is_linear=0
shrinkage=0.00720685


Tree=60
num_leaves=8
num_cat=0
split_feature=2 15 19 2 2 21 23
split_gain=42.5954 17.0829 10.654 10.2075 8.13101 5.49544 3.81416
threshold=-0.71536901593208302 -0.12542025744915006 -0.30330580472946161 -1.9711399078369138 0.10636266693472864 inf -0.069029185920953737
decision_type=2 2 8 2 2 8 10
left_child=3 2 -2 5 -3 -1 -5
right_child=1 4 -4 6 -6 -7 -8
leaf_value=-0.00014065806243198793 2.1571035278790157e-05 1.0061362772145861e-05 -2.7740425367997019e-05 -7.1424269783093095e-05 5.2025964459486373e-05 0.00037136367730520529 -2.025275287009845e-05
leaf_weight=90992 379846 406413 567630 164906 585007 1101 139787
leaf_count=90992 379846 406413 567630 164906 585007 1101 139787
internal_value=-1.15784e-08 1.3911e-05 -7.97128e-06 -6.80444e-05 3.48235e-05 -0.000134533 -4.7948e-05
internal_weight=2.33568e+06 1.9389e+06 947476 396786 991420 92093 304693
internal_count=2335682 1938896 947476 396786 991420 92093 304693
is_linear=0
shrinkage=0.00720685


Tree=61
num_leaves=8
num_cat=0
split_feature=0 0 21 0 9 9 23
split_gain=61.3357 21.3213 9.8554 7.06658 6.96205 3.36323 2.88934
threshold=-1.9480488300323484 0.037695033475756652 inf -4.2234973907470694 1.6683741211891177 -1.904522120952606 0.016632715240120891
decision_type=2 2 8 2 8 8 8
left_child=3 2 -2 6 -3 -5 -1
right_child=1 4 -4 5 -6 -7 -8
leaf_value=-0.00034149646723993939 -2.7599509060344515e-05 2.4883075398707614e-05 0.00039464940608593258 -0.00022912433494967367 -6.863958944142219e-05 -0.00011069586915319729 -0.000195973876497728
leaf_weight=14284 690738 1493761 2882 15786 42518 59045 14077
leaf_count=14284 690738 1493761 2882 15786 42518 59045 14077
internal_value=-6.28331e-07 7.32077e-06 -2.58445e-05 -0.000172401 2.22947e-05 -0.000135682 -0.000269276
internal_weight=2.33309e+06 2.2299e+06 693620 103192 1.53628e+06 74831 28361
internal_count=2333091 2229899 693620 103192 1536279 74831 28361
is_linear=0
shrinkage=0.00720685


Tree=62
num_leaves=8
num_cat=0
split_feature=2 15 2 19 23 21 2
split_gain=40.0071 16.6201 12.0059 11.5949 6.05679 4.77055 2.87423
threshold=-1.1487476825714109 -0.16940303891897199 -0.12847279012203214 -0.31640137732028956 -0.080034259706735597 inf -2.1866502761840816
decision_type=2 2 2 8 10 8 2
left_child=4 3 -3 -2 6 -6 -1
right_child=1 2 -4 -5 5 -7 -8
leaf_value=-0.00017392520957139768 1.9425254013150555e-05 -7.6121224793174648e-06 4.4394746870035682e-05 -3.107830566340476e-05 -5.4109404462898198e-05 0.0005045435313078291 -0.00010005525371097998
leaf_weight=40408 385764 326740 783113 608611 105359 799 84738
leaf_count=40408 385764 326740 783113 608611 105359 799 84738
internal_value=2.30193e-08 9.91236e-06 2.90839e-05 -1.14856e-05 -8.99423e-05 -4.99e-05 -0.000123908
internal_weight=2.33553e+06 2.10423e+06 1.10985e+06 994375 231304 106158 125146
internal_count=2335532 2104228 1109853 994375 231304 106158 125146
is_linear=0
shrinkage=0.00720685


Tree=63
num_leaves=8
num_cat=0
split_feature=1 2 15 2 21 1 1
split_gain=52.4732 14.7882 15.4197 13.1311 8.73275 3.23715 3.05657
threshold=1.3311694264411928 -0.37361341714859003 -0.1472821161150932 -1.7253390550613401 inf 2.2277821302413945 2.0643950700759892
decision_type=2 2 2 2 8 2 2
left_child=1 4 -3 5 -1 -2 -5
right_child=3 2 -4 6 -6 -7 -8
leaf_value=-2.585957371336991e-05 -0.00015996281176557621 -3.1528103303162987e-06 4.145828794121862e-05 -5.5878868185556835e-05 0.00049278823838428863 -0.00027312435951708355 -0.00012905542700317158
leaf_weight=492314 37449 744541 875768 125110 1691 20226 38856
leaf_count=492314 37449 744541 875768 125110 1691 20226 38856
internal_value=-6.2403e-07 1.04351e-05 2.09592e-05 -0.000106121 -2.40832e-05 -0.000199652 -7.32208e-05
internal_weight=2.33596e+06 2.11431e+06 1.62031e+06 221641 494005 57675 163966
internal_count=2335955 2114314 1620309 221641 494005 57675 163966
is_linear=0
shrinkage=0.00720685


Tree=64
num_leaves=8
num_cat=0
split_feature=0 0 0 1 9 2 2
split_gain=57.4089 19.2712 9.7948 9.12147 5.86806 4.36079 2.97165
threshold=-1.5995852947235105 0.35417355597019201 -3.7064251899719234 -2.0654191970825191 1.4254893660545351 -1.6563512682914732 -0.61623048782348622
decision_type=2 2 2 2 8 2 2
left_child=2 3 5 -2 -3 -1 -4
right_child=1 4 6 -5 -6 -7 -8
leaf_value=-0.00031928370515835799 0.00044476795626909401 3.83035004307115e-05 -0.00014275107801680023 -9.988578854774804e-06 -4.3898535513336615e-05 -0.00016484933833213326 -6.0859330360656713e-05
leaf_weight=19432 2294 870245 52080 1285056 47569 18583 41245
leaf_count=19432 2294 870245 52080 1285056 47569 18583 41245
internal_value=9.28423e-08 8.81114e-06 -0.000146284 -9.17788e-06 3.4043e-05 -0.000243798 -0.00010656
internal_weight=2.3365e+06 2.20516e+06 131340 1.28735e+06 917814 38015 93325
internal_count=2336504 2205164 131340 1287350 917814 38015 93325
is_linear=0
shrinkage=0.00720685


Tree=65
num_leaves=8
num_cat=0
split_feature=0 0 0 21 19 19 9
split_gain=56.394 15.628 14.1462 8.58573 7.12482 3.80247 3.62845
threshold=-1.0285626649856565 0.33681154251098638 -3.2891662120819087 inf -0.48139438033103937 -0.080319691449403749 -1.0293838381767271
decision_type=2 2 2 8 8 10 8
left_child=2 3 5 -2 -3 -1 -4
right_child=1 4 6 -5 -6 -7 -8
leaf_value=-0.00017506622610655149 -7.734671071362971e-06 6.2363834347711647e-05 -0.00013245255509590663 0.00037588918978457799 1.9520361639827574e-05 -0.00030969130482915461 -5.8092743675636973e-05
leaf_weight=30400 1173091 289294 49656 3037 665093 16992 108689
leaf_count=30400 1173091 289294 49656 3037 665093 16992 108689
internal_value=-1.6402e-07 1.08391e-05 -0.000114107 -6.74375e-06 3.25072e-05 -0.000223341 -8.14123e-05
internal_weight=2.33625e+06 2.13052e+06 205737 1.17613e+06 954387 47392 158345
internal_count=2336252 2130515 205737 1176128 954387 47392 158345
is_linear=0
shrinkage=0.00720685


Tree=66
num_leaves=8
num_cat=0
split_feature=1 7 2 15 1 9 23
split_gain=50.0253 17.2854 14.1717 11.5875 3.62753 3.33412 2.28803
threshold=1.3311694264411928 0.53666293621063244 -1.9711399078369138 -0.13990367203950879 2.2277821302413945 -1.0596921443939207 -0.090936828404664979
decision_type=2 2 2 2 2 8 10
left_child=1 3 4 -1 -2 -4 -3
right_child=2 6 5 -5 -6 -7 -8
leaf_value=-3.8272515532541627e-08 -0.00016416467931085245 -6.3650520870291643e-05 -0.00012502142367761592 3.6117342543591331e-05 -0.00029401767063105577 -5.3225605434687857e-05 -2.1266255162921068e-05
leaf_weight=865110 30327 136114 45592 984125 17699 127685 128708
leaf_count=865110 30327 136114 45592 984125 17699 127685 128708
internal_value=6.12603e-07 1.14046e-05 -0.00010248 1.9203e-05 -0.000212025 -7.2117e-05 -4.30513e-05
internal_weight=2.33536e+06 2.11406e+06 221303 1.84924e+06 48026 173277 264822
internal_count=2335360 2114057 221303 1849235 48026 173277 264822
is_linear=0
shrinkage=0.00720685


Tree=67
num_leaves=8
num_cat=0
split_feature=0 0 0 19 15 2 23
split_gain=57.1122 15.9147 14.6989 7.23424 5.49515 5.31982 4.44153
threshold=-0.84438976645469654 -2.9439722299575801 0.41110566258430487 -0.48139438033103937 -0.13990367203950879 -1.6563512682914732 -0.72901520133018483
decision_type=2 2 2 8 2 2 8
left_child=1 5 4 -4 -2 -1 -3
right_child=2 6 3 -5 -6 -7 -8
leaf_value=-0.00028510704987907417 -1.7161103657712158e-05 -0.00015652959315228053 6.8862818040381005e-05 2.1861624502791053e-05 1.2606071915920626e-05 -0.00014546988243778166 -5.7672908354164665e-05
leaf_weight=26387 677866 27753 245603 553166 613730 30618 157959
leaf_count=26387 677866 27753 245603 553166 613730 30618 157959
internal_value=-1.38003e-07 -0.00010478 1.20122e-05 3.63135e-05 -3.01656e-06 -0.000210111 -7.2447e-05
internal_weight=2.33308e+06 242717 2.09036e+06 798769 1.2916e+06 57005 185712
internal_count=2333082 242717 2090365 798769 1291596 57005 185712
is_linear=0
shrinkage=0.00720685


Tree=68
num_leaves=8
num_cat=0
split_feature=0 0 21 8 2 0 19
split_gain=55.4015 21.8493 9.13285 8.64879 7.87235 3.08635 2.67172
threshold=-2.0944663286209102 0.16843824088573459 inf 1.1183270215988161 -1.6563512682914732 -4.2234973907470694 -0.13072378188371656
decision_type=2 2 8 10 2 2 10
left_child=4 2 -2 -3 5 -1 -6
right_child=1 3 -4 -5 6 -7 -8
leaf_value=-0.00032957555888558194 -1.9957534587294203e-05 1.9515231180002762e-05 0.00038012272064798426 7.3129335791568214e-05 -7.7106127501034446e-05 -0.00019652967365634233 -0.0001782007917799551
leaf_weight=15546 931009 1125065 2972 181483 34232 21713 22507
leaf_count=15546 931009 1125065 2972 181483 34232 21713 22507
internal_value=7.43292e-07 7.93436e-06 -1.8684e-05 2.69624e-05 -0.000170661 -0.00025205 -0.000117211
internal_weight=2.33453e+06 2.24053e+06 933981 1.30655e+06 93998 37259 56739
internal_count=2334527 2240529 933981 1306548 93998 37259 56739
is_linear=0
shrinkage=0.00720685


end of trees

feature_importances:
LOW_TURNOVER=125
LN_TURNOVER=66
INTRADAY_REV10=66
MACD_LINE=46
CURRENT_RATIO=41
REV60=31
VSTD5=22
Q_SALES_YOY=22
BP=16
EP=13
AMIHUD_20=9
CORD60=7
CORR60=6
MAX_DD60=4
ROE_YOY=4
CORD5=2
RET_AMT_CORR20=1
VOL_CV20=1
VOL_OF_VOL_20=1

parameters:
[boosting: gbdt]
[objective: regression]
[metric: l2]
[tree_learner: serial]
[device_type: cpu]
[data_sample_strategy: bagging]
[data: ]
[valid: ]
[num_iterations: 1000]
[learning_rate: 0.00720685]
[num_leaves: 43]
[num_threads: 8]
[seed: 42]
[deterministic: 0]
[force_col_wise: 0]
[force_row_wise: 0]
[histogram_pool_size: -1]
[max_depth: 3]
[min_data_in_leaf: 76]
[min_sum_hessian_in_leaf: 0.001]
[bagging_fraction: 0.712041]
[pos_bagging_fraction: 1]
[neg_bagging_fraction: 1]
[bagging_freq: 1]
[bagging_seed: 400]
[bagging_by_query: 0]
[feature_fraction: 0.587027]
[feature_fraction_bynode: 1]
[feature_fraction_seed: 30056]
[extra_trees: 0]
[extra_seed: 12879]
[early_stopping_round: 0]
[early_stopping_min_delta: 0]
[first_metric_only: 0]
[max_delta_step: 0]
[lambda_l1: 0.0035701]
[lambda_l2: 0.944352]
[linear_lambda: 0]
[min_gain_to_split: 0]
[drop_rate: 0.1]
[max_drop: 50]
[skip_drop: 0.5]
[xgboost_dart_mode: 0]
[uniform_drop: 0]
[drop_seed: 17869]
[top_rate: 0.2]
[other_rate: 0.1]
[min_data_per_group: 100]
[max_cat_threshold: 32]
[cat_l2: 10]
[cat_smooth: 10]
[max_cat_to_onehot: 4]
[top_k: 20]
[monotone_constraints: ]
[monotone_constraints_method: basic]
[monotone_penalty: 0]
[feature_contri: ]
[forcedsplits_filename: ]
[refit_decay_rate: 0.9]
[cegb_tradeoff: 1]
[cegb_penalty_split: 0]
[cegb_penalty_feature_lazy: ]
[cegb_penalty_feature_coupled: ]
[path_smooth: 0]
[interaction_constraints: ]
[verbosity: -1]
[saved_feature_importance_type: 0]
[use_quantized_grad: 0]
[num_grad_quant_bins: 4]
[quant_train_renew_leaf: 0]
[stochastic_rounding: 1]
[linear_tree: 0]
[max_bin: 255]
[max_bin_by_feature: ]
[min_data_in_bin: 3]
[bin_construct_sample_cnt: 200000]
[data_random_seed: 175]
[is_enable_sparse: 1]
[enable_bundle: 1]
[use_missing: 1]
[zero_as_missing: 0]
[feature_pre_filter: 1]
[pre_partition: 0]
[two_round: 0]
[header: 0]
[label_column: ]
[weight_column: ]
[group_column: ]
[ignore_column: ]
[categorical_feature: ]
[forcedbins_filename: ]
[precise_float_parser: 0]
[parser_config_file: ]
[objective_seed: 16083]
[num_class: 1]
[is_unbalance: 0]
[scale_pos_weight: 1]
[sigmoid: 1]
[boost_from_average: 1]
[reg_sqrt: 0]
[alpha: 0.9]
[fair_c: 1]
[poisson_max_delta_step: 0.7]
[tweedie_variance_power: 1.5]
[lambdarank_truncation_level: 30]
[lambdarank_norm: 1]
[label_gain: ]
[lambdarank_position_bias_regularization: 0]
[eval_at: ]
[multi_error_top_k: 1]
[auc_mu_weights: ]
[num_machines: 1]
[local_listen_port: 12400]
[time_out: 120]
[machine_list_filename: ]
[machines: ]
[gpu_platform_id: -1]
[gpu_device_id: -1]
[gpu_use_dp: 0]
[num_gpu: 1]

end of parameters

pandas_categorical:[]
