tree
version=v4
num_class=1
num_tree_per_iteration=1
label_index=0
max_feature_idx=25
objective=regression
feature_names=LOW_TURNOVER LN_TURNOVER INTRADAY_REV10 CORD20 RET_AMT_CORR20 VOL_CV20 CORD60 MACD_LINE AMIHUD_20 REV60 RET_VOL_CORR5 CORD5 CORR60 VOL_OF_VOL_20 VOL_PRICE_DIVERGENCE BP UP_DOWN_RATIO20 EP MAX_DD60 CURRENT_RATIO NEG_SKEW_20 VSTD5 CNTD5 Q_SALES_YOY CNTD60 ROE_YOY
feature_infos=[-6.8819670677185059:3.3182554244995117] [-4.0124340057373047:4.1020030975341797] [-5.5526018142700195:4.3106927871704102] [-3.6638343334197998:3.4007141590118408] [-3.3311593532562256:3.7242341041564941] [-6.384894847869873:2.7720110416412354] [-3.819185733795166:3.9142484664916992] [-7.7455668449401855:7.6430869102478027] [-2.9375145435333252:6.8365530967712402] [-5.8002300262451172:4.2800202369689941] [-2.970905065536499:3.6576869487762451] [-3.9034478664398193:2.9906244277954102] [-4.3813819885253906:3.5101778507232666] [-5.8899216651916504:2.5344204902648926] [-3.2492830753326416:3.6732456684112549] [-4.6915864944458008:7.231529712677002] [-3.281367301940918:7.1879944801330566] [-5.4438385963439941:7.1782450675964355] [-3.2287721633911133:6.4873113632202148] [-2.4401321411132812:6.9838123321533203] [-4.1923856735229492:3.7298221588134766] [-4.6708369255065918:6.7226309776306152] [-3.7219376564025879:3.647092342376709] [-4.5610504150390625:6.9007015228271484] [-3.6445109844207764:3.713545560836792] [-7.7224917411804199:7.0872635841369629]
tree_sizes=941 980 974 952 971 969 964 966 954 949 949 961 980 983 974 970 964 970 968 975 949 965 977 977 952 946 959 970 951 970 973 976 975 965 977 966 980 969 967 955 961 965 980 969 961 960 961 969 971 976 977 975 950 962 977 974 970 948 974 975 966 977 966 953 969 969 971 975 957 959 974 981 965 980 964 970 980 973 973 973 981 964 973 967 963 983 966

Tree=0
num_leaves=8
num_cat=0
split_feature=1 7 2 19 1 1 2
split_gain=113.303 32.6878 26.6528 19.7763 8.60885 5.44237 3.15382
threshold=1.3395610451698305 0.50735488533973705 -1.3902777433395384 -0.25939051806926722 2.0600776672363286 2.0600776672363286 -0.073985140770673738
decision_type=2 2 2 8 2 2 2
left_child=1 3 4 -1 -2 -4 -3
right_child=2 6 5 -5 -6 -7 -8
leaf_value=0.0062050877036782925 0.0059499568189334117 0.0060770753357866558 0.0060753058924350985 0.0061573849152721707 0.0057905222837022945 0.0059710319312174295 0.0061269943024032467
leaf_weight=825589 40849 177235 111608 995882 30902 33893 104494
leaf_count=825589 40849 177235 111608 995882 30902 33893 104494
internal_value=0.00615165 0.00616783 0.00599496 0.00617901 0.00588129 0.00605102 0.00609559
internal_weight=2.32045e+06 2.1032e+06 217252 1.82147e+06 71751 145501 281729
internal_count=2320452 2103200 217252 1821471 71751 145501 281729
is_linear=0
shrinkage=1


Tree=1
num_leaves=8
num_cat=0
split_feature=7 15 19 18 16 6 18
split_gain=61.5626 29.0297 14.8605 12.0198 8.08615 7.89927 4.3524
threshold=0.42042088508605963 -0.16890249401330945 -0.24084485322237012 1.3520609736442568 0.58961778879165661 0.63797497749328624 3.2976232767105107
decision_type=2 2 8 10 2 8 10
left_child=1 2 -1 5 -3 -2 -5
right_child=3 4 -4 6 -6 -7 -8
leaf_value=1.9857999189663958e-05 -3.5967899193924658e-05 5.3817927162523761e-05 -3.9242753333321893e-05 -0.00015212393875968427 2.1063001374910826e-06 -0.00010594327602866929 -0.00036690308460627226
leaf_weight=402140 218388 812754 490496 58795 194677 135951 5346
leaf_count=402140 218388 812754 490496 58795 194677 135951 5346
internal_value=-1.19123e-07 1.73089e-05 -1.26173e-05 -7.92494e-05 4.38252e-05 -6.2816e-05 -0.000170031
internal_weight=2.31855e+06 1.90007e+06 892636 418480 1.00743e+06 354339 64141
internal_count=2318547 1900067 892636 418480 1007431 354339 64141
is_linear=0
shrinkage=0.00720685


Tree=2
num_leaves=8
num_cat=0
split_feature=1 7 1 1 9 9 7
split_gain=112.67 30.5257 21.2241 16.9103 7.21581 5.99747 3.49738
threshold=1.3395610451698305 0.42042088508605963 2.0600776672363286 0.086476843804121031 -1.3546078801155088 -1.568767726421356 1.0945084095001223
decision_type=2 2 2 2 8 8 2
left_child=1 3 4 -1 -2 -4 -3
right_child=2 6 5 -5 -6 -7 -8
leaf_value=4.4263361751025117e-05 -0.00020212055327402734 -3.1021739959769632e-05 -0.00036482478216411064 -2.5848274750089231e-06 -8.3495811191357995e-05 -0.00021739990443307548 -8.0717427519572769e-05
leaf_weight=1139942 34432 238122 21417 616660 117601 43356 106428
leaf_count=1139942 34432 238122 21417 616660 117601 43356 106428
internal_value=-4.88581e-07 1.56514e-05 -0.000156907 2.78172e-05 -0.000110363 -0.000266151 -4.63725e-05
internal_weight=2.31796e+06 2.10115e+06 216806 1.7566e+06 152033 64773 344550
internal_count=2317958 2101152 216806 1756602 152033 64773 344550
is_linear=0
shrinkage=0.00720685


Tree=3
num_leaves=8
num_cat=0
split_feature=1 7 1 15 7 7 21
split_gain=113.962 30.6578 19.7875 18.0732 5.15598 4.45858 2.77314
threshold=1.3395610451698305 0.53416383266448986 2.0600776672363286 -0.140235461294651 0.57919356226921093 0.34319250285625463 inf
decision_type=2 2 2 2 2 2 8
left_child=1 3 4 -1 -2 -4 -3
right_child=2 6 5 -5 -6 -7 -8
leaf_value=2.3147311312741596e-06 -8.9584473215533207e-05 -5.7787104863653406e-05 -0.00020680233969209717 4.7613926896651798e-05 -0.00018886388697418014 -0.00032667563490337468 0.00037066758579767201
leaf_weight=861129 116633 264394 34276 975841 35423 30434 786
leaf_count=861129 116633 264394 34276 975841 35423 30434 786
internal_value=-3.01779e-07 1.59218e-05 -0.000157634 2.63787e-05 -0.000112714 -0.000263185 -5.65157e-05
internal_weight=2.31892e+06 2.10215e+06 216766 1.83697e+06 152056 64710 265180
internal_count=2318916 2102150 216766 1836970 152056 64710 265180
is_linear=0
shrinkage=0.00720685


Tree=4
num_leaves=8
num_cat=0
split_feature=1 7 1 15 7 7 6
split_gain=110.901 29.7055 20.8808 17.2806 5.15298 3.91053 2.99065
threshold=1.2870455384254458 0.50735488533973705 2.0600776672363286 -0.13298320025205609 0.49481728672981268 0.3841512948274613 0.65858763456344616
decision_type=2 2 2 2 2 2 8
left_child=1 3 4 -1 -2 -4 -3
right_child=2 6 5 -5 -6 -7 -8
leaf_value=3.5933851405365518e-06 -8.2824946088510192e-05 -3.5439557479386971e-05 -0.00020874378730805334 4.8246730010019921e-05 -0.00017284217182086806 -0.00032136577783507846 -8.4987682904784674e-05
leaf_weight=850955 124672 179179 36138 955644 44936 28773 97812
leaf_count=850955 124672 179179 36138 955644 44936 28773 97812
internal_value=-1.64895e-07 1.65587e-05 -0.000148746 2.72139e-05 -0.000106675 -0.00025867 -5.29365e-05
internal_weight=2.31811e+06 2.08359e+06 234519 1.8066e+06 169608 64911 276991
internal_count=2318109 2083590 234519 1806599 169608 64911 276991
is_linear=0
shrinkage=0.00720685


Tree=5
num_leaves=8
num_cat=0
split_feature=1 1 2 19 19 1 1
split_gain=107.936 22.6431 22.64 9.27184 8.08154 6.81424 5.2012
threshold=1.3395610451698305 -0.018998454324901101 -1.7319503426551817 -0.26811516284942621 -0.17245732992887494 2.230474710464478 2.0600776672363286
decision_type=2 2 2 8 8 2 2
left_child=1 3 5 -1 -3 -2 -4
right_child=2 4 6 -5 -6 -7 -8
leaf_value=5.828763865347212e-05 -0.00021854739893931391 9.7077293432608943e-06 -8.5512823826559112e-05 1.8398586638819833e-05 -3.398732279043985e-05 -0.00038447253529536724 -0.00018124530909621489
leaf_weight=551469 36881 451947 121387 670814 428085 19740 38932
leaf_count=551469 36881 451947 121387 670814 428085 19740 38932
internal_value=5.33275e-07 1.63267e-05 -0.000152516 3.63958e-05 -1.15474e-05 -0.0002764 -0.000108762
internal_weight=2.31926e+06 2.10232e+06 216940 1.22228e+06 880032 56621 160319
internal_count=2319255 2102315 216940 1222283 880032 56621 160319
is_linear=0
shrinkage=0.00720685


Tree=6
num_leaves=8
num_cat=0
split_feature=0 0 0 1 2 2 2
split_gain=122.995 36.011 21.4243 11.279 10.2222 5.69229 5.28082
threshold=-1.4500125646591184 0.21548464149236682 -3.7826954126358028 -1.9841874241828916 -0.35276156663894648 -1.6629992723464964 -0.95529097318649281
decision_type=2 2 2 2 2 2 2
left_child=2 3 5 -2 -3 -1 -4
right_child=1 4 6 -5 -6 -7 -8
leaf_value=-0.00044332003546940896 0.00044254470445830718 -4.572459476929117e-06 -0.00020797334776442663 -2.0416485847948274e-05 4.982572200874676e-05 -0.00026221949991286897 -0.00010718882143711615
leaf_weight=18566 2740 219513 49328 969016 982281 17536 59674
leaf_count=18566 2740 219513 49328 969016 982281 17536 59674
internal_value=-5.04771e-08 1.35116e-05 -0.0002032 -1.91106e-05 3.98896e-05 -0.000355363 -0.0001528
internal_weight=2.31865e+06 2.17355e+06 145104 971756 1.20179e+06 36102 109002
internal_count=2318654 2173550 145104 971756 1201794 36102 109002
is_linear=0
shrinkage=0.00720685


Tree=7
num_leaves=8
num_cat=0
split_feature=0 0 0 1 7 2 2
split_gain=121.58 35.2278 23.2276 15.4866 14.0594 7.48356 5.2419
threshold=-1.4500125646591184 0.16504680365324023 -3.7826954126358028 -1.9841874241828916 0.36722648143768316 -1.6629992723464964 -1.0062998533248899
decision_type=2 2 2 2 2 2 2
left_child=2 3 5 -2 -3 -1 -4
right_child=1 4 6 -5 -6 -7 -8
leaf_value=-0.00046068887372278824 0.00050880275065450647 4.7363920323358572e-05 -0.00020589802597943173 -2.3699491877869874e-05 -1.8188829588935178e-05 -0.00025283512566880807 -0.00010533472452391731
leaf_weight=18643 2845 1102600 47922 867125 200893 17398 61446
leaf_count=18643 2845 1102600 47922 867125 200893 17398 61446
internal_value=5.99733e-08 1.35576e-05 -0.000201691 -2.19575e-05 3.7261e-05 -0.000360362 -0.0001494
internal_weight=2.31887e+06 2.17346e+06 145409 869970 1.30349e+06 36041 109368
internal_count=2318872 2173463 145409 869970 1303493 36041 109368
is_linear=0
shrinkage=0.00720685


Tree=8
num_leaves=8
num_cat=0
split_feature=0 0 21 0 8 23 17
split_gain=116.367 38.5675 16.6864 15.8438 10.0128 4.57715 4.10618
threshold=-1.8445816636085508 0.16966357827186587 inf -3.7826954126358028 1.0821498632431032 0.060419552028179176 0.083295937627553954
decision_type=2 2 8 2 8 8 2
left_child=3 2 -2 5 -3 -1 -5
right_child=1 4 -4 6 -6 -7 -8
leaf_value=-0.00043085819472654403 -2.6847938725366959e-05 2.7872997483793623e-05 0.0005046830778855806 -0.00020213690939021729 8.5077635719367256e-05 -0.00026858688634615394 -8.1317753404582029e-05
leaf_weight=18880 911788 1109219 3077 53237 185499 17319 20140
leaf_count=18880 911788 1109219 3077 53237 185499 17319 20140
internal_value=-6.09359e-07 1.0759e-05 -2.50597e-05 -0.000229849 3.6069e-05 -0.000353231 -0.000168977
internal_weight=2.31916e+06 2.20958e+06 914865 109576 1.29472e+06 36199 73377
internal_count=2319159 2209583 914865 109576 1294718 36199 73377
is_linear=0
shrinkage=0.00720685


Tree=9
num_leaves=8
num_cat=0
split_feature=1 7 2 19 1 9 21
split_gain=102.355 27.7979 24.4212 18.3709 7.36012 5.85718 3.58691
threshold=1.2870455384254458 0.42042088508605963 -1.596654951572418 -0.25939051806926722 2.230474710464478 -1.3546078801155088 inf
decision_type=2 2 2 8 2 8 8
left_child=1 3 4 -1 -2 -4 -3
right_child=2 6 5 -5 -6 -7 -8
leaf_value=5.3180301677618503e-05 -0.00020828946291679646 -4.5024729147241901e-05 -0.00018466463248225471 6.2048560289178964e-06 -0.00037193096345797608 -7.6882349672675865e-05 0.00039590717413032331
leaf_weight=790919 43668 338535 32352 953882 21214 137435 960
leaf_count=790919 43668 338535 32352 953882 21214 137435 960
internal_value=-1.76424e-07 1.58893e-05 -0.00014287 2.74989e-05 -0.000261799 -9.74207e-05 -4.37767e-05
internal_weight=2.31896e+06 2.0843e+06 234669 1.7448e+06 64882 169787 339495
internal_count=2318965 2084296 234669 1744801 64882 169787 339495
is_linear=0
shrinkage=0.00720685


Tree=10
num_leaves=8
num_cat=0
split_feature=0 0 21 0 7 2 2
split_gain=119.717 35.134 15.7761 15.3277 13.3142 6.5642 4.43097
threshold=-1.7323486804962156 0.16966357827186587 inf -3.7826954126358028 0.36722648143768316 -1.6629992723464964 -0.98076900839805592
decision_type=2 2 8 2 2 2 2
left_child=3 2 -2 5 -3 -1 -5
right_child=1 4 -4 6 -6 -7 -8
leaf_value=-0.00044070168596588424 -2.4048793581565249e-05 4.608825920548372e-05 0.00049337499983635323 -0.00022508369573206023 -1.7989349778755659e-05 -0.00024631146973003951 -0.0001191013053450611
leaf_weight=18682 902737 1094670 3070 38550 199042 17461 43745
leaf_count=18682 902737 1094670 3070 38550 199042 17461 43745
internal_value=1.09577e-07 1.21282e-05 -2.22946e-05 -0.000223087 3.62297e-05 -0.0003468 -0.00016875
internal_weight=2.31796e+06 2.19952e+06 905807 118438 1.29371e+06 36143 82295
internal_count=2317957 2199519 905807 118438 1293712 36143 82295
is_linear=0
shrinkage=0.00720685


Tree=11
num_leaves=8
num_cat=0
split_feature=9 15 21 9 19 23 19
split_gain=56.9968 22.0785 15.6404 12.0495 11.41 5.84463 2.98217
threshold=-0.779772788286209 -0.16203631460666654 inf -1.8810778856277464 -0.31681849062442774 -0.63345226645469654 -0.15445909649133679
decision_type=10 2 8 8 8 8 8
left_child=3 4 -3 5 -2 -1 -5
right_child=1 2 -4 6 -6 -7 -8
leaf_value=-0.00026577802544425764 2.2812903373804792e-05 3.8204934198052536e-05 0.00067189003150522569 -3.24661035157769e-05 -3.0142687200429096e-05 -0.0001212568640395502 -7.8415930436823142e-05
leaf_weight=17679 346276 1035470 2026 148565 542246 81721 144926
leaf_count=17679 346276 1035470 2026 148565 542246 81721 144926
internal_value=7.24686e-07 1.68621e-05 3.9443e-05 -7.83836e-05 -9.50473e-06 -0.000146964 -5.51564e-05
internal_weight=2.31891e+06 1.92602e+06 1.0375e+06 392891 888522 99400 293491
internal_count=2318909 1926018 1037496 392891 888522 99400 293491
is_linear=0
shrinkage=0.00720685


Tree=12
num_leaves=8
num_cat=0
split_feature=0 7 0 0 25 17 6
split_gain=109.88 32.6056 25.3047 20.3898 4.22589 4.13041 3.63491
threshold=-1.2280985713005064 0.50735488533973705 -3.7826954126358028 0.22001568228006366 0.25499938428401953 0.22353178262710574 0.66862493753433239
decision_type=2 2 2 2 8 2 8
left_child=2 3 4 -2 -1 -4 -3
right_child=1 6 5 -5 -6 -7 -8
leaf_value=-0.00040039264354843764 -2.8044137198002425e-06 -3.7490897700371817e-05 -0.00015082282269760882 4.5622566778542412e-05 -0.0002359615149604537 -5.4134413940200558e-05 -9.0309586059163552e-05
leaf_weight=23882 780161 188075 106938 1072162 12308 29220 105711
leaf_count=23882 780161 188075 106938 1072162 12308 29220 105711
internal_value=-2.10581e-08 1.40388e-05 -0.000175097 2.52261e-05 -0.000344479 -0.000130074 -5.64966e-05
internal_weight=2.31846e+06 2.14611e+06 172348 1.85232e+06 36190 136158 293786
internal_count=2318457 2146109 172348 1852323 36190 136158 293786
is_linear=0
shrinkage=0.00720685


Tree=13
num_leaves=8
num_cat=0
split_feature=9 15 12 19 9 13 17
split_gain=55.7909 22.8109 11.8858 11.5168 9.70415 5.16415 4.52011
threshold=-1.0565716028213499 -0.16203631460666654 0.49738268554210668 -0.30368046462535853 -2.0952326059341426 -0.9738275110721587 0.41568064689636236
decision_type=10 2 8 8 8 10 2
left_child=4 3 -3 -2 5 -1 -6
right_child=1 2 -4 -5 6 -7 -8
leaf_value=-0.00023080467128341344 1.8409359318280563e-05 5.3356687443192678e-05 2.7704728898845542e-06 -3.2886663968791084e-05 -8.2171127628511949e-05 -0.00011328959234294751 5.3767328507679735e-06
leaf_weight=31973 380849 714958 364101 563950 175981 49491 37084
leaf_count=31973 380849 714958 364101 563950 175981 49491 37084
internal_value=1.61056e-07 1.36479e-05 3.62877e-05 -1.22092e-05 -9.25133e-05 -0.000159414 -6.69333e-05
internal_weight=2.31839e+06 2.02386e+06 1.07906e+06 944799 294529 81464 213065
internal_count=2318387 2023858 1079059 944799 294529 81464 213065
is_linear=0
shrinkage=0.00720685


Tree=14
num_leaves=8
num_cat=0
split_feature=1 7 2 19 1 1 2
split_gain=99.1937 28.8789 24.0357 16.6136 7.51714 5.44925 2.78715
threshold=1.234394967556 0.50735488533973705 -1.596654951572418 -0.3523451536893844 1.8722546696662905 1.9916444420814516 -0.065923497080802904
decision_type=2 2 2 8 2 2 2
left_child=1 3 4 -1 -2 -4 -3
right_child=2 6 5 -5 -6 -7 -8
leaf_value=5.4527030924332988e-05 -0.00017067550115371078 -7.1142925445953788e-05 -7.1680119427876271e-05 9.1580212149656594e-06 -0.00032293679623240473 -0.00016415772753684734 -2.3439641702098079e-05
leaf_weight=668405 31601 172002 142453 1124466 36068 43111 100955
leaf_count=668405 31601 172002 142453 1124466 36068 43111 100955
internal_value=-9.43959e-07 1.55584e-05 -0.000135566 2.60722e-05 -0.000251835 -9.31658e-05 -5.34998e-05
internal_weight=2.31906e+06 2.06583e+06 253233 1.79287e+06 67669 185564 272957
internal_count=2319061 2065828 253233 1792871 67669 185564 272957
is_linear=0
shrinkage=0.00720685


Tree=15
num_leaves=8
num_cat=0
split_feature=1 7 2 15 1 1 2
split_gain=96.7217 28.4557 24.4402 16.1328 7.39555 5.29026 3.16746
threshold=1.2870455384254458 0.53416383266448986 -1.596654951572418 -0.140235461294651 2.230474710464478 2.0600776672363286 -0.11319870129227637
decision_type=2 2 2 2 2 2 2
left_child=1 3 4 -1 -2 -4 -3
right_child=2 6 5 -5 -6 -7 -8
leaf_value=2.9879634509459361e-06 -0.00020398091997781263 -7.4454578081010255e-05 -7.1922219881875545e-05 4.5959471707414989e-05 -0.00036815320722471045 -0.00016953325820769536 -2.2923014395049271e-05
leaf_weight=851426 43630 160254 132931 971591 21170 36829 101000
leaf_count=851426 43630 160254 132931 971591 21170 36829 101000
internal_value=1.94971e-07 1.58093e-05 -0.000138551 2.589e-05 -0.000257621 -9.30997e-05 -5.45329e-05
internal_weight=2.31883e+06 2.08427e+06 234560 1.82302e+06 64800 169760 261254
internal_count=2318831 2084271 234560 1823017 64800 169760 261254
is_linear=0
shrinkage=0.00720685


Tree=16
num_leaves=8
num_cat=0
split_feature=0 0 0 1 7 2 9
split_gain=114.843 34.473 16.3572 14.6922 13.1316 7.17647 4.22556
threshold=-1.7323486804962156 0.16966357827186587 -3.7826954126358028 -1.9040116071701048 0.36722648143768316 -1.9688947200775144 -1.1909506320953367
decision_type=2 2 2 2 2 2 8
left_child=2 3 5 -2 -3 -1 -4
right_child=1 4 6 -5 -6 -7 -8
leaf_value=-0.00045785467393265702 0.00047402178277407454 4.532854779339874e-05 -0.00023581086176593848 -2.4100342642199393e-05 -1.8373086425612952e-05 -0.00025394277288885145 -0.00012615325767876219
leaf_weight=16360 3085 1096489 27250 902337 198504 19843 55291
leaf_count=16360 3085 1096489 27250 902337 198504 19843 55291
internal_value=-6.91053e-08 1.1712e-05 -0.00021838 -2.24026e-05 3.5564e-05 -0.0003461 -0.000162358
internal_weight=2.31916e+06 2.20042e+06 118744 905422 1.29499e+06 36203 82541
internal_count=2319159 2200415 118744 905422 1294993 36203 82541
is_linear=0
shrinkage=0.00720685


Tree=17
num_leaves=8
num_cat=0
split_feature=0 0 0 1 2 2 2
split_gain=108.736 35.5691 14.3034 12.4466 9.90383 5.77726 3.87491
threshold=-1.8445816636085508 0.15537161380052569 -3.7826954126358028 -1.9040116071701048 -0.29365245997905726 -1.6629992723464964 -1.1229931712150572
decision_type=2 2 2 2 2 2 2
left_child=2 3 5 -2 -3 -1 -4
right_child=1 4 6 -5 -6 -7 -8
leaf_value=-0.00042587567974564051 0.00043873689028762401 -3.2488636081045015e-06 -0.00022256371453509486 -2.5719860697543007e-05 4.5069843463287236e-05 -0.00024399036587249056 -0.00011709195306996279
leaf_weight=18808 3006 279406 32223 884050 1041938 17531 41267
leaf_count=18808 3006 279406 32223 884050 1041938 17531 41267
internal_value=1.47444e-07 1.11546e-05 -0.000221178 -2.41454e-05 3.48526e-05 -0.000338138 -0.000163341
internal_weight=2.31823e+06 2.2084e+06 109829 887056 1.32134e+06 36339 73490
internal_count=2318229 2208400 109829 887056 1321344 36339 73490
is_linear=0
shrinkage=0.00720685


Tree=18
num_leaves=8
num_cat=0
split_feature=0 0 0 1 15 9 9
split_gain=108.321 31.281 20.6742 12.8593 9.5212 5.81772 3.97757
threshold=-1.4500125646591184 0.22001568228006366 -3.7826954126358028 -1.9841874241828916 -0.11095551401376723 -1.3085026144981382 -1.1203119754791258
decision_type=2 2 2 2 2 8 8
left_child=2 3 6 -2 -3 -4 -1
right_child=1 4 5 -5 -6 -7 -8
leaf_value=-0.0004177799625439874 0.00047449419640477829 1.4925390095706494e-05 -0.00022395799316688301 -1.9111179753372787e-05 5.582519428395723e-05 -0.00010777477775942139 -0.00026666975961029267
leaf_weight=17564 2748 542446 31446 978371 649707 77703 18680
leaf_count=17564 2748 542446 31446 978371 649707 77703 18680
internal_value=-3.29694e-07 1.24112e-05 -0.000190774 -1.77282e-05 3.72153e-05 -0.000141249 -0.000339908
internal_weight=2.31866e+06 2.17327e+06 145393 981119 1.19215e+06 109149 36244
internal_count=2318665 2173272 145393 981119 1192153 109149 36244
is_linear=0
shrinkage=0.00720685


Tree=19
num_leaves=8
num_cat=0
split_feature=0 7 0 0 9 23 6
split_gain=106.257 32.2454 21.3807 17.3069 4.75368 4.22843 3.27166
threshold=-1.4500125646591184 0.53416383266448986 0.1833896413445473 -3.7826954126358028 -1.3085026144981382 0.07838731631636621 0.61630195379257213
decision_type=2 2 2 2 8 8 8
left_child=3 2 -2 5 -5 -1 -3
right_child=1 6 -4 4 -6 -7 -8
leaf_value=-0.00039929165983002652 -7.3267770185423689e-06 -4.0265253873703189e-05 4.2271364041058788e-05 -0.00021879803574932863 -0.00011368445812826047 -0.00024333435659552215 -9.0538302797773772e-05
leaf_weight=19190 745532 173520 1144293 31433 77322 17069 109770
leaf_count=19190 745532 173520 1144293 31433 77322 17069 109770
internal_value=-6.4774e-07 1.19566e-05 2.2705e-05 -0.00018953 -0.000144067 -0.000325883 -5.97455e-05
internal_weight=2.31813e+06 2.17312e+06 1.88982e+06 145014 108755 36259 283290
internal_count=2318129 2173115 1889825 145014 108755 36259 283290
is_linear=0
shrinkage=0.00720685


Tree=20
num_leaves=8
num_cat=0
split_feature=1 7 15 1 7 7 10
split_gain=90.6637 27.2789 16.4246 14.0149 4.15919 3.65466 2.4804
threshold=1.3693492412567141 0.54916566610336315 -0.140235461294651 2.0600776672363286 0.61089587211608898 0.34319250285625463 inf
decision_type=2 2 2 2 2 2 8
left_child=1 2 -1 4 -2 -5 -3
right_child=3 6 -4 5 -6 -7 -8
leaf_value=6.7140191144827449e-07 -8.324937150113426e-05 -5.6557855060348061e-05 4.3675579048420166e-05 -0.00018060139465506529 -0.00017659020159977351 -0.00028895031418903005 0.00041088589807855759
leaf_weight=869594 111205 258337 982398 34268 31911 30632 590
leaf_count=869594 111205 258337 982398 34268 31911 30632 590
internal_value=-3.49792e-07 1.37961e-05 2.34832e-05 -0.0001439 -0.000104063 -0.000231745 -5.54911e-05
internal_weight=2.31894e+06 2.11092e+06 1.85199e+06 208016 143116 64900 258927
internal_count=2318935 2110919 1851992 208016 143116 64900 258927
is_linear=0
shrinkage=0.00720685


Tree=21
num_leaves=8
num_cat=0
split_feature=1 7 2 15 1 1 9
split_gain=90.9241 25.9963 23.2018 15.9937 7.11343 5.73243 2.07695
threshold=1.234394967556 0.56373545527458202 -1.596654951572418 -0.1479510888457298 2.230474710464478 1.9916444420814516 0.45299068093299871
decision_type=2 2 2 2 2 2 8
left_child=1 3 4 -1 -2 -4 -3
right_child=2 6 5 -5 -6 -7 -8
leaf_value=1.7288674802798238e-06 -0.00019347494854278019 -6.2104439178474431e-05 -6.5538238855870353e-05 4.4534953613456461e-05 -0.00035273843966495338 -0.00016023490032065325 6.7207167337610061e-06
leaf_weight=842915 46344 215864 142474 980909 21247 43291 25458
leaf_count=842915 46344 215864 142474 980909 21247 43291 25458
internal_value=-3.57565e-07 1.54502e-05 -0.000129209 2.47513e-05 -0.000243543 -8.76074e-05 -5.48437e-05
internal_weight=2.3185e+06 2.06515e+06 253356 1.82382e+06 67591 185765 241322
internal_count=2318502 2065146 253356 1823824 67591 185765 241322
is_linear=0
shrinkage=0.00720685


Tree=22
num_leaves=8
num_cat=0
split_feature=0 7 0 0 9 23 7
split_gain=100.914 27.7382 25.9051 17.8289 6.79008 3.9084 2.44438
threshold=-1.0035649538040159 0.50735488533973705 -3.7826954126358028 0.22001568228006366 -1.0565716028213499 0.060419552028179176 1.4885433316230776
decision_type=2 2 2 2 8 8 2
left_child=2 3 5 -2 -4 -1 -3
right_child=1 6 4 -5 -6 -7 -8
leaf_value=-0.00039862802843021445 -1.5444012142176595e-06 -3.8704712273266342e-05 -0.00018149954722726335 4.4220809225508238e-05 -8.3879379167222902e-05 -0.00024853305209713813 -8.7142545859165228e-05
leaf_weight=18825 752193 213458 53896 1072546 118113 17301 72490
leaf_count=18825 752193 213458 53896 1072546 118113 17301 72490
internal_value=8.36039e-08 1.50132e-05 -0.000151316 2.53555e-05 -0.000114468 -0.000326756 -5.09844e-05
internal_weight=2.31882e+06 2.11069e+06 208135 1.82474e+06 172009 36126 285948
internal_count=2318822 2110687 208135 1824739 172009 36126 285948
is_linear=0
shrinkage=0.00720685


Tree=23
num_leaves=8
num_cat=0
split_feature=1 7 2 1 1 17 9
split_gain=88.328 26.8355 21.4104 15.1787 6.73771 4.31773 3.11411
threshold=1.3693492412567141 0.57919356226921093 -1.4367234110832212 -0.028467734344303604 2.230474710464478 -0.0048447353765368453 0.36275638639926916
decision_type=2 2 2 2 2 2 8
left_child=1 3 4 -1 -2 -4 -3
right_child=2 6 5 -5 -6 -7 -8
leaf_value=4.0043789487234426e-05 -0.00019599499710245329 -6.7314751976952047e-05 -0.00011925738269689835 -1.7348684818554836e-06 -0.00034815626477358876 -3.4054149849761204e-05 1.1005245382078623e-05
leaf_weight=1103729 44597 212628 94221 764519 22869 45962 30100
leaf_count=1103729 44597 212628 94221 764519 22869 45962 30100
internal_value=-2.65617e-07 1.36853e-05 -0.000142091 2.29472e-05 -0.000247578 -9.13223e-05 -5.76024e-05
internal_weight=2.31862e+06 2.11098e+06 207649 1.86825e+06 67466 140183 242728
internal_count=2318625 2110976 207649 1868248 67466 140183 242728
is_linear=0
shrinkage=0.00720685


Tree=24
num_leaves=8
num_cat=0
split_feature=0 0 0 21 19 2 2
split_gain=97.0097 30.4403 17.1578 13.9457 9.20782 4.97264 4.84865
threshold=-1.6305455565452573 0.22001568228006366 -3.7826954126358028 inf -0.26362943649291987 -1.6629992723464964 -0.98076900839805592
decision_type=2 2 2 8 8 2 2
left_child=2 3 5 -2 -3 -1 -4
right_child=1 4 6 -5 -6 -7 -8
leaf_value=-0.00040654409494413676 -1.9384446549150311e-05 5.6603459424411044e-05 -0.00019701151439180896 0.00046765370342586048 1.6538228080609009e-05 -0.00023801311021549119 -9.1528690768306659e-05
leaf_weight=18845 995817 580474 41986 3062 612085 17586 49112
leaf_count=18845 995817 580474 41986 3062 612085 17586 49112
internal_value=2.12966e-07 1.14577e-05 -0.000193012 -1.7891e-05 3.60399e-05 -0.0003252 -0.000140146
internal_weight=2.31897e+06 2.19144e+06 127529 998879 1.19256e+06 36431 91098
internal_count=2318967 2191438 127529 998879 1192559 36431 91098
is_linear=0
shrinkage=0.00720685


Tree=25
num_leaves=8
num_cat=0
split_feature=0 0 0 21 19 2 2
split_gain=95.0412 30.1949 14.249 12.2012 9.39105 4.96329 4.53794
threshold=-1.7323486804962156 0.20189413428306582 -4.2645900249481192 inf -0.23623485118150708 -2.6221795082092281 -0.88173168897628773
decision_type=2 2 2 8 8 2 2
left_child=2 3 5 -2 -3 -1 -4
right_child=1 4 6 -5 -6 -7 -8
leaf_value=-0.00047489011668094236 -2.0457357915278416e-05 5.4320833774434336e-05 -0.0002051907626759102 0.00044109250128985394 1.4468372135109618e-05 -0.00027149150692544694 -0.0001035073989101565
leaf_weight=9552 968075 624792 46186 2983 604007 17944 45021
leaf_count=9552 968075 624792 46186 2983 604007 17944 45021
internal_value=2.77927e-07 1.09963e-05 -0.000198357 -1.90391e-05 3.47317e-05 -0.000342166 -0.000155
internal_weight=2.31856e+06 2.19986e+06 118703 971058 1.2288e+06 27496 91207
internal_count=2318560 2199857 118703 971058 1228799 27496 91207
is_linear=0
shrinkage=0.00720685


Tree=26
num_leaves=8
num_cat=0
split_feature=2 7 23 2 21 23 9
split_gain=62.1911 20.4322 10.273 9.27422 6.94179 4.43331 3.58202
threshold=-1.1570971608161924 0.44009089469909674 1.1804630756378176 -2.3092164993286128 inf -0.067474786192178712 -1.4580796360969541
decision_type=2 2 8 2 8 10 8
left_child=3 2 -2 4 -1 -5 -3
right_child=1 6 -4 5 -6 -7 -8
leaf_value=-0.00019632384595577685 2.6629534686483513e-05 -0.00010151833602348189 -3.2646430633202029e-05 -0.00011876989877627342 0.00040132564414721095 -4.375026293022505e-05 -3.2952935120861041e-05
leaf_weight=62901 1634249 47344 167410 89501 1025 75371 241134
leaf_count=62901 1634249 47344 167410 89501 1025 75371 241134
internal_value=-2.43089e-07 1.21051e-05 2.11216e-05 -0.000113047 -0.000186735 -8.44754e-05 -4.4206e-05
internal_weight=2.31894e+06 2.09014e+06 1.80166e+06 228798 63926 164872 288478
internal_count=2318935 2090137 1801659 228798 63926 164872 288478
is_linear=0
shrinkage=0.00720685


Tree=27
num_leaves=8
num_cat=0
split_feature=0 0 0 1 7 9 9
split_gain=95.9534 31.6301 14.0017 13.7785 12.4162 3.64129 3.56132
threshold=-1.7323486804962156 0.16504680365324023 -3.7826954126358028 -1.9841874241828916 0.35912369191646581 -1.3085026144981382 -1.154644191265106
decision_type=2 2 2 2 2 8 8
left_child=2 3 6 -2 -3 -4 -1
right_child=1 4 5 -5 -6 -7 -8
leaf_value=-0.00039279923250147911 0.00048809991652345297 4.3034243276243227e-05 -0.00022012339898995492 -2.3746879871348736e-05 -1.7992980764280556e-05 -0.00011609128112150926 -0.00024959728862258525
leaf_weight=17233 2739 1098264 25129 894509 205563 57392 18948
leaf_count=17233 2739 1098264 25129 894509 205563 57392 18948
internal_value=-1.45844e-08 1.07492e-05 -0.000199605 -2.21838e-05 3.34126e-05 -0.000147773 -0.000317814
internal_weight=2.31978e+06 2.20108e+06 118702 897248 1.30383e+06 82521 36181
internal_count=2319777 2201075 118702 897248 1303827 82521 36181
is_linear=0
shrinkage=0.00720685


Tree=28
num_leaves=8
num_cat=0
split_feature=0 0 0 21 19 2 9
split_gain=94.3095 30.3318 14.1884 11.7283 9.55943 5.95228 4.3065
threshold=-1.7323486804962156 0.1833896413445473 -3.7826954126358028 inf -0.25939051806926722 -1.8827133774757383 -1.3085026144981382
decision_type=2 2 2 8 8 2 8
left_child=2 3 5 -2 -3 -1 -4
right_child=1 4 6 -5 -6 -7 -8
leaf_value=-0.0004150577315934697 -2.2407650619787549e-05 5.353790707797269e-05 -0.00022521697309770618 0.00042305254422049776 1.3912145665136923e-05 -0.00022999651774533282 -0.00011174912210095854
leaf_weight=17089 929551 616978 24925 3079 648636 19147 57354
leaf_count=17089 929551 616978 24925 3079 648636 19147 57354
internal_value=-4.27672e-07 1.02489e-05 -0.000198458 -2.09365e-05 3.32295e-05 -0.000317281 -0.000146125
internal_weight=2.31676e+06 2.19824e+06 118515 932630 1.26561e+06 36236 82279
internal_count=2316759 2198244 118515 932630 1265614 36236 82279
is_linear=0
shrinkage=0.00720685


Tree=29
num_leaves=8
num_cat=0
split_feature=0 0 0 1 8 9 19
split_gain=95.1403 28.0223 17.4317 11.6819 9.86953 4.56582 4.06419
threshold=-1.4500125646591184 0.16504680365324023 -3.7826954126358028 -1.9040116071701048 1.0821498632431032 -1.3085026144981382 -0.65374973416328419
decision_type=2 2 2 2 8 8 10
left_child=2 3 6 -2 -3 -4 -1
right_child=1 4 5 -5 -6 -7 -8
leaf_value=-0.00019141463468806403 0.0004261981535206777 2.5375860852167853e-05 -0.00020576671625674681 -2.0899520908825983e-05 8.2025110365105823e-05 -0.00010295498031950741 -0.00036240475358601394
leaf_weight=9973 3045 1117502 31568 867205 186375 77565 26194
leaf_count=9973 3045 1117502 31568 867205 186375 77565 26194
internal_value=4.03137e-07 1.23356e-05 -0.000178141 -1.93346e-05 3.34733e-05 -0.000132696 -0.000315261
internal_weight=2.31943e+06 2.17413e+06 145300 870250 1.30388e+06 109133 36167
internal_count=2319427 2174127 145300 870250 1303877 109133 36167
is_linear=0
shrinkage=0.00720685


Tree=30
num_leaves=8
num_cat=0
split_feature=1 7 2 19 9 1 2
split_gain=78.3524 23.8948 20.1041 16.4681 6.42157 4.56101 3.2378
threshold=1.2870455384254458 0.56373545527458202 -2.1763901710510249 -0.34776943922042841 -1.4580796360969541 2.230474710464478 0.1202073208987713
decision_type=2 2 2 8 8 2 2
left_child=1 3 5 -1 -4 -2 -3
right_child=2 6 4 -5 -6 -7 -8
leaf_value=5.0552330941998747e-05 -0.00021008985662052519 -6.9319828514268197e-05 -0.0001799771604909856 6.0518738054983198e-06 -7.3738402776719235e-05 -0.00036549764700761659 -1.1168011778126455e-05
leaf_weight=692997 26413 176075 36449 1146488 156150 15610 69305
leaf_count=692997 26413 176075 36449 1146488 156150 15610 69305
internal_value=-1.45772e-07 1.39057e-05 -0.000125007 2.28168e-05 -9.38448e-05 -0.000267826 -5.28957e-05
internal_weight=2.31949e+06 2.08486e+06 234622 1.83948e+06 192599 42023 245380
internal_count=2319487 2084865 234622 1839485 192599 42023 245380
is_linear=0
shrinkage=0.00720685


Tree=31
num_leaves=8
num_cat=0
split_feature=0 0 7 0 7 23 23
split_gain=90.2739 30.0302 13.2551 11.7125 10.5053 4.37103 2.7754
threshold=-1.8445816636085508 0.16966357827186587 0.59480100870132457 -3.7826954126358028 0.36722648143768316 0.072448980063200011 -0.70896530151367176
decision_type=2 2 2 2 2 8 8
left_child=3 2 -2 5 -3 -1 -5
right_child=1 4 -4 6 -6 -7 -8
leaf_value=-0.0003830165969302514 -9.3169752926006188e-06 4.1280536018429171e-05 -8.3683682459000856e-05 -0.00025279338806040918 -1.5727077574587552e-05 -0.00022410593285986539 -0.00013050239578788619
leaf_weight=19076 766525 1095843 148620 11416 198269 17017 61970
leaf_count=19076 766525 1095843 148620 11416 198269 17017 61970
internal_value=1.92214e-07 1.02025e-05 -2.13943e-05 -0.00020181 3.25465e-05 -0.000308102 -0.000149529
internal_weight=2.31874e+06 2.20926e+06 915145 109479 1.29411e+06 36093 73386
internal_count=2318736 2209257 915145 109479 1294112 36093 73386
is_linear=0
shrinkage=0.00720685


Tree=32
num_leaves=8
num_cat=0
split_feature=0 7 0 0 2 2 2
split_gain=89.5341 29.0421 18.3899 16.9336 5.46237 4.42221 3.41279
threshold=-1.4500125646591184 0.53416383266448986 0.35495877265930181 -3.7826954126358028 -1.6629992723464964 -1.0062998533248899 -0.020885108970105645
decision_type=2 2 2 2 2 2 2
left_child=3 2 -2 4 -1 -5 -3
right_child=1 6 -4 5 -6 -7 -8
leaf_value=-0.00039316456953359595 1.8172668429132016e-06 -7.4262448496679074e-05 4.7096328821433933e-05 -0.00018017012595630594 -0.00021627634208766944 -8.7697727340315632e-05 -2.1290399945080761e-05
leaf_weight=18821 1058312 188279 832246 47868 17507 61213 95068
leaf_count=18821 1058312 188279 832246 47868 17507 61213 95068
internal_value=-2.8803e-08 1.15519e-05 2.17497e-05 -0.000173163 -0.000307928 -0.000128279 -5.64896e-05
internal_weight=2.31931e+06 2.1739e+06 1.89056e+06 145409 36328 109081 283347
internal_count=2319314 2173905 1890558 145409 36328 109081 283347
is_linear=0
shrinkage=0.00720685


Tree=33
num_leaves=8
num_cat=0
split_feature=0 0 1 2 19 0 17
split_gain=90.3087 29.3244 14.7236 11.4708 9.27769 6.14539 4.0402
threshold=-1.8445816636085508 0.16966357827186587 -1.9040116071701048 -1.6629992723464964 -0.25939051806926722 -4.2645900249481192 0.057221109047532089
decision_type=2 2 2 2 8 2 2
left_child=3 2 -2 5 -3 -1 -5
right_child=1 4 -4 6 -6 -7 -8
leaf_value=-0.0004121236335263854 0.00048084922055591586 5.2192351990598436e-05 -2.2617423764979864e-05 -0.00018005324869647534 1.3592707331945905e-05 -0.00022950853562077992 -5.9028044631039334e-05
leaf_weight=15075 3026 629787 910873 48349 664839 26234 20362
leaf_count=15075 3026 629787 910873 48349 664839 26234 20362
internal_value=2.66998e-07 1.0306e-05 -2.09499e-05 -0.000201252 3.237e-05 -0.000296159 -0.00014419
internal_weight=2.31854e+06 2.20852e+06 913899 110020 1.29463e+06 41309 68711
internal_count=2318545 2208525 913899 110020 1294626 41309 68711
is_linear=0
shrinkage=0.00720685


Tree=34
num_leaves=8
num_cat=0
split_feature=0 0 7 0 7 19 17
split_gain=90.7219 31.5096 16.0506 9.5325 7.55854 4.01416 2.59142
threshold=-1.9808016419410703 -0.056070694699883454 0.3841512948274613 -3.7826954126358028 0.59480100870132457 0.03098293021321297 0.083295937627553954
decision_type=2 2 2 2 2 10 2
left_child=3 4 -3 5 -2 -1 -5
right_child=1 2 -4 6 -6 -7 -8
leaf_value=-0.00025308666062566563 -2.4543713927537821e-05 3.543228063608825e-05 -2.5578986363866267e-05 -0.00018645677710491313 -9.3566356268283733e-05 -0.0004156454837671763 -8.3249756723325551e-05
leaf_weight=24958 464946 1384929 267157 46867 100154 11544 17305
leaf_count=24958 464946 1384929 267157 46867 100154 11544 17305
internal_value=6.89505e-08 9.67661e-06 2.55662e-05 -0.000211523 -3.67769e-05 -0.000304507 -0.000158627
internal_weight=2.31786e+06 2.21719e+06 1.65209e+06 100674 565100 36502 64172
internal_count=2317860 2217186 1652086 100674 565100 36502 64172
is_linear=0
shrinkage=0.00720685


Tree=35
num_leaves=8
num_cat=0
split_feature=1 7 2 19 1 9 2
split_gain=77.0461 22.3374 21.256 15.6682 5.99936 4.82762 2.56532
threshold=1.234394967556 0.53416383266448986 -1.596654951572418 -0.34776943922042841 2.230474710464478 -1.0565716028213499 0.11337301880121232
decision_type=2 2 2 8 2 8 2
left_child=1 3 4 -1 -2 -4 -3
right_child=2 6 5 -5 -6 -7 -8
leaf_value=5.0355775532553712e-05 -0.00018266663740075975 -6.3217623820183079e-05 -0.0001444700503102558 6.5859250358100839e-06 -0.0003291703899560953 -5.8559714850412893e-05 -1.3125559330917888e-05
leaf_weight=681923 46291 182623 44755 1126452 21156 141031 74872
leaf_count=681923 46291 182623 44755 1126452 21156 141031 74872
internal_value=-3.94658e-07 1.41489e-05 -0.00011904 2.30912e-05 -0.000228625 -7.92559e-05 -4.86525e-05
internal_weight=2.3191e+06 2.06587e+06 253233 1.80838e+06 67447 185786 257495
internal_count=2319103 2065870 253233 1808375 67447 185786 257495
is_linear=0
shrinkage=0.00720685


Tree=36
num_leaves=8
num_cat=0
split_feature=0 0 7 0 9 25 6
split_gain=85.8447 23.0851 22.2939 14.5864 6.59037 3.86426 2.23229
threshold=-0.86598810553550709 -3.7826954126358028 0.53416383266448986 0.43244673311710363 -0.9160407781600951 0.25499938428401953 0.60644045472145092
decision_type=2 2 2 2 8 8 8
left_child=1 5 3 -2 -3 -1 -4
right_child=2 4 6 -5 -6 -7 -8
leaf_value=-0.00035171828675933703 7.0958533156944089e-06 -0.00015894140257468567 -3.1349690422545498e-05 4.9128566314448713e-05 -7.1251378544895583e-05 -0.00019413071188107361 -7.4528669789697828e-05
leaf_weight=23935 1127167 66889 162579 692108 133088 12210 100712
leaf_count=23935 1127167 66889 162579 692108 133088 12210 100712
internal_value=-6.49484e-07 -0.00013088 1.41161e-05 2.30864e-05 -0.000100583 -0.000298491 -4.78665e-05
internal_weight=2.31869e+06 236122 2.08257e+06 1.81928e+06 199977 36145 263291
internal_count=2318688 236122 2082566 1819275 199977 36145 263291
is_linear=0
shrinkage=0.00720685


Tree=37
num_leaves=8
num_cat=0
split_feature=0 0 1 2 2 0 17
split_gain=86.1659 28.16 13.7684 10.5091 9.22498 4.70583 3.78407
threshold=-1.8445816636085508 0.16504680365324023 -1.9040116071701048 -1.9688947200775144 -0.35276156663894648 -4.2645900249481192 0.049234369769692428
decision_type=2 2 2 2 2 2 2
left_child=3 2 -2 5 -3 -1 -5
right_child=1 4 -4 6 -6 -7 -8
leaf_value=-0.00040763872690281207 0.00046496637419604967 -8.3306061142145673e-06 -2.2302765293813439e-05 -0.00018277236358454205 4.0837653850651786e-05 -0.00023419280870670068 -7.1364646444337828e-05
leaf_weight=13297 3021 243779 902406 52719 1059822 20905 22637
leaf_count=13297 3021 243779 902406 52719 1059822 20905 22637
internal_value=4.14293e-07 1.01985e-05 -2.06765e-05 -0.000196863 3.1643e-05 -0.000301635 -0.000149307
internal_weight=2.31859e+06 2.20903e+06 905427 109558 1.3036e+06 34202 75356
internal_count=2318586 2209028 905427 109558 1303601 34202 75356
is_linear=0
shrinkage=0.00720685


Tree=38
num_leaves=8
num_cat=0
split_feature=0 0 0 1 8 17 17
split_gain=81.8434 22.8499 17.506 11.2662 8.12333 3.41306 3.3692
threshold=-1.2280985713005064 0.22001568228006366 -3.7826954126358028 -1.9040116071701048 1.0513785481452944 0.015889565460383896 0.10077566280961038
decision_type=2 2 2 2 8 2 2
left_child=2 3 5 -2 -3 -1 -4
right_child=1 4 6 -5 -6 -7 -8
leaf_value=-0.00033409367635021692 0.00042184077320956911 2.4767428370419203e-05 -0.00013607545107204269 -1.5945159147489834e-05 7.693432079989093e-05 -0.0001744693108335539 -5.5708662387762014e-05
leaf_weight=26714 3062 1009006 98952 950970 183184 9413 37313
leaf_count=26714 3062 1009006 98952 950970 183184 9413 37313
internal_value=-3.87789e-07 1.17474e-05 -0.000151466 -1.45396e-05 3.27831e-05 -0.000292509 -0.00011407
internal_weight=2.31861e+06 2.14622e+06 172392 954032 1.19219e+06 36127 136265
internal_count=2318614 2146222 172392 954032 1192190 36127 136265
is_linear=0
shrinkage=0.00720685


Tree=39
num_leaves=8
num_cat=0
split_feature=0 0 0 21 15 2 2
split_gain=83.5906 23.8947 14.4435 9.41496 8.78407 6.0556 2.98125
threshold=-1.4500125646591184 0.22001568228006366 -3.3786542415618892 inf -0.11095551401376723 -2.6221795082092281 -0.3965452760457992
decision_type=2 2 2 8 2 2 2
left_child=2 3 5 -2 -3 -1 -4
right_child=1 4 6 -5 -6 -7 -8
leaf_value=-0.00040470042184296862 -1.6712553012894262e-05 1.1148476097303926e-05 -0.00015129296274548739 0.00038006803164793748 5.0440787765568352e-05 -0.00022102060578776443 -7.0973470471700443e-05
leaf_weight=13207 977787 541933 60771 3115 649889 31717 39677
leaf_count=13207 977787 541933 60771 3115 649889 31717 39677
internal_value=-3.02152e-07 1.08922e-05 -0.000167611 -1.54521e-05 3.25742e-05 -0.000275028 -0.000119568
internal_weight=2.3181e+06 2.17272e+06 145372 980902 1.19182e+06 44924 100448
internal_count=2318096 2172724 145372 980902 1191822 44924 100448
is_linear=0
shrinkage=0.00720685


Tree=40
num_leaves=8
num_cat=0
split_feature=0 0 0 21 15 23 23
split_gain=80.2757 20.2503 19.7461 12.9495 7.83638 4.60781 4.46884
threshold=-1.0035649538040159 -3.7826954126358028 0.21548464149236682 inf -0.12590241432189939 -0.70896530151367176 0.07838731631636621
decision_type=2 2 2 8 2 8 8
left_child=1 6 3 -2 -4 -3 -1
right_child=2 5 4 -5 -6 -7 -8
leaf_value=-0.00036568753605245032 -1.3957995613248105e-05 -0.0001899038638520473 1.1668373875703829e-05 0.00045774081491553267 4.8697571363697963e-05 -8.6785125879312999e-05 -0.00020525566090681265
leaf_weight=19186 905664 26631 536821 3032 664001 145356 17027
leaf_count=19186 905664 26631 536821 3032 664001 145356 17027
internal_value=-3.61436e-07 -0.000135369 1.29632e-05 -1.23836e-05 3.21439e-05 -0.000102753 -0.000290262
internal_weight=2.31772e+06 208200 2.10952e+06 908696 1.20082e+06 171987 36213
internal_count=2317718 208200 2109518 908696 1200822 171987 36213
is_linear=0
shrinkage=0.00720685


Tree=41
num_leaves=8
num_cat=0
split_feature=1 7 15 9 1 1 7
split_gain=69.529 22.3447 15.6778 13.9039 5.97032 4.52082 3.16593
threshold=1.234394967556 0.41109900176525122 -0.140235461294651 -1.4580796360969541 2.0600776672363286 1.9294356703758242 1.2981255650520327
decision_type=2 2 2 8 2 2 2
left_child=1 2 -1 5 -5 -2 -3
right_child=3 6 -4 4 -6 -7 -8
leaf_value=6.7831150245143175e-07 -0.00015128890846373888 -2.7366426483681882e-05 4.4274563299346922e-05 -6.2222716349133944e-05 -0.00015937894100237683 -0.00027686465755706927 -7.8628850325349731e-05
leaf_weight=799987 32422 260578 922425 151101 41978 27546 82350
leaf_count=799987 32422 260578 922425 151101 41978 27546 82350
internal_value=-3.65877e-07 1.34488e-05 2.4026e-05 -0.000113119 -8.33466e-05 -0.000208975 -3.96767e-05
internal_weight=2.31839e+06 2.06534e+06 1.72241e+06 253047 193079 59968 342928
internal_count=2318387 2065340 1722412 253047 193079 59968 342928
is_linear=0
shrinkage=0.00720685


Tree=42
num_leaves=8
num_cat=0
split_feature=7 15 19 9 12 12 18
split_gain=41.7237 21.7298 13.4773 9.59177 8.70652 3.67787 3.44112
threshold=0.42042088508605963 -0.17608820647001264 -0.24528972804546353 -1.4580796360969541 0.49738268554210668 0.67162325978279125 -1.0212358236312864
decision_type=2 2 8 8 8 10 10
left_child=1 2 -1 6 -3 -5 -2
right_child=3 4 -4 5 -6 -7 -8
leaf_value=1.9705382890171617e-05 0.00016624966384290224 5.2296804884493896e-05 -3.6848549217072717e-05 -3.0196925131457444e-05 7.6660132269064314e-06 -8.3488934597182181e-05 -0.00013422412057862381
leaf_weight=395197 2021 672558 490500 225366 342701 95877 94756
leaf_count=395197 2021 672558 490500 225366 342701 95877 94756
internal_value=1.38181e-07 1.44733e-05 -1.16142e-05 -6.5051e-05 3.72317e-05 -4.61025e-05 -0.000127947
internal_weight=2.31898e+06 1.90096e+06 885697 418020 1.01526e+06 321243 96777
internal_count=2318976 1900956 885697 418020 1015259 321243 96777
is_linear=0
shrinkage=0.00720685


Tree=43
num_leaves=8
num_cat=0
split_feature=1 15 1 12 5 4 17
split_gain=68.6728 16.5361 12.6696 9.58624 4.79616 3.13979 3.07222
threshold=1.2870455384254458 -0.16203631460666654 1.9916444420814516 0.49738268554210668 0.62471804022789013 0.26543043553829199 0.10077566280961038
decision_type=2 2 2 8 8 8 2
left_child=1 4 5 -3 -1 -2 -4
right_child=2 3 6 -5 -6 -7 -8
leaf_value=-1.8681901914982663e-05 -9.836886207383188e-05 4.6956155295594136e-05 -0.0002191635790253558 1.9209005001438633e-06 1.6958910047205731e-05 -2.117767268588199e-05 -0.00010462197869751116
leaf_weight=715706 125613 727007 58780 370649 270117 34995 15340
leaf_count=715706 125613 727007 58780 370649 270117 34995 15340
internal_value=-6.5813e-07 1.25077e-05 -0.00011752 3.1749e-05 -8.91623e-06 -8.155e-05 -0.00019546
internal_weight=2.31821e+06 2.08348e+06 234728 1.09766e+06 985823 160608 74120
internal_count=2318207 2083479 234728 1097656 985823 160608 74120
is_linear=0
shrinkage=0.00720685


Tree=44
num_leaves=8
num_cat=0
split_feature=0 0 0 21 19 19 17
split_gain=78.9133 23.0122 14.5498 11.5477 8.15658 3.89838 3.5874
threshold=-1.4500125646591184 0.16504680365324023 -3.7826954126358028 inf -0.25939051806926722 0.023964016698300842 0.083295937627553954
decision_type=2 2 2 8 8 10 2
left_child=2 3 5 -2 -3 -1 -4
right_child=1 4 6 -5 -6 -7 -8
leaf_value=-0.00023726451846785469 -1.9759824764894925e-05 4.8215366822097842e-05 -0.00014714295606721624 0.00042644470413221461 1.2136070879613058e-05 -0.00039812667702462256 -5.4986374539628761e-05
leaf_weight=24674 866705 632881 78776 3022 669976 11465 30411
leaf_count=24674 866705 632881 78776 3022 669976 11465 30411
internal_value=-3.77255e-07 1.04984e-05 -0.000162965 -1.82089e-05 2.96621e-05 -0.000288307 -0.000121476
internal_weight=2.31791e+06 2.17258e+06 145326 869727 1.30286e+06 36139 109187
internal_count=2317910 2172584 145326 869727 1302857 36139 109187
is_linear=0
shrinkage=0.00720685


Tree=45
num_leaves=8
num_cat=0
split_feature=2 15 2 2 7 21 7
split_gain=52.7243 20.4409 12.7231 8.82568 6.45046 6.40093 4.45232
threshold=-0.7029394507408141 -0.16203631460666654 -2.1763901710510249 0.057657903060317046 -0.72686034440994252 inf 0.62738263607025158
decision_type=2 2 2 2 2 8 2
left_child=2 4 5 -3 -2 -1 -4
right_child=1 3 6 -5 -6 -7 -8
leaf_value=-0.0001694634650463865 -5.7157727715548413e-05 9.7608429907662371e-06 -4.0775466659307234e-05 5.371289524802061e-05 -1.9140271880647042e-06 0.00039442316888325095 -0.00010150978410818242
leaf_weight=72367 127962 377483 244020 638939 772500 1060 84368
leaf_count=72367 127962 377483 244020 638939 772500 1060 84368
internal_value=-4.95283e-07 1.52389e-05 -7.55561e-05 3.73899e-05 -9.76463e-06 -0.000161318 -5.63794e-05
internal_weight=2.3187e+06 1.91688e+06 401815 1.01642e+06 900462 73427 328388
internal_count=2318699 1916884 401815 1016422 900462 73427 328388
is_linear=0
shrinkage=0.00720685


Tree=46
num_leaves=8
num_cat=0
split_feature=0 0 0 21 8 19 23
split_gain=76.2875 18.697 18.2412 10.4119 8.75769 4.71151 4.16396
threshold=-1.0035649538040159 -3.3786542415618892 0.21100096404552462 inf 1.0513785481452944 0.03098293021321297 -0.70896530151367176
decision_type=2 2 2 8 8 10 8
left_child=1 5 3 -2 -4 -1 -3
right_child=2 6 4 -5 -6 -7 -8
leaf_value=-0.00021162823315858887 -1.3165857657025511e-05 -0.00018045056290545003 2.2894615247162412e-05 0.00040821701361909836 7.6817430526907927e-05 -0.00037037947072387226 -8.0254487226385398e-05
leaf_weight=30715 896205 25518 1025496 3055 184595 14204 138305
leaf_count=30715 896205 25518 1025496 3055 184595 14204 138305
internal_value=-1.55073e-07 -0.000131579 1.28507e-05 -1.17339e-05 3.11204e-05 -0.000261835 -9.58627e-05
internal_weight=2.31809e+06 208742 2.10935e+06 899260 1.21009e+06 44919 163823
internal_count=2318093 208742 2109351 899260 1210091 44919 163823
is_linear=0
shrinkage=0.00720685


Tree=47
num_leaves=8
num_cat=0
split_feature=0 0 0 1 19 2 2
split_gain=73.2927 20.4077 16.1483 10.6898 8.19218 6.7051 4.49764
threshold=-1.2280985713005064 0.3159544318914414 -3.3786542415618892 -1.9841874241828916 -0.48182919621467585 -1.9688947200775144 -1.1229931712150572
decision_type=2 2 2 2 8 2 2
left_child=2 3 5 -2 -3 -1 -4
right_child=1 4 6 -5 -6 -7 -8
leaf_value=-0.00036258241036365519 0.00042559853364681078 6.7486274200081773e-05 -0.0001560618614262667 -9.6748087131469109e-06 2.2368081410978128e-05 -0.00018420977251056326 -6.7872039591882307e-05
leaf_weight=19043 2937 299585 48158 1152440 691434 25752 79827
leaf_count=19043 2937 299585 48158 1152440 691434 25752 79827
internal_value=5.18232e-07 1.20131e-05 -0.000142278 -8.56796e-06 3.60074e-05 -0.000260045 -0.000101057
internal_weight=2.31918e+06 2.1464e+06 172780 1.15538e+06 991019 44795 127985
internal_count=2319176 2146396 172780 1155377 991019 44795 127985
is_linear=0
shrinkage=0.00720685


Tree=48
num_leaves=8
num_cat=0
split_feature=0 0 7 7 2 0 17
split_gain=75.9017 27.8077 10.8242 10.5838 8.14855 4.11794 2.35912
threshold=-2.1324416399002071 0.13554318994283679 0.35912369191646581 0.49481728672981268 -1.1229931712150572 -4.2645900249481192 0.12598036229610446
decision_type=2 2 2 2 2 2 2
left_child=4 3 -3 -2 5 -1 -6
right_child=1 2 -4 -5 6 -7 -8
leaf_value=-0.00035254300350433975 -1.0881705332253562e-05 3.7625434698012171e-05 -1.7830764190480664e-05 -7.3790781905112092e-05 -0.00016210715442997248 -0.0002155724163332426 -3.9107186949732777e-05
leaf_weight=18356 694489 1141896 217645 173628 32238 30112 10818
leaf_count=18356 694489 1141896 217645 173628 32238 30112 10818
internal_value=4.37871e-08 8.40077e-06 2.87476e-05 -2.3464e-05 -0.00020336 -0.000267453 -0.000131205
internal_weight=2.31918e+06 2.22766e+06 1.35954e+06 868117 91524 48468 43056
internal_count=2319182 2227658 1359541 868117 91524 48468 43056
is_linear=0
shrinkage=0.00720685


Tree=49
num_leaves=8
num_cat=0
split_feature=0 7 15 0 6 17 4
split_gain=74.4423 24.6555 15.7652 10.7897 4.59044 3.03607 2.45167
threshold=-1.6305455565452573 0.42042088508605963 -0.12590241432189939 -3.3786542415618892 0.66862493753433239 0.065954096615314498 0.27745178341865545
decision_type=2 2 2 2 8 2 8
left_child=3 2 -2 5 -3 -1 -5
right_child=1 4 -4 6 -6 -7 -8
leaf_value=-0.00029216590250911095 -1.2616105957259357e-06 -2.4828371039041444e-05 4.1191774522877724e-05 -0.00013966720023399115 -7.7641814427553051e-05 -0.00015343424435105706 -4.0350612739401154e-05
leaf_weight=34313 879381 239095 939931 66403 133044 10769 16027
leaf_count=34313 879381 239095 939931 66403 133044 10769 16027
internal_value=-1.10976e-07 9.73863e-06 2.06715e-05 -0.000169388 -4.371e-05 -0.000259031 -0.000120358
internal_weight=2.31896e+06 2.19145e+06 1.81931e+06 127512 372139 45082 82430
internal_count=2318963 2191451 1819312 127512 372139 45082 82430
is_linear=0
shrinkage=0.00720685


Tree=50
num_leaves=8
num_cat=0
split_feature=0 7 15 0 19 0 9
split_gain=73.5103 25.8314 15.9981 8.4192 4.04767 3.88728 3.49762
threshold=-1.9808016419410703 0.42042088508605963 -0.12590241432189939 -4.2645900249481192 -0.65374973416328419 -0.033680120483040803 -1.3546078801155088
decision_type=2 2 2 2 10 2 8
left_child=3 2 -2 4 -1 -3 -5
right_child=1 5 -4 6 -6 -7 -8
leaf_value=-0.00015753866641191288 -2.0008720886008078e-06 -7.5068554085223091e-05 4.0561635211750157e-05 -0.00022375549958330397 -0.00035254009325413443 -2.7478968788024226e-05 -0.00011625287094188012
leaf_weight=7669 891462 142984 944780 22966 19836 236782 49834
leaf_count=7669 891462 142984 944780 22966 19836 236782 49834
internal_value=7.06666e-08 8.70838e-06 1.98983e-05 -0.000190758 -0.000298178 -4.53969e-05 -0.000150169
internal_weight=2.31631e+06 2.21601e+06 1.83624e+06 100305 27505 379766 72800
internal_count=2316313 2216008 1836242 100305 27505 379766 72800
is_linear=0
shrinkage=0.00720685


Tree=51
num_leaves=8
num_cat=0
split_feature=0 0 7 0 7 23 9
split_gain=71.1585 24.4248 13.0897 8.67474 6.73236 3.66672 3.00375
threshold=-1.8445816636085508 -0.056070694699883454 0.36722648143768316 -3.7826954126358028 0.66449272632598888 0.060419552028179176 -1.3546078801155088
decision_type=2 2 2 2 2 8 8
left_child=3 4 -3 5 -2 -1 -5
right_child=1 2 -4 6 -6 -7 -8
leaf_value=-0.00033990434401700567 -2.1553703947382819e-05 3.2006555986295609e-05 -2.2019378804333099e-05 -0.0002039475351575435 -9.046929500247597e-05 -0.00019457390450140368 -0.00010384850323508252
leaf_weight=18844 468722 1372424 280537 22312 87344 17303 51550
leaf_count=18844 468722 1372424 280537 22312 87344 17303 51550
internal_value=2.92623e-08 8.93809e-06 2.28374e-05 -0.000178862 -3.23788e-05 -0.000270345 -0.000134089
internal_weight=2.31904e+06 2.20903e+06 1.65296e+06 110009 556066 36147 73862
internal_count=2319036 2209027 1652961 110009 556066 36147 73862
is_linear=0
shrinkage=0.00720685


Tree=52
num_leaves=8
num_cat=0
split_feature=0 7 0 19 2 9 21
split_gain=70.0192 21.9363 17.619 15.2497 6.5011 4.61167 2.62716
threshold=-1.0035649538040159 0.53416383266448986 -3.3786542415618892 -0.3523451536893844 -1.6629992723464964 -1.4580796360969541 inf
decision_type=2 2 2 8 2 8 8
left_child=2 3 4 -2 -1 -4 -3
right_child=1 6 5 -5 -6 -7 -8
leaf_value=-0.00034035017249333239 4.9329042900434827e-05 -4.8607256945198195e-05 -0.00016158979838764711 6.3576184665545819e-06 -0.00016660314196430864 -6.987506515893145e-05 0.00036631030354426373
leaf_weight=21952 680546 268611 36715 1160171 22813 126903 794
leaf_count=21952 680546 268611 36715 1160171 22813 126903 794
internal_value=9.09371e-07 1.33553e-05 -0.00012512 2.2245e-05 -0.000251812 -9.04563e-05 -4.7383e-05
internal_weight=2.3185e+06 2.11012e+06 208383 1.84072e+06 44765 163618 269405
internal_count=2318505 2110122 208383 1840717 44765 163618 269405
is_linear=0
shrinkage=0.00720685


Tree=53
num_leaves=8
num_cat=0
split_feature=0 0 0 21 19 9 19
split_gain=69.3157 18.6534 17.3274 11.018 8.37758 5.14275 4.12381
threshold=-0.86598810553550709 -3.3786542415618892 0.33769768476486212 inf -0.48182919621467585 -1.0249206423759458 -0.65374973416328419
decision_type=2 2 2 8 8 8 10
left_child=1 6 3 -2 -4 -3 -1
right_child=2 5 4 -5 -6 -7 -8
leaf_value=-0.00013565620159777925 -6.2547850872263446e-06 -0.00014223912483473357 6.9178363122199702e-05 0.00042713496455775807 2.250426660140781e-05 -6.0876650280148913e-05 -0.00029120000688906997
leaf_weight=12161 1134039 57823 286770 3054 658130 133536 32576
leaf_count=12161 1134039 57823 286770 3054 658130 133536 32576
internal_value=5.91159e-07 -0.000116437 1.38621e-05 -5.09041e-06 3.66696e-05 -8.54627e-05 -0.000248922
internal_weight=2.31809e+06 236096 2.08199e+06 1.13709e+06 944900 191359 44737
internal_count=2318089 236096 2081993 1137093 944900 191359 44737
is_linear=0
shrinkage=0.00720685


Tree=54
num_leaves=8
num_cat=0
split_feature=0 7 0 19 2 19 6
split_gain=65.7645 20.7064 17.9924 14.4885 5.50767 3.97504 3.13548
threshold=-0.86598810553550709 0.42042088508605963 -3.7826954126358028 -0.24528972804546353 -1.0614955425262449 0.03098293021321297 0.61630195379257213
decision_type=2 2 2 8 2 10 8
left_child=2 3 5 -2 -4 -1 -3
right_child=1 6 4 -5 -6 -7 -8
leaf_value=-0.00021014360106992168 4.5901492275251541e-05 -2.105715409391366e-05 -0.0001368567056017169 4.2014164908499955e-06 -5.8133607283994807e-05 -0.00037273179401965125 -6.621716714241912e-05
leaf_weight=24764 806410 215578 72533 933946 126954 11413 126835
leaf_count=24764 806410 215578 72533 933946 126954 11413 126835
internal_value=5.3286e-07 1.34442e-05 -0.000113575 2.35236e-05 -8.67578e-05 -0.000261445 -3.77853e-05
internal_weight=2.31843e+06 2.08277e+06 235664 1.74036e+06 199487 36177 342413
internal_count=2318433 2082769 235664 1740356 199487 36177 342413
is_linear=0
shrinkage=0.00720685


Tree=55
num_leaves=8
num_cat=0
split_feature=0 0 8 2 2 0 17
split_gain=66.9991 25.7944 9.56973 9.31265 7.49593 3.24859 2.85732
threshold=-2.1324416399002071 0.1205996908247471 1.0821498632431032 -1.6629992723464964 -0.58807396888732899 -4.2645900249481192 -0.0048447353765368453
decision_type=2 2 10 2 2 2 2
left_child=3 4 -3 5 -2 -1 -5
right_child=1 2 -4 6 -6 -7 -8
leaf_value=-0.0003627130901697107 -5.7631783190925454e-05 1.9168081634866744e-05 7.393988140014254e-05 -0.00016909176052701152 -1.0128016952564957e-05 -0.00022420618313366569 -5.8385605148018864e-05
leaf_weight=14970 242439 1194392 192367 36555 598303 21347 18110
leaf_count=14970 242439 1194392 192367 36555 598303 21347 18110
internal_value=-1.59284e-07 7.67047e-06 2.67659e-05 -0.000191852 -2.38264e-05 -0.000281308 -0.000132418
internal_weight=2.31848e+06 2.2275e+06 1.38676e+06 90982 840742 36317 54665
internal_count=2318483 2227501 1386759 90982 840742 36317 54665
is_linear=0
shrinkage=0.00720685


Tree=56
num_leaves=8
num_cat=0
split_feature=0 0 7 2 7 0 9
split_gain=68.382 26.2905 12.9661 8.31014 7.27234 3.78522 1.76887
threshold=-2.1324416399002071 -0.04078948684036731 0.36722648143768316 -1.6629992723464964 0.59480100870132457 -4.2645900249481192 -2.2229020595550533
decision_type=2 2 2 2 2 2 8
left_child=3 4 -3 5 -2 -1 -5
right_child=1 2 -4 6 -6 -7 -8
leaf_value=-0.00036626554776632183 -2.182527510910375e-05 3.1582585649455645e-05 -2.2653110819089502e-05 -0.00023595258484329762 -8.7817547453462245e-05 -0.00021692327542895026 -0.00012063109632079707
leaf_weight=14996 488526 1358841 275332 8119 105454 21406 46376
leaf_count=14996 488526 1358841 275332 8119 105454 21406 46376
internal_value=-3.84431e-07 7.5199e-06 2.24447e-05 -0.000194141 -3.35416e-05 -0.000278454 -0.000137817
internal_weight=2.31905e+06 2.22815e+06 1.63417e+06 90897 593980 36402 54495
internal_count=2319050 2228153 1634173 90897 593980 36402 54495
is_linear=0
shrinkage=0.00720685


Tree=57
num_leaves=8
num_cat=0
split_feature=1 2 2 8 21 1 9
split_gain=56.3105 16.9609 15.6589 10.5426 7.2007 5.16677 3.6629
threshold=1.234394967556 -1.596654951572418 -0.37404263019561762 1.4599605202674868 inf 2.230474710464478 -1.4064104557037351
decision_type=2 2 2 8 8 2 8
left_child=2 5 4 -4 -1 -2 -3
right_child=1 6 3 -5 -6 -7 -8
leaf_value=-2.5154705379306929e-05 -0.00015640496327807128 -0.00013431035315148091 1.7894539647325837e-05 8.3973685061656901e-05 0.00044736788030849835 -0.00029248613059195804 -5.0718548502782749e-05
leaf_weight=475121 46348 33112 1452287 137255 1680 21088 153184
leaf_count=475121 46348 33112 1452287 137255 1680 21088 153184
internal_value=2.93148e-07 -0.000101028 1.27348e-05 2.36005e-05 -2.34888e-05 -0.000198963 -6.55768e-05
internal_weight=2.32008e+06 253732 2.06634e+06 1.58954e+06 476801 67436 186296
internal_count=2320075 253732 2066343 1589542 476801 67436 186296
is_linear=0
shrinkage=0.00720685


Tree=58
num_leaves=8
num_cat=0
split_feature=0 7 0 19 2 2 6
split_gain=64.9301 20.8825 15.7855 15.1992 4.94768 4.3301 3.63088
threshold=-1.0035649538040159 0.44009089469909674 -3.7826954126358028 -0.3523451536893844 -1.2250155210494993 -1.6629992723464964 0.64834865927696239
decision_type=2 2 2 8 2 2 8
left_child=2 3 5 -2 -4 -1 -3
right_child=1 6 4 -5 -6 -7 -8
leaf_value=-0.00033414101501197662 4.9164645757279808e-05 -2.2656635528064797e-05 -0.0001468894044366371 5.4809949680260777e-06 -6.5223175013610492e-05 -0.0001764511036592405 -7.2152641452400185e-05
leaf_weight=18784 656015 213427 58106 1119927 114385 17453 120406
leaf_count=18784 656015 213427 58106 1119927 114385 17453 120406
internal_value=-2.09058e-07 1.1787e-05 -0.000121462 2.16173e-05 -9.27344e-05 -0.000258199 -4.0509e-05
internal_weight=2.3185e+06 2.10978e+06 208728 1.77594e+06 172491 36237 333833
internal_count=2318503 2109775 208728 1775942 172491 36237 333833
is_linear=0
shrinkage=0.00720685


Tree=59
num_leaves=8
num_cat=0
split_feature=0 7 0 0 6 19 17
split_gain=62.8984 23.7502 15.7377 6.92157 4.34036 3.85396 2.49304
threshold=-1.9808016419410703 0.50735488533973705 0.22001568228006366 -4.2645900249481192 0.66862493753433239 -0.65374973416328419 0.20519158244132998
decision_type=2 2 2 2 8 10 2
left_child=3 2 -2 5 -3 -1 -5
right_child=1 4 -4 6 -6 -7 -8
leaf_value=-0.00013773237540319258 -6.1012910529038329e-06 -2.9993068019569492e-05 3.56452479906065e-05 -0.00016122222946989925 -8.5790915404600934e-05 -0.00032723055049820238 -5.7045151833570829e-05
leaf_weight=7764 833657 197235 1072298 57875 114410 19787 15032
leaf_count=7764 833657 197235 1072298 57875 114410 19787 15032
internal_value=-1.41686e-07 7.84847e-06 1.73855e-05 -0.000176522 -5.04777e-05 -0.000273837 -0.000139744
internal_weight=2.31806e+06 2.2176e+06 1.90596e+06 100458 311645 27551 72907
internal_count=2318058 2217600 1905955 100458 311645 27551 72907
is_linear=0
shrinkage=0.00720685


Tree=60
num_leaves=8
num_cat=0
split_feature=2 15 19 2 2 21 23
split_gain=46.8927 18.0904 11.6049 10.1521 9.29242 5.27252 4.44913
threshold=-0.7029394507408141 -0.16890249401330945 -0.3523451536893844 -2.1763901710510249 0.099020682275295271 inf -0.067474786192178712
decision_type=2 2 8 2 2 8 10
left_child=3 2 -2 5 -3 -1 -5
right_child=1 4 -4 6 -6 -7 -8
leaf_value=-0.00015525880443996228 2.5464995567376096e-05 8.3820464265036314e-06 -2.8807176582026264e-05 -7.8580063136959443e-05 5.2671184565880595e-05 0.00035437553970971229 -2.5322084046265965e-05
leaf_weight=72655 317341 411707 576171 178565 611520 1069 149834
leaf_count=72655 317341 411707 576171 178565 611520 1069 149834
internal_value=-6.82848e-07 1.41614e-05 -9.53176e-06 -7.14387e-05 3.4851e-05 -0.000147864 -5.4281e-05
internal_weight=2.31886e+06 1.91674e+06 893512 402123 1.02323e+06 73724 328399
internal_count=2318862 1916739 893512 402123 1023227 73724 328399
is_linear=0
shrinkage=0.00720685


Tree=61
num_leaves=8
num_cat=0
split_feature=0 0 0 9 23 9 17
split_gain=62.2322 23.9658 8.00322 6.60135 4.48399 3.58684 2.94261
threshold=-2.1324416399002071 -0.056070694699883454 0.43244673311710363 -1.1203119754791258 0.047951031476259239 -0.75987109541892994 0.065954096615314498
decision_type=2 2 2 8 8 8 2
left_child=3 5 -3 4 -1 -2 -5
right_child=1 2 -4 6 -6 -7 -8
leaf_value=-0.00032275762955914105 -6.4057728795078784e-05 6.9689197262434043e-06 3.8826622798032734e-05 -0.00016839124638429799 -0.00016284790962253304 -2.2284212443741952e-05 -5.2135020020752019e-05
leaf_weight=22345 141864 900395 751335 37202 15381 431427 16249
leaf_count=22345 141864 900395 751335 37202 15381 431427 16249
internal_value=-3.63154e-08 7.52578e-06 2.14603e-05 -0.000184575 -0.000257568 -3.26214e-05 -0.000133052
internal_weight=2.3162e+06 2.22502e+06 1.65173e+06 91177 37726 573291 53451
internal_count=2316198 2225021 1651730 91177 37726 573291 53451
is_linear=0
shrinkage=0.00720685


Tree=62
num_leaves=8
num_cat=0
split_feature=2 15 19 2 2 21 23
split_gain=46.6248 17.1213 11.4769 8.9401 8.82307 6.95899 3.67232
threshold=-0.7029394507408141 -0.16890249401330945 -0.24528972804546353 -1.9688947200775144 0.10620573163032533 inf -0.067474786192178712
decision_type=2 2 8 2 2 8 10
left_child=3 2 -2 5 -3 -1 -5
right_child=1 4 -4 6 -6 -7 -8
leaf_value=-0.00013998606708148968 2.0549650336037859e-05 9.3302351269072686e-06 -3.1420262647411721e-05 -7.4909700812974937e-05 5.2404917188064845e-05 0.00043749984178907545 -2.5105070602135782e-05
leaf_weight=90742 397659 416400 495978 168104 607049 1096 141724
leaf_count=90742 397659 416400 495978 168104 607049 1096 141724
internal_value=-3.79558e-08 1.47544e-05 -8.29418e-06 -7.06395e-05 3.48796e-05 -0.00013309 -5.21279e-05
internal_weight=2.31875e+06 1.91709e+06 893637 401666 1.02345e+06 91838 309828
internal_count=2318752 1917086 893637 401666 1023449 91838 309828
is_linear=0
shrinkage=0.00720685


Tree=63
num_leaves=8
num_cat=0
split_feature=1 2 2 15 21 1 17
split_gain=53.5909 15.9515 15.1579 16.0467 5.96641 4.89642 3.25418
threshold=1.234394967556 -1.6629992723464964 -0.37404263019561762 -0.16890249401330945 inf 2.230474710464478 0.18724639713764193
decision_type=2 2 2 2 8 2 2
left_child=2 5 4 -4 -1 -2 -3
right_child=1 6 3 -5 -6 -7 -8
leaf_value=-2.5109970561142478e-05 -0.00015397039851689358 -8.2511849186600077e-05 -2.7440602690215048e-06 4.3319261754703073e-05 0.00040514029854805527 -0.00028883212594006419 -1.274798593257115e-05
leaf_weight=474681 43998 143004 709595 879814 1679 20501 45867
leaf_count=474681 43998 143004 709595 879814 1679 20501 45867
internal_value=-6.61604e-08 -9.89875e-05 1.20667e-05 2.27542e-05 -2.35926e-05 -0.00019684 -6.55701e-05
internal_weight=2.31914e+06 253370 2.06577e+06 1.58941e+06 476360 64499 188871
internal_count=2319139 253370 2065769 1589409 476360 64499 188871
is_linear=0
shrinkage=0.00720685


Tree=64
num_leaves=8
num_cat=0
split_feature=0 0 1 2 2 0 12
split_gain=61.3503 23.6597 11.2665 8.70997 8.51395 3.58768 2.00785
threshold=-2.1324416399002071 0.032244499772787101 -2.079299688339233 -1.596654951572418 -0.30336925387382502 -4.2645900249481192 -0.60076633095741261
decision_type=2 2 2 2 2 2 10
left_child=3 2 -2 5 -3 -1 -5
right_child=1 4 -4 6 -6 -7 -8
leaf_value=-0.00035099219995261767 0.00048942301566306818 -8.1646117377926613e-06 -2.8312303966667001e-05 -3.3234537948877413e-06 3.2969119853877273e-05 -0.00020816130974363189 -0.00013956396858154886
leaf_weight=15397 2189 334162 692886 6387 1199454 22476 46711
leaf_count=15397 2189 334162 692886 6387 1199454 22476 46711
internal_value=7.10101e-07 8.19818e-06 -2.66811e-05 -0.000182738 2.40064e-05 -0.000266236 -0.000123177
internal_weight=2.31966e+06 2.22869e+06 695075 90971 1.53362e+06 37873 53098
internal_count=2319662 2228691 695075 90971 1533616 37873 53098
is_linear=0
shrinkage=0.00720685


Tree=65
num_leaves=8
num_cat=0
split_feature=0 0 1 0 19 19 9
split_gain=59.6848 20.3618 12.5174 9.93979 7.85708 4.47863 3.54514
threshold=-1.6305455565452573 0.15537161380052569 -1.9040116071701048 -4.2645900249481192 -0.26362943649291987 -0.65374973416328419 -1.1203119754791258
decision_type=2 2 2 2 8 10 8
left_child=3 2 -2 5 -3 -1 -5
right_child=1 4 -4 6 -6 -7 -8
leaf_value=-0.00012569437585624677 0.00044632482704104524 4.4427061149760338e-05 -2.0318061332797142e-05 -0.00017728691598173908 9.2748717919777833e-06 -0.00033086437208891241 -8.7283583688700073e-05
leaf_weight=7673 2995 636782 865973 34903 686072 19767 65191
leaf_count=7673 2995 636782 865973 34903 686072 19767 65191
internal_value=-4.2573e-07 8.39297e-06 -1.87092e-05 -0.000151985 2.61961e-05 -0.0002735 -0.00011867
internal_weight=2.31936e+06 2.19182e+06 868968 127534 1.32285e+06 27440 100094
internal_count=2319356 2191822 868968 127534 1322854 27440 100094
is_linear=0
shrinkage=0.00720685


Tree=66
num_leaves=8
num_cat=0
split_feature=1 7 2 15 1 2 9
split_gain=51.7926 17.8783 14.1285 13.3296 4.06328 2.74139 2.67001
threshold=1.234394967556 0.3841512948274613 -1.3902777433395384 -0.1479510888457298 1.7260347604751589 -0.11319870129227637 -0.9160407781600951
decision_type=2 2 2 2 2 2 8
left_child=1 3 4 -1 -2 -3 -4
right_child=2 5 6 -5 -6 -7 -8
leaf_value=-6.4186417190751321e-07 -0.00011257919046993637 -5.1006967904574759e-05 -0.00010858749015240543 3.9854037933344096e-05 -0.00021907800728819798 -1.0973486740662109e-05 -4.478120385339209e-05
leaf_weight=781723 30275 213260 46354 917857 48300 152282 128473
leaf_count=781723 30275 213260 46354 917857 48300 152282 128473
internal_value=-5.37977e-07 1.13938e-05 -9.7777e-05 2.12279e-05 -0.000178046 -3.43295e-05 -6.16996e-05
internal_weight=2.31852e+06 2.06512e+06 253402 1.69958e+06 78575 365542 174827
internal_count=2318524 2065122 253402 1699580 78575 365542 174827
is_linear=0
shrinkage=0.00720685


Tree=67
num_leaves=8
num_cat=0
split_feature=0 0 0 19 15 2 2
split_gain=59.2703 16.7582 15.0342 7.13116 5.70636 5.07908 4.95848
threshold=-0.86598810553550709 -3.3786542415618892 0.38193020224571234 -0.48182919621467585 -0.140235461294651 -1.6629992723464964 -1.1570971608161924
decision_type=2 2 2 8 2 2 2
left_child=1 5 4 -4 -2 -1 -3
right_child=2 6 3 -5 -6 -7 -8
leaf_value=-0.00031162473389327253 -1.8398399868160877e-05 -0.00013090333656898674 6.697872058824773e-05 2.1781320854870847e-05 1.2733172297908051e-05 -0.00015806444561972449 -5.2874421140184929e-05
leaf_weight=22055 650236 63326 261411 591728 577322 22712 127398
leaf_count=22055 650236 63326 261411 591728 577322 22712 127398
internal_value=1.27922e-07 -0.000108238 1.23927e-05 3.56304e-05 -3.75716e-06 -0.000233723 -7.8783e-05
internal_weight=2.31619e+06 235491 2.0807e+06 853139 1.22756e+06 44767 190724
internal_count=2316188 235491 2080697 853139 1227558 44767 190724
is_linear=0
shrinkage=0.00720685


Tree=68
num_leaves=8
num_cat=0
split_feature=0 0 0 21 19 2 2
split_gain=57.9386 15.7404 14.297 10.3355 8.23422 5.72739 4.66027
threshold=-1.0035649538040159 0.3159544318914414 -3.7826954126358028 inf -0.47676406800746912 -1.1229931712150572 -2.6221795082092281
decision_type=2 2 2 8 8 2 2
left_child=2 3 6 -2 -3 -4 -1
right_child=1 4 5 -5 -6 -7 -8
leaf_value=-0.00036456739557305478 -8.3687139753211885e-06 6.3490927380391342e-05 -0.00014214251193379101 0.0004118729641332256 1.8413737244230462e-05 -5.5866483784916313e-05 -0.00018891715197349808
leaf_weight=11514 1115465 303487 62823 3047 686757 109839 24638
leaf_count=11514 1115465 303487 62823 3047 686757 109839 24638
internal_value=-3.6323e-08 1.13028e-05 -0.000114547 -7.22354e-06 3.22289e-05 -8.72587e-05 -0.000244869
internal_weight=2.31757e+06 2.10876e+06 208814 1.11851e+06 990244 172662 36152
internal_count=2317570 2108756 208814 1118512 990244 172662 36152
is_linear=0
shrinkage=0.00720685


Tree=69
num_leaves=8
num_cat=0
split_feature=7 15 19 8 18 21 4
split_gain=34.7975 18.5164 11.0502 6.7568 5.86611 4.00946 3.16461
threshold=0.41109900176525122 -0.17608820647001264 -0.2500662356615066 0.99080142378807079 1.435144901275635 inf -0.70730388164520253
decision_type=2 2 8 10 10 8 8
left_child=1 2 -1 -3 6 -6 -2
right_child=4 3 -4 -5 5 -7 -8
leaf_value=1.767188637011883e-05 -7.2925263316507484e-05 2.6614740821763187e-05 -3.3702255210325865e-05 7.9585515778372992e-05 -0.00013194461252864377 0.00037891162546756793 -3.0070652501868436e-05
leaf_weight=390689 154029 863196 490422 146265 58923 808 213638
leaf_count=390689 154029 863196 490422 146265 58923 808 213638
internal_value=-5.81573e-08 1.32184e-05 -1.09227e-05 3.429e-05 -5.87862e-05 -0.000125028 -4.80242e-05
internal_weight=2.31797e+06 1.89057e+06 881111 1.00946e+06 427398 59731 367667
internal_count=2317970 1890572 881111 1009461 427398 59731 367667
is_linear=0
shrinkage=0.00720685


Tree=70
num_leaves=8
num_cat=0
split_feature=0 0 8 2 2 17 0
split_gain=57.1658 21.6602 10.6115 6.99432 4.63032 2.71449 2.23581
threshold=-2.1324416399002071 -0.056070694699883454 1.0197500586509707 -2.1763901710510249 -0.7029394507408141 0.083295937627553954 -4.2645900249481192
decision_type=2 2 8 2 2 2 2
left_child=3 4 -3 6 -2 -5 -1
right_child=1 2 -4 5 -6 -7 -8
leaf_value=-0.00034838812616394072 -6.2791548531358643e-05 1.2954886532819071e-05 6.6408457702435081e-05 -0.00016524164547222501 -1.7949900292955726e-05 -6.0283731960446009e-05 -0.00021583578511172216
leaf_weight=11973 169760 1427232 223036 46797 404801 17619 14775
leaf_count=11973 169760 1427232 223036 46797 404801 17619 14775
internal_value=-3.37016e-07 6.91084e-06 2.01793e-05 -0.000177217 -3.1199e-05 -0.000136535 -0.00027518
internal_weight=2.31599e+06 2.22483e+06 1.65027e+06 91164 574561 64416 26748
internal_count=2315993 2224829 1650268 91164 574561 64416 26748
is_linear=0
shrinkage=0.00720685


Tree=71
num_leaves=8
num_cat=0
split_feature=0 7 0 19 23 9 6
split_gain=56.6322 18.0162 15.1047 13.7921 4.86901 3.87344 2.93901
threshold=-0.86598810553550709 0.42042088508605963 -3.0417245626449581 -0.3523451536893844 0.060419552028179176 -1.0249206423759458 0.65858763456344616
decision_type=2 2 2 8 8 8 8
left_child=2 3 4 -2 -1 -4 -3
right_child=1 6 5 -5 -6 -7 -8
leaf_value=-0.00027804205475339343 4.8044525742794232e-05 -2.006401454986142e-05 -0.00012531975913854763 6.0185887619362497e-06 -0.00014061167541192229 -5.2716874887920487e-05 -6.4289432260450477e-05
leaf_weight=27827 643970 221730 54359 1095682 25816 128137 120440
leaf_count=27827 643970 221730 54359 1095682 25816 128137 120440
internal_value=1.75504e-07 1.21729e-05 -0.000105594 2.15754e-05 -0.000211907 -7.43433e-05 -3.56311e-05
internal_weight=2.31796e+06 2.08182e+06 236139 1.73965e+06 53643 182496 342170
internal_count=2317961 2081822 236139 1739652 53643 182496 342170
is_linear=0
shrinkage=0.00720685


Tree=72
num_leaves=8
num_cat=0
split_feature=1 7 19 1 9 9 9
split_gain=47.3538 17.7019 12.8205 10.0742 4.40018 3.7147 2.25127
threshold=1.234394967556 0.57919356226921093 -0.24528972804546353 1.9916444420814516 -2.2229020595550533 -0.9160407781600951 0.45299068093299871
decision_type=2 2 8 2 8 8 8
left_child=1 2 -1 5 -5 -2 -3
right_child=3 6 -4 4 -6 -7 -8
leaf_value=3.9641634340889056e-05 -0.00011281672154824422 -5.5006523593771409e-05 1.4263669882216405e-06 -0.00026847770802075128 -0.00013410270188138299 -4.1681911169558888e-05 1.8200224492991757e-05
leaf_weight=853739 55084 209305 978595 16223 57603 123879 24356
leaf_count=853739 55084 209305 978595 16223 57603 123879 24356
internal_value=3.06561e-07 1.16988e-05 1.9232e-05 -9.27994e-05 -0.000163635 -6.35775e-05 -4.73756e-05
internal_weight=2.31878e+06 2.066e+06 1.83233e+06 252789 73826 178963 233661
internal_count=2318784 2065995 1832334 252789 73826 178963 233661
is_linear=0
shrinkage=0.00720685


Tree=73
num_leaves=8
num_cat=0
split_feature=0 7 0 19 23 23 7
split_gain=53.8558 18.1857 15.1097 14.2146 4.43598 3.79221 2.85708
threshold=-0.86598810553550709 0.42042088508605963 -3.3786542415618892 -0.3523451536893844 -0.73234149813652027 0.016754877753555778 1.4885433316230776
decision_type=2 2 2 8 8 8 2
left_child=2 3 5 -2 -4 -1 -3
right_child=1 6 4 -5 -6 -7 -8
leaf_value=-0.00028953363525547764 4.7320137115923536e-05 -2.6411085226863586e-05 -0.00015924955468301285 4.6536783763020591e-06 -6.1501743388172044e-05 -0.00015692261486603321 -7.781402982999325e-05
leaf_weight=22304 643306 271344 28291 1097359 163329 22509 70820
leaf_count=22304 643306 271344 28291 1097359 163329 22509 70820
internal_value=-7.20155e-07 1.09806e-05 -0.000103796 2.04222e-05 -7.59342e-05 -0.00022293 -3.70506e-05
internal_weight=2.31926e+06 2.08283e+06 236433 1.74066e+06 191620 44813 342164
internal_count=2319262 2082829 236433 1740665 191620 44813 342164
is_linear=0
shrinkage=0.00720685


Tree=74
num_leaves=8
num_cat=0
split_feature=1 7 19 1 9 9 9
split_gain=45.9447 16.9314 12.052 9.94607 4.4514 3.84123 2.45371
threshold=1.234394967556 0.53416383266448986 -0.24528972804546353 2.0600776672363286 -1.0249206423759458 -2.3740947246551509 0.41421413421630865
decision_type=2 2 8 2 8 8 8
left_child=1 2 -1 4 -2 -5 -3
right_child=3 6 -4 5 -6 -7 -8
leaf_value=3.8674847792715692e-05 -0.0001209544043810635 -5.1805804919879125e-05 1.3752072922467817e-06 -0.00027595597938986005 -4.32973193367299e-05 -0.00014011232322608871 1.7554498713092627e-05
leaf_weight=842401 53557 227366 965719 13709 134918 51180 29983
leaf_count=842401 53557 227366 965719 13709 134918 51180 29983
internal_value=-2.66896e-07 1.09686e-05 1.87531e-05 -9.18604e-05 -6.5365e-05 -0.000168816 -4.37247e-05
internal_weight=2.31883e+06 2.06547e+06 1.80812e+06 253364 188475 64889 257349
internal_count=2318833 2065469 1808120 253364 188475 64889 257349
is_linear=0
shrinkage=0.00720685


Tree=75
num_leaves=8
num_cat=0
split_feature=1 7 2 15 1 17 2
split_gain=47.1708 16.431 13.3611 12.3643 3.67471 3.14292 1.83621
threshold=1.234394967556 0.56373545527458202 -1.596654951572418 -0.16890249401330945 2.230474710464478 0.032609129324555404 0.14171001315116885
decision_type=2 2 2 2 2 2 2
left_child=1 3 4 -1 -2 -4 -3
right_child=2 6 5 -5 -6 -7 -8
leaf_value=-1.691170848406173e-06 -0.00014367455778511716 -5.642789407542049e-05 -8.1135438021503347e-05 3.6015067645970605e-05 -0.00025851622663256279 -1.7237310238430575e-05 -1.1982740409512387e-05
leaf_weight=821257 46434 175137 127055 1003715 21029 58340 66657
leaf_count=821257 46434 175137 127055 1003715 21029 58340 66657
internal_value=2.82777e-07 1.16503e-05 -9.26309e-05 1.90468e-05 -0.000179476 -6.10283e-05 -4.41756e-05
internal_weight=2.31962e+06 2.06677e+06 252858 1.82497e+06 67463 185395 241794
internal_count=2319624 2066766 252858 1824972 67463 185395 241794
is_linear=0
shrinkage=0.00720685


Tree=76
num_leaves=8
num_cat=0
split_feature=7 19 15 9 15 6 18
split_gain=31.4154 16.8027 10.4298 7.67811 6.3136 4.08599 3.48327
threshold=0.41109900176525122 -0.15445909649133679 -0.16203631460666654 -1.4064104557037351 0.20061492174863818 0.56457972526550304 -1.0212358236312864
decision_type=2 8 2 8 2 8 10
left_child=1 4 -3 6 -1 -5 -2
right_child=3 2 -4 5 -6 -7 -8
leaf_value=1.9439859843994448e-05 0.00016462172953210104 -3.5240916761971948e-05 1.4352777146867053e-05 -1.8016050867042354e-05 5.6842045191510109e-05 -7.0539173515325558e-05 -0.00011645639817239714
leaf_weight=640339 2343 431515 449861 199457 369774 125229 99523
leaf_count=640339 2343 431515 449861 199457 369774 125229 99523
internal_value=4.68158e-07 1.30673e-05 -9.9279e-06 -5.54009e-05 3.31318e-05 -3.82741e-05 -0.00010999
internal_weight=2.31804e+06 1.89149e+06 881376 426552 1.01011e+06 324686 101866
internal_count=2318041 1891489 881376 426552 1010113 324686 101866
is_linear=0
shrinkage=0.00720685


Tree=77
num_leaves=8
num_cat=0
split_feature=1 7 2 19 1 19 2
split_gain=46.9644 17.2023 12.9688 12.769 3.18259 3.07549 1.95193
threshold=1.2870455384254458 0.61089587211608898 -1.596654951572418 -0.16344155371189115 2.230474710464478 -0.13066927343606946 -0.12078211456537245
decision_type=2 2 2 8 2 10 2
left_child=1 3 4 -1 -2 -4 -3
right_child=2 6 5 -5 -6 -7 -8
leaf_value=3.5589797718082821e-05 -0.00014843305317081712 -6.5767750556698534e-05 -3.707737753323098e-05 -2.2605437353218464e-06 -0.00025625972820294976 -9.9115507517003807e-05 -2.1802906462278982e-05
leaf_weight=995797 43657 137918 96890 865077 21090 72609 84642
leaf_count=995797 43657 137918 96890 865077 21090 72609 84642
internal_value=-4.56422e-08 1.08324e-05 -9.67968e-05 1.7994e-05 -0.000183559 -6.36535e-05 -4.90477e-05
internal_weight=2.31768e+06 2.08343e+06 234246 1.86087e+06 64747 169499 222560
internal_count=2317680 2083434 234246 1860874 64747 169499 222560
is_linear=0
shrinkage=0.00720685


Tree=78
num_leaves=8
num_cat=0
split_feature=0 2 0 2 0 0 23
split_gain=52.8918 20.8835 11.4394 7.23706 5.09529 3.96785 2.59458
threshold=-1.9808016419410703 -0.37404263019561762 0.40944284200668341 -1.6629992723464964 -0.68610855937004078 -4.2645900249481192 -0.67424219846725453
decision_type=2 2 2 2 2 2 8
left_child=3 4 -3 5 -2 -1 -5
right_child=1 2 -4 6 -6 -7 -8
leaf_value=-0.00033046692534817554 -8.0145497947914875e-05 4.5024297743200854e-06 4.3005463252730053e-05 -0.00022254822786861247 -2.1316255636109703e-05 -0.00018096103197834843 -9.3134409004238335e-05
leaf_weight=15041 91644 992883 672054 9521 461733 23840 51964
leaf_count=15041 91644 992883 672054 9521 461733 23840 51964
internal_value=-2.54388e-08 7.29609e-06 2.00443e-05 -0.000161847 -3.10591e-05 -0.000238804 -0.000113178
internal_weight=2.31868e+06 2.21831e+06 1.66494e+06 100366 553377 38881 61485
internal_count=2318680 2218314 1664937 100366 553377 38881 61485
is_linear=0
shrinkage=0.00720685


Tree=79
num_leaves=8
num_cat=0
split_feature=1 7 19 2 1 6 17
split_gain=44.2148 15.6312 13.0131 11.8921 3.32298 3.12466 3.07444
threshold=1.3395610451698305 0.3841512948274613 -0.25939051806926722 -1.3447799086570738 2.230474710464478 0.64834865927696239 0.041037227958440788
decision_type=2 2 8 2 2 8 2
left_child=1 2 -1 4 -2 -3 -5
right_child=3 5 -4 6 -6 -7 -8
leaf_value=4.0308748807093217e-05 -0.00013944745972277418 -1.7427716329286789e-05 5.5530038398619497e-07 -8.2309758936683966e-05 -0.0002427510290617702 -6.095465131557479e-05 -9.6909286840159413e-06
leaf_weight=782066 50201 243931 943827 99676 23866 132023 43494
leaf_count=782066 50201 243931 943827 99676 23866 132023 43494
internal_value=-7.20383e-07 9.39629e-06 1.85691e-05 -9.86026e-05 -0.000172737 -3.27132e-05 -6.02491e-05
internal_weight=2.31908e+06 2.10185e+06 1.72589e+06 217237 74067 375954 143170
internal_count=2319084 2101847 1725893 217237 74067 375954 143170
is_linear=0
shrinkage=0.00720685


Tree=80
num_leaves=8
num_cat=0
split_feature=0 7 19 0 19 2 2
split_gain=51.4242 18.1465 13.4313 11.2619 3.98855 3.47898 2.4057
threshold=-1.2280985713005064 0.56373545527458202 -0.15445909649133679 -3.7826954126358028 0.044832209125161178 -0.68630117177963246 0.21184600144624713
decision_type=2 2 8 2 10 2 2
left_child=3 2 -2 4 -1 -5 -3
right_child=1 6 -4 5 -6 -7 -8
leaf_value=-0.00018289726710099671 3.4505182119013442e-05 -5.9919556480704358e-05 -4.0738320854421233e-06 -0.00012623017781752239 -0.00034678116028989594 -5.3390133862783829e-05 -8.6801289649149105e-06
leaf_weight=25063 1017724 196820 868862 69160 11146 67105 62770
leaf_count=25063 1017724 196820 868862 69160 11146 67105 62770
internal_value=-6.57236e-07 8.96423e-06 1.67377e-05 -0.000120381 -0.000233353 -9.03602e-05 -4.75298e-05
internal_weight=2.31865e+06 2.14618e+06 1.88659e+06 172474 36209 136265 259590
internal_count=2318650 2146176 1886586 172474 36209 136265 259590
is_linear=0
shrinkage=0.00720685


Tree=81
num_leaves=8
num_cat=0
split_feature=2 15 2 2 7 21 23
split_gain=39.141 15.8356 8.70142 8.02853 6.06423 5.22414 4.38816
threshold=-0.7029394507408141 -0.16203631460666654 -2.3092164993286128 0.099020682275295271 -0.7049536108970641 inf -0.067474786192178712
decision_type=2 2 2 2 2 8 10
left_child=2 4 5 -3 -2 -1 -4
right_child=1 3 6 -5 -6 -7 -8
leaf_value=-0.00014973475057890849 -5.3036874521378956e-05 8.8551394528826529e-06 -7.338372442300807e-05 5.0167818762589922e-05 -2.0987335041182436e-07 0.00036724551677068368 -2.1256559390980481e-05
leaf_weight=62783 132277 408959 184017 606895 768999 1031 154138
leaf_count=62783 132277 408959 184017 606895 768999 1031 154138
internal_value=4.69414e-07 1.40267e-05 -6.41898e-05 3.35364e-05 -7.96318e-06 -0.000141377 -4.96233e-05
internal_weight=2.3191e+06 1.91713e+06 401969 1.01585e+06 901276 63814 338155
internal_count=2319099 1917130 401969 1015854 901276 63814 338155
is_linear=0
shrinkage=0.00720685


Tree=82
num_leaves=8
num_cat=0
split_feature=0 0 0 1 19 9 19
split_gain=50.8212 13.9601 12.2982 9.53484 7.49306 4.11738 3.88008
threshold=-1.0035649538040159 0.3159544318914414 -3.7826954126358028 -1.9841874241828916 -0.48182919621467585 -1.0565716028213499 -0.65374973416328419
decision_type=2 2 2 2 8 8 10
left_child=2 3 6 -2 -3 -4 -1
right_child=1 4 5 -5 -6 -7 -8
leaf_value=-0.00010638788543708591 0.00040369885103062767 6.0369551768312522e-05 -0.0001344308946037179 -7.9636951963131392e-06 1.7209754181693382e-05 -5.83906097466754e-05 -0.00027436122723807887
leaf_weight=9823 2929 299434 53770 1116704 691207 118492 26196
leaf_count=9823 2929 299434 53770 1116704 691207 118492 26196
internal_value=-5.08774e-08 1.05493e-05 -0.000107451 -6.88641e-06 3.02554e-05 -8.21266e-05 -0.000228557
internal_weight=2.31856e+06 2.11027e+06 208281 1.11963e+06 990641 172262 36019
internal_count=2318555 2110274 208281 1119633 990641 172262 36019
is_linear=0
shrinkage=0.00720685


Tree=83
num_leaves=8
num_cat=0
split_feature=0 7 0 0 9 6 17
split_gain=50.9034 18.3044 13.3597 7.27895 3.35723 2.99581 2.8907
threshold=-1.7323486804962156 0.53416383266448986 0.43244673311710363 -4.2645900249481192 -1.9781323075294492 0.67999640107154857 0.015889565460383896
decision_type=2 2 2 2 8 8 2
left_child=3 2 -2 6 -5 -3 -1
right_child=1 5 -4 4 -6 -7 -8
leaf_value=-0.00029094657919899117 1.884781121963826e-06 -2.7759866100047695e-05 4.154995591167776e-05 -0.00020320584459879821 -9.2663684351473104e-05 -7.5967264553496866e-05 -0.0001206002658185802
leaf_weight=20527 1217795 185000 691443 17710 73481 104933 6921
leaf_count=20527 1217795 185000 691443 17710 73481 104933 6921
internal_value=3.02903e-07 8.14742e-06 1.62498e-05 -0.000145107 -0.000114134 -4.52074e-05 -0.000248
internal_weight=2.31781e+06 2.19917e+06 1.90924e+06 118639 91191 289933 27448
internal_count=2317810 2199171 1909238 118639 91191 289933 27448
is_linear=0
shrinkage=0.00720685


Tree=84
num_leaves=8
num_cat=0
split_feature=1 7 2 19 1 1 2
split_gain=44.436 15.0522 13.352 12.3427 3.14775 3.12729 1.744
threshold=1.234394967556 0.56373545527458202 -1.9688947200775144 -0.3523451536893844 2.8351505994796757 1.9916444420814516 -0.10516050457954405
decision_type=2 2 2 8 2 2 2
left_child=1 3 4 -1 -2 -4 -3
right_child=2 6 5 -5 -6 -7 -8
leaf_value=4.2682806521741206e-05 -0.00017648543969270782 -5.7386223427899611e-05 -4.7511463227678024e-05 3.9172433431893658e-06 -0.00037744360228735675 -0.00011372968217194623 -1.7534033067971625e-05
leaf_weight=680313 46702 149290 153019 1143817 4433 48876 92298
leaf_count=680313 46702 149290 153019 1143817 4433 48876 92298
internal_value=2.53439e-07 1.12952e-05 -8.98902e-05 1.8375e-05 -0.000193914 -6.35426e-05 -4.2161e-05
internal_weight=2.31875e+06 2.06572e+06 253030 1.82413e+06 51135 201895 241588
internal_count=2318748 2065718 253030 1824130 51135 201895 241588
is_linear=0
shrinkage=0.00720685


Tree=85
num_leaves=8
num_cat=0
split_feature=9 19 9 4 25 17 12
split_gain=29.2857 12.2203 6.25179 5.9381 5.79673 4.03593 2.84109
threshold=-1.0249206423759458 -0.16344155371189115 -3.3707821369171138 -0.93044006824493397 0.18139491230249408 0.41568064689636236 0.30127145349979406
decision_type=10 8 8 10 10 2 10
left_child=2 3 6 -2 -3 -4 -1
right_child=1 4 5 -5 -6 -7 -8
leaf_value=-8.386501562820752e-05 -1.3606367264724971e-05 -1.9932780171848018e-05 -6.7830222694196843e-05 3.3891802275082324e-05 1.9768747037620966e-05 6.9307118521531967e-06 -0.00023544222767217683
leaf_weight=11063 160953 682212 232830 907371 265288 44705 15318
leaf_count=11063 160953 682212 232830 907371 265288 44705 15318
internal_value=8.22028e-08 1.00249e-05 -6.58659e-05 2.67357e-05 -8.81682e-06 -5.57877e-05 -0.000171884
internal_weight=2.31974e+06 2.01582e+06 303916 1.06832e+06 947500 277535 26381
internal_count=2319740 2015824 303916 1068324 947500 277535 26381
is_linear=0
shrinkage=0.00720685


Tree=86
num_leaves=8
num_cat=0
split_feature=1 15 21 19 9 4 1
split_gain=39.4792 13.5367 11.2087 9.23838 8.92247 4.21884 2.51891
threshold=1.3693492412567141 -0.12590241432189939 inf -0.27723805606365198 -1.4580796360969541 0.095073133707046523 1.8722546696662905
decision_type=2 2 8 8 8 8 2
left_child=1 3 -3 -1 6 -6 -2
right_child=4 2 -4 -5 5 -7 -8
leaf_value=1.5879436995073481e-05 -0.00011856575745534712 2.6521030101889361e-05 0.00048473929338420965 -2.7420370955878494e-05 -8.893777612651308e-05 -2.6510345668682917e-06 -0.00021903781474663452
leaf_weight=449130 22906 1063175 2779 594934 115342 39513 29866
leaf_count=449130 22906 1063175 2779 594934 115342 39513 29866
internal_value=3.19952e-07 9.65048e-06 2.77161e-05 -8.79386e-06 -9.45015e-05 -6.69211e-05 -0.000175431
internal_weight=2.31764e+06 2.11002e+06 1.06595e+06 1.04406e+06 207627 154855 52772
internal_count=2317645 2110018 1065954 1044064 207627 154855 52772
is_linear=0
shrinkage=0.00720685


end of trees

feature_importances:
LOW_TURNOVER=144
INTRADAY_REV10=87
LN_TURNOVER=74
MACD_LINE=67
CURRENT_RATIO=52
REV60=47
BP=28
VSTD5=24
EP=22
Q_SALES_YOY=20
CORD60=13
AMIHUD_20=8
CORR60=6
RET_AMT_CORR20=5
MAX_DD60=5
ROE_YOY=3
VOL_CV20=1
RET_VOL_CORR5=1
VOL_OF_VOL_20=1
UP_DOWN_RATIO20=1

parameters:
[boosting: gbdt]
[objective: regression]
[metric: l2]
[tree_learner: serial]
[device_type: cpu]
[data_sample_strategy: bagging]
[data: ]
[valid: ]
[num_iterations: 1000]
[learning_rate: 0.00720685]
[num_leaves: 43]
[num_threads: 8]
[seed: 42]
[deterministic: 0]
[force_col_wise: 0]
[force_row_wise: 0]
[histogram_pool_size: -1]
[max_depth: 3]
[min_data_in_leaf: 76]
[min_sum_hessian_in_leaf: 0.001]
[bagging_fraction: 0.712041]
[pos_bagging_fraction: 1]
[neg_bagging_fraction: 1]
[bagging_freq: 1]
[bagging_seed: 400]
[bagging_by_query: 0]
[feature_fraction: 0.587027]
[feature_fraction_bynode: 1]
[feature_fraction_seed: 30056]
[extra_trees: 0]
[extra_seed: 12879]
[early_stopping_round: 0]
[early_stopping_min_delta: 0]
[first_metric_only: 0]
[max_delta_step: 0]
[lambda_l1: 0.0035701]
[lambda_l2: 0.944352]
[linear_lambda: 0]
[min_gain_to_split: 0]
[drop_rate: 0.1]
[max_drop: 50]
[skip_drop: 0.5]
[xgboost_dart_mode: 0]
[uniform_drop: 0]
[drop_seed: 17869]
[top_rate: 0.2]
[other_rate: 0.1]
[min_data_per_group: 100]
[max_cat_threshold: 32]
[cat_l2: 10]
[cat_smooth: 10]
[max_cat_to_onehot: 4]
[top_k: 20]
[monotone_constraints: ]
[monotone_constraints_method: basic]
[monotone_penalty: 0]
[feature_contri: ]
[forcedsplits_filename: ]
[refit_decay_rate: 0.9]
[cegb_tradeoff: 1]
[cegb_penalty_split: 0]
[cegb_penalty_feature_lazy: ]
[cegb_penalty_feature_coupled: ]
[path_smooth: 0]
[interaction_constraints: ]
[verbosity: -1]
[saved_feature_importance_type: 0]
[use_quantized_grad: 0]
[num_grad_quant_bins: 4]
[quant_train_renew_leaf: 0]
[stochastic_rounding: 1]
[linear_tree: 0]
[max_bin: 255]
[max_bin_by_feature: ]
[min_data_in_bin: 3]
[bin_construct_sample_cnt: 200000]
[data_random_seed: 175]
[is_enable_sparse: 1]
[enable_bundle: 1]
[use_missing: 1]
[zero_as_missing: 0]
[feature_pre_filter: 1]
[pre_partition: 0]
[two_round: 0]
[header: 0]
[label_column: ]
[weight_column: ]
[group_column: ]
[ignore_column: ]
[categorical_feature: ]
[forcedbins_filename: ]
[precise_float_parser: 0]
[parser_config_file: ]
[objective_seed: 16083]
[num_class: 1]
[is_unbalance: 0]
[scale_pos_weight: 1]
[sigmoid: 1]
[boost_from_average: 1]
[reg_sqrt: 0]
[alpha: 0.9]
[fair_c: 1]
[poisson_max_delta_step: 0.7]
[tweedie_variance_power: 1.5]
[lambdarank_truncation_level: 30]
[lambdarank_norm: 1]
[label_gain: ]
[lambdarank_position_bias_regularization: 0]
[eval_at: ]
[multi_error_top_k: 1]
[auc_mu_weights: ]
[num_machines: 1]
[local_listen_port: 12400]
[time_out: 120]
[machine_list_filename: ]
[machines: ]
[gpu_platform_id: -1]
[gpu_device_id: -1]
[gpu_use_dp: 0]
[num_gpu: 1]

end of parameters

pandas_categorical:[]
