tree
version=v4
num_class=1
num_tree_per_iteration=1
label_index=0
max_feature_idx=24
objective=regression
feature_names=LOW_TURNOVER LN_TURNOVER CORR20 VOL_CV20 RET_AMT_CORR20 KLOW CONSEC_UP5 CORD60 RET_VOL_CORR5 OBV_CHG_20 CORD5 AMIHUD_20 VOL_OF_VOL_20 CORR60 VOL_PRICE_DIVERGENCE BP EP CNTD10 IMAX60 WVMA30 MAX_DD60 CNTD60 Q_SALES_YOY VSTD5 NEG_SKEW_20
feature_infos=[-7.241234302520752:3.1086151599884033] [-8.0403404235839844:3.8948028087615967] [-4.099942684173584:3.3315727710723877] [-5.684938907623291:2.8745608329772949] [-3.8764467239379883:3.9907660484313965] [-3.0910501480102539:5.766939640045166] [-6.411292552947998:4.0757913589477539] [-3.9711463451385498:3.528003454208374] [-3.2627918720245361:4.3599057197570801] [-8.1933298110961914:8.5157012939453125] [-4.3383655548095703:3.457120418548584] [-2.8163650035858154:6.8266382217407227] [-5.8616580963134766:2.602968692779541] [-3.9663534164428711:3.1440823078155518] [-2.9550585746765137:3.6927938461303711] [-3.453726053237915:6.244135856628418] [-4.9623689651489258:7.4565973281860352] [-3.9481244087219238:4.0511474609375] [-2.9907293319702148:4.2173328399658203] [-2.1848008632659912:5.3742237091064453] [-2.9275999069213867:5.2423291206359863] [-3.4577701091766357:3.9144527912139893] [-3.5352890491485596:7.7296223640441895] [-3.1183216571807861:6.2040047645568848] [-5.4279108047485352:4.3453817367553711]
tree_sizes=1370 1359 1383 1394 1348 1365 1348 1335 1370 1376 1381 1387 1364 1337 1359 1364 1361 1321 1362 1340 1342 1368 1370 1366 1368 1348 1370 1356 1388 1365 1377 1350 1362 1358 1356 1382 1384 1359 1339 1380 1356 1371 1390 1359 1361 1392 1375 1343 1381 1357

Tree=0
num_leaves=12
num_cat=0
split_feature=20 2 15 9 6 12 8 9 15 11 11
split_gain=76.3247 21.9875 13.6958 13.7751 12.1662 7.16344 6.99444 5.57226 4.1997 3.87828 3.81857
threshold=inf 0.51169490814208995 -0.10299967229366301 0.33672814071178442 -2.1005469560623165 0.14809939265251162 -0.46566459536552424 0.034563049674034126 -0.64463493227958668 0.38968214392662054 0.36202487349510198
decision_type=8 8 2 8 2 10 8 8 2 8 10
left_child=1 6 3 -2 -3 10 -1 9 -5 -8 -6
right_child=2 4 -4 8 5 -7 7 -9 -10 -11 -12
leaf_value=-0.00017849480671300845 -3.8272124741860967e-05 -0.00027328623629283726 1.6307594711027215e-05 -0.00020889151405940198 -0.00021806338633801936 -0.0001721068135640564 -0.00016845493501684234 -0.00013315851788714672 -9.7719318422196343e-05 -0.00014034364550298957 -0.00018185844391518092
leaf_weight=449565 59661 52864 52705 23475 248565 304974 523721 266590 15406 180692 117535
leaf_count=449565 59661 52864 52705 23475 248565 304974 523721 266590 15406 180692 117535
internal_value=-0.000165381 -0.000173393 -5.17828e-05 -8.82107e-05 -0.000196861 -0.00019084 -0.000161433 -0.000153533 -0.000164861 -0.000161245 -0.000206442
internal_weight=2.29575e+06 2.14451e+06 151247 98542 723938 671074 1.42057e+06 971003 38881 704413 366100
internal_count=2295753 2144506 151247 98542 723938 671074 1420568 971003 38881 704413 366100
is_linear=0
shrinkage=1


Tree=1
num_leaves=12
num_cat=0
split_feature=6 8 6 9 15 18 9 21 6 13 21
split_gain=22.3323 18.12 6.08136 5.56593 5.45564 4.24296 5.04584 4.1559 2.92894 2.64555 6.30325
threshold=-2.1005469560623165 -0.44586038589477534 0.085619263350963606 -4.1789579391479483 -0.31375758349895472 0.27956579625606542 0.06029955297708512 1.4998828172683718 -3.7298059463500972 inf 0.0066921154502779254
decision_type=2 10 2 10 2 8 8 2 2 8 2
left_child=4 2 9 7 8 6 -5 -3 -1 -2 -11
right_child=1 3 -4 5 -6 -7 -8 -9 -10 10 -12
leaf_value=-0.00020203428424243175 -2.3804463112391031e-05 0.00015829591295262808 1.6374499233167269e-06 1.3215148576203898e-05 -3.8788419638735831e-05 1.3936142199203749e-07 4.1416824591653827e-05 -3.2313794481790144e-05 -9.886391346327127e-05 2.0320339022700753e-05 -0.00013475848880213463
leaf_weight=9479 487769 12462 343716 683263 44402 410313 232947 4173 37144 11745 18405
leaf_count=9479 487769 12462 343716 683263 44402 410313 232947 4173 37144 11745 18405
internal_value=-1.15757e-08 3.3038e-06 -1.54232e-05 1.53178e-05 -8.03239e-05 1.41243e-05 2.03864e-05 0.000110433 -0.000119861 -2.6747e-05 -7.43221e-05
internal_weight=2.29582e+06 2.20479e+06 861635 1.34316e+06 91025 1.32652e+06 916210 16635 46623 517919 30150
internal_count=2295818 2204793 861635 1343158 91025 1326523 916210 16635 46623 517919 30150
is_linear=0
shrinkage=0.00523217


Tree=2
num_leaves=12
num_cat=0
split_feature=4 6 6 12 7 15 19 2 14 8 15
split_gain=31.0971 9.45199 8.50862 5.18511 4.97709 4.21681 4.1641 4.4648 3.35767 3.13858 2.90375
threshold=-0.20849499851465222 -2.1005469560623165 -2.6423264741897579 0.14809939265251162 inf -0.4439090341329574 -0.68685331940650929 0.45023012161254888 -2.1262230873107906 -0.60834860801696766 -0.31375758349895472
decision_type=10 2 2 10 8 2 10 8 2 8 2
left_child=1 10 -2 4 5 -3 -4 -8 -6 -5 -1
right_child=2 3 6 9 8 -7 7 -9 -10 -11 -12
leaf_value=-0.00011676188915915093 -0.00010792222871323328 -4.6979496746527957e-05 3.5790102482558855e-06 -2.1582022694805559e-05 -0.00030116134048029759 -1.3978037735220865e-05 3.1103909682036116e-05 7.7508334449064535e-07 -8.5063264918507089e-05 5.0789858453817613e-06 -4.7583434998736957e-05
leaf_weight=32063 14498 160598 325358 193552 2208 312066 717544 163145 18398 321843 34587
leaf_count=32063 14498 160598 325358 193552 2208 312066 717544 163145 18398 321843 34587
internal_value=-1.1984e-08 -2.05276e-05 1.80619e-05 -1.65391e-05 -2.86653e-05 -2.51928e-05 1.95771e-05 2.54865e-05 -0.000108274 -4.93179e-06 -8.08763e-05
internal_weight=2.29586e+06 1.07532e+06 1.22054e+06 1.00866e+06 493270 472664 1.20605e+06 880689 20606 515395 66650
internal_count=2295860 1075315 1220545 1008665 493270 472664 1206047 880689 20606 515395 66650
is_linear=0
shrinkage=0.00523217


Tree=3
num_leaves=12
num_cat=0
split_feature=2 10 10 11 16 5 15 8 7 24 11
split_gain=26.0954 8.4213 7.22877 5.53161 5.14698 3.5558 3.17021 3.20795 2.92623 2.77974 2.7382
threshold=0.50286775827407848 0.51335394382476818 0.45518304407596594 0.21204243600368503 -0.068469498306512819 1.0317192077636721 -0.34025956690311426 -2.2516490221023555 0.028024633415043358 0.033893547952175147 0.36202487349510198
decision_type=8 8 10 10 2 8 2 8 10 10 8
left_child=1 3 4 8 5 -2 -4 -8 -1 -7 -3
right_child=2 10 6 -5 -6 9 7 -9 -10 -11 -12
leaf_value=2.0585988086510022e-05 -1.1631555610170005e-05 -1.4173490571240238e-05 -6.4364484680562309e-05 3.8837535294874542e-05 7.5226833562312139e-06 -6.8549897264958592e-05 0.00010887651354898163 -3.371419617993825e-05 -1.2825842644376061e-06 -8.3469692370970513e-06 1.4536323972562493e-05
leaf_weight=474031 158993 326106 125188 323488 213046 72808 4420 183035 258940 29549 126088
leaf_count=474031 158993 326106 125188 323488 213046 72808 4420 183035 258940 29549 126088
internal_value=-1.38735e-08 1.2727e-05 -2.44375e-05 2.08146e-05 -1.15624e-05 -2.71232e-05 -4.3971e-05 -3.03471e-05 1.28593e-05 -5.11783e-05 -6.16637e-06
internal_weight=2.29569e+06 1.50865e+06 787039 1.05646e+06 474396 261350 312643 187455 732971 102357 452194
internal_count=2295692 1508653 787039 1056459 474396 261350 312643 187455 732971 102357 452194
is_linear=0
shrinkage=0.00523217


Tree=4
num_leaves=12
num_cat=0
split_feature=20 1 1 1 4 18 18 1 22 9 6
split_gain=75.0405 38.847 37.6282 33.9084 20.6711 11.7195 16.573 10.0613 9.3192 8.87026 7.49386
threshold=inf -0.28757840394973749 -2.8444726467132564 0.54923850297927868 -0.20849499851465222 0.15792692452669146 -0.76004347205162037 -0.52048322558403004 6.4775207042694101 0.034563049674034126 -2.6423264741897579
decision_type=8 2 2 2 10 10 8 2 8 8 2
left_child=1 2 -1 5 -3 6 -2 -4 -8 -6 -11
right_child=3 4 7 -5 9 -7 8 -9 -10 10 -12
leaf_value=-1.8952094354941138e-05 8.5364574332456733e-05 -3.6031911747447778e-05 0.00013928571357347351 -6.314992473952125e-06 -1.0167535773100022e-05 7.4331551022978795e-05 -3.4663133271955934e-05 5.3505126946695625e-05 0.0002677343805866394 -0.00014320505680727173 2.8871448202158647e-05
leaf_weight=121485 24377 827246 91214 45749 764894 28871 2952 63552 49304 7109 268864
leaf_count=121485 24377 827246 91214 45749 764894 28871 2952 63552 49304 7109 268864
internal_value=0 -7.94506e-06 4.99651e-05 0.000112635 -1.65091e-05 0.000164222 0.000198076 0.000104067 0.000250636 -9.92235e-07 2.44353e-05
internal_weight=2.29562e+06 2.14436e+06 276251 151253 1.86811e+06 105504 76633 154766 52256 1.04087e+06 275973
internal_count=2295617 2144364 276251 151253 1868113 105504 76633 154766 52256 1040867 275973
is_linear=0
shrinkage=0.00523217


Tree=5
num_leaves=12
num_cat=0
split_feature=0 1 0 9 2 1 1 1 1 8 9
split_gain=36.538 23.8934 40.0899 14.2179 13.4189 8.82527 8.79001 7.42192 9.93018 5.51656 5.52364
threshold=-1.4524655342102049 -0.28757840394973749 0.053010379895567901 inf 0.33781629800796514 0.89697337150573742 0.43224366009235388 1.4703833460807803 0.79882642626762401 -0.44586038589477534 0.052475541830062873
decision_type=2 2 2 8 8 2 2 2 2 10 8
left_child=7 2 -2 4 9 -6 -5 8 -1 -3 -11
right_child=1 3 -4 6 5 -7 -8 -9 -10 10 -12
leaf_value=-5.1709393037000721e-05 -3.5227831206820922e-05 -8.5150238264453255e-06 9.5410404162279649e-05 0.00036263918348532475 -2.3560078754868747e-05 0.00010852791942539388 5.3932415639507239e-05 3.5514151917693864e-05 -0.00014502465246804655 8.0124878776174666e-06 3.9707578856965227e-05
leaf_weight=67949 98493 369053 185232 4604 675396 14134 5607 13254 57815 603758 200559
leaf_count=67949 98493 369053 185232 4604 675396 14134 5607 13254 57815 603758 200559
internal_value=1.2872e-08 5.31243e-06 5.00575e-05 -1.46483e-06 -2.53254e-06 -2.08512e-05 0.000193229 -8.22022e-05 -9.46147e-05 8.23172e-06 1.59168e-05
internal_weight=2.29585e+06 2.15684e+06 283725 1.87311e+06 1.8629e+06 689530 10211 139018 125764 1.17337e+06 804317
internal_count=2295854 2156836 283725 1873111 1862900 689530 10211 139018 125764 1173370 804317
is_linear=0
shrinkage=0.00523217


Tree=6
num_leaves=12
num_cat=0
split_feature=0 8 9 7 0 0 18 0 9 13 16
split_gain=36.225 16.5915 9.94606 7.34552 6.79427 6.32038 5.23726 5.16673 4.66535 4.54459 4.21134
threshold=-1.4524655342102049 -0.46566459536552424 inf 0.0096143111586570757 -4.3164000511169425 0.053010379895567901 2.8316935300827031 0.049903945997357375 0.068347126245498671 inf -0.34092842042446131
decision_type=2 10 8 8 2 2 8 2 10 8 2
left_child=4 5 3 8 -1 9 -7 -4 -3 -2 -6
right_child=1 2 7 -5 10 6 -8 -9 -10 -11 -12
leaf_value=-0.00015540465285961133 -2.3921772299829347e-05 1.9223471765787042e-05 0.00010375096223684459 1.4258269612056177e-06 -0.00010190802254049985 -3.6111743057210886e-06 9.7965184910735664e-05 0.00041049904569611805 4.9896463778730438e-05 -9.0242217884176746e-05 -3.660143237554298e-05
leaf_weight=27578 325770 579555 3863 560863 46179 461373 14326 2471 177348 30987 65336
leaf_count=27578 325770 579555 3863 560863 46179 461373 14326 2471 177348 30987 65336
internal_value=-1.26693e-08 5.26544e-06 1.67728e-05 1.57778e-05 -8.18518e-05 -1.30371e-05 -5.50209e-07 0.0002236 2.64115e-05 -2.96847e-05 -6.36533e-05
internal_weight=2.29565e+06 2.15656e+06 1.3241e+06 1.31777e+06 139093 832456 475699 6334 756903 356757 111515
internal_count=2295649 2156556 1324100 1317766 139093 832456 475699 6334 756903 356757 111515
is_linear=0
shrinkage=0.00523217


Tree=7
num_leaves=12
num_cat=0
split_feature=1 1 6 10 1 3 3 5 5 1 15
split_gain=29.4667 36.2504 19.0344 14.5569 7.18006 6.13809 5.55569 5.42781 5.42294 12.0638 5.23401
threshold=-0.28757840394973749 -3.1025558710098262 -2.1005469560623165 0.43569143116474157 -0.52048322558403004 -0.11934812739491461 0.19152323156595233 3.2488144636154179 -0.054676152765750878 -3.8521488904952998 0.69749164581298839
decision_type=2 2 2 8 2 10 10 8 8 2 2
left_child=1 6 10 5 7 -4 8 -3 9 -1 -2
right_child=2 4 3 -5 -6 -7 -8 -9 -10 -11 -12
leaf_value=0.0048271546068455783 -0.00010329929273343308 0.00014171840345543604 -1.1888699832775827e-05 -2.2753647712131187e-05 5.2781532517686416e-05 1.4369585582706937e-05 5.3725589367193353e-05 5.1674211377567346e-05 -4.3111669652333898e-05 0 -5.6423931806376174e-06
leaf_weight=19 69219 86642 334820 693541 63612 895305 20357 23284 89752 47 19212
leaf_count=19 69219 86642 334820 693541 63612 895305 20357 23284 89752 47 19212
internal_value=2.73646e-09 4.99218e-05 -7.03566e-06 -3.58483e-06 9.70466e-05 7.22185e-06 -2.4298e-05 0.000122654 -4.19912e-05 0.00144364 -8.20924e-05
internal_weight=2.29581e+06 283713 2.0121e+06 1.92367e+06 173538 1.23012e+06 110175 109926 89818 66 88431
internal_count=2295810 283713 2012097 1923666 173538 1230125 110175 109926 89818 66 88431
is_linear=0
shrinkage=0.00523217


Tree=8
num_leaves=12
num_cat=0
split_feature=0 22 1 0 1 2 1 1 1 22 1
split_gain=35.6989 42.5096 29.3312 40.3282 11.6363 12.6085 7.89891 7.36331 9.84969 6.03313 5.65029
threshold=-1.4524655342102049 inf -0.28757840394973749 0.053010379895567901 0.84333297610282909 0.49429748952388769 0.42365781962871557 1.4703833460807803 0.79882642626762401 4.7087836265563974 -0.47350643575191492
decision_type=2 8 2 2 2 8 2 2 2 8 2
left_child=7 2 3 -2 5 -4 -3 8 9 -1 -5
right_child=1 6 4 10 -6 -7 -8 -9 -10 -11 -12
leaf_value=-8.3491143504926303e-05 -3.6448167623851947e-05 0.0001098241780114157 -1.9066304798992644e-06 0.00011547796691099202 9.0315696216255523e-05 -3.3150796818911017e-05 2.9370823133112671e-05 3.6079957160816553e-05 -0.00014380540951256936 2.3598529447745093e-05 4.9872213273820912e-05
leaf_weight=47287 97047 115665 1186830 124469 31474 503655 47019 13239 57821 20693 50601
leaf_count=47287 97047 115665 1186830 124469 31474 503655 47019 13239 57821 20693 50601
internal_value=1.34015e-08 5.25232e-06 -1.38208e-06 4.90962e-05 -9.35954e-06 -1.12159e-05 8.65768e-05 -8.12452e-05 -9.35988e-05 -5.08816e-05 9.65208e-05
internal_weight=2.2958e+06 2.15676e+06 1.99408e+06 272117 1.72196e+06 1.69048e+06 162684 139040 125801 67980 175070
internal_count=2295800 2156760 1994076 272117 1721959 1690485 162684 139040 125801 67980 175070
is_linear=0
shrinkage=0.00523217


Tree=9
num_leaves=12
num_cat=0
split_feature=0 4 0 0 11 18 18 16 11 0 16
split_gain=35.2404 23.2896 6.83188 6.00118 5.73684 4.74904 4.18357 4.12733 3.60982 2.3085 2.06794
threshold=-1.4524655342102049 -0.17025855928659436 -4.3164000511169425 0.053010379895567901 0.36202487349510198 3.0553233623504643 inf -0.34092842042446131 -0.082882702350616441 0.77609589695930492 -0.074154924601316438
decision_type=2 10 2 2 8 8 8 2 10 2 2
left_child=2 3 -1 6 -3 9 10 -4 -8 -5 -2
right_child=1 4 7 5 -6 -7 8 -9 -10 -11 -12
leaf_value=-0.00015449965612318624 -3.6031256076379327e-05 1.4232181321476397e-05 -0.00010035436369685358 -8.6536195581707005e-06 4.0612827188712902e-05 9.659341683685487e-05 -6.3860934240881191e-05 -3.5702060805324803e-05 -0.00022757672894234646 2.1514328945367982e-05 -1.2257508647628775e-05
leaf_weight=27578 188162 833339 46192 487096 309562 13050 25802 65308 4308 80972 214477
leaf_count=27578 188162 833339 46192 487096 309562 13050 25802 65308 4308 80972 214477
internal_value=-2.08548e-08 5.18426e-06 -8.07449e-05 -1.307e-05 2.13783e-05 -2.08358e-06 -2.78212e-05 -6.24941e-05 -8.73193e-05 -4.35205e-06 -2.33696e-05
internal_weight=2.29585e+06 2.15677e+06 139078 1.01387e+06 1.1429e+06 581118 432749 111500 30110 568068 402639
internal_count=2295846 2156768 139078 1013867 1142901 581118 432749 111500 30110 568068 402639
is_linear=0
shrinkage=0.00523217


Tree=10
num_leaves=12
num_cat=0
split_feature=0 4 1 1 0 1 1 1 1 1 10
split_gain=34.8001 23.6526 26.2743 9.6973 24.5426 6.34657 9.90663 6.09 5.5926 4.87805 4.19317
threshold=-1.6448571681976316 -0.17025855928659436 -0.39488896727561945 -0.26725347340106959 0.053010379895567901 1.4703833460807803 0.84333297610282909 0.89697337150573742 0.84333297610282909 -3.3210703134536739 0.50351727008819591
decision_type=2 10 2 2 2 2 2 2 2 2 8
left_child=5 3 9 4 -2 6 -1 10 -4 -3 -5
right_child=1 2 8 7 -6 -7 -8 -9 -10 -11 -12
leaf_value=-5.8839028661879114e-05 -4.3900844798382755e-05 3.4208127741203675e-06 1.2781492220351252e-05 -1.1943057999400324e-05 7.7349495667489916e-05 2.7493337444362094e-05 -0.00016093032625550213 7.4616780699235976e-05 0.00011611239465383635 0.00012669837391020069 -3.5595671495690026e-05
leaf_weight=66528 85386 10031 1052627 437479 98313 12087 42777 17855 14538 71633 386665
leaf_count=66528 85386 10031 1052627 437479 98313 12087 42777 17855 14538 71633 386665
internal_value=-5.05866e-09 4.80751e-06 2.11128e-05 -1.34544e-05 2.09863e-05 -8.62196e-05 -9.88016e-05 -2.09693e-05 1.419e-05 0.000111566 -2.30412e-05
internal_weight=2.29592e+06 2.17453e+06 1.14883e+06 1.0257e+06 183699 121392 109305 841999 1.06716e+06 81664 824144
internal_count=2295919 2174527 1148829 1025698 183699 121392 109305 841999 1067165 81664 824144
is_linear=0
shrinkage=0.00523217


Tree=11
num_leaves=12
num_cat=0
split_feature=0 4 1 1 0 1 1 1 1 1 8
split_gain=34.5239 23.3981 25.7727 9.65324 24.361 6.32556 9.71667 6.08197 5.46018 4.87919 3.84138
threshold=-1.6448571681976316 -0.16117183119058606 -0.39488896727561945 -0.26725347340106959 0.053010379895567901 1.4703833460807803 0.84333297610282909 0.89697337150573742 0.86830493807792675 -3.3210703134536739 -0.46566459536552424
decision_type=2 10 2 2 2 2 2 2 2 2 10
left_child=5 3 9 4 -2 6 -1 10 -4 -3 -5
right_child=1 2 8 7 -6 -7 -8 -9 -10 -11 -12
leaf_value=-5.8890195068218685e-05 -4.3623572954774193e-05 2.6868686108284303e-06 1.2886679980027734e-05 -3.4239342855354386e-05 7.6967848064519824e-05 2.7752666259613701e-05 -0.00016001724711481817 7.4531932013211191e-05 0.00011951157343511169 0.00012614201932512864 -1.1735653783795438e-05
leaf_weight=66535 85490 10009 1046452 407375 98912 12061 42748 17963 13316 71210 423866
leaf_count=66535 85490 10009 1046452 407375 98912 12061 42748 17963 13316 71210 423866
internal_value=-1.53868e-08 4.777e-06 2.11123e-05 -1.32546e-05 2.10566e-05 -8.59052e-05 -9.84565e-05 -2.07061e-05 1.42273e-05 0.000110938 -2.27653e-05
internal_weight=2.29594e+06 2.17459e+06 1.14099e+06 1.03361e+06 184402 121344 109283 849204 1.05977e+06 81219 831241
internal_count=2295937 2174593 1140987 1033606 184402 121344 109283 849204 1059768 81219 831241
is_linear=0
shrinkage=0.00523217


Tree=12
num_leaves=12
num_cat=0
split_feature=20 1 1 1 2 18 18 1 6 9 9
split_gain=74.1113 36.7213 35.6777 32.6332 17.8895 11.6013 16.5328 9.73227 9.50427 5.81075 5.3302
threshold=inf -0.28757840394973749 -2.8444726467132564 0.54923850297927868 0.51169490814208995 0.15792692452669146 -0.76004347205162037 -0.52048322558403004 -2.4789489507675166 0.034563049674034126 -0.022791858762502667
decision_type=8 2 2 2 8 10 8 2 2 8 10
left_child=1 2 10 5 9 6 -2 -4 -6 -3 -1
right_child=3 4 7 -5 8 -7 -8 -9 -10 -11 -12
leaf_value=3.4353422121796713e-05 8.3608865691841525e-05 -1.277405141540749e-05 0.00013571444716880345 -4.8379413272960418e-06 -0.0001211295936533371 7.3057756384259156e-05 0.0002486662843220605 5.1346386804562141e-05 -3.4895104162857149e-05 1.1330934896712173e-05 -4.1341009634890788e-05
leaf_weight=36316 24378 899236 91210 45703 37431 28861 52277 63550 537983 393564 85184
leaf_count=36316 24378 899236 91210 45703 37431 28861 52277 63550 537983 393564 85184
internal_value=-1.68943e-08 -7.9115e-06 4.83911e-05 0.000111932 -1.62376e-05 0.000162517 0.000196187 0.000101076 -4.05063e-05 -5.4352e-06 -1.87094e-05
internal_weight=2.29569e+06 2.14447e+06 276260 151219 1.86821e+06 105516 76655 154760 575414 1.2928e+06 121500
internal_count=2295693 2144474 276260 151219 1868214 105516 76655 154760 575414 1292800 121500
is_linear=0
shrinkage=0.00523217


Tree=13
num_leaves=12
num_cat=0
split_feature=20 1 1 1 2 22 1 6 9 21 7
split_gain=74.029 36.3505 35.2226 32.2155 17.7697 10.3338 9.57009 9.5455 6.93398 6.81296 6.63073
threshold=inf -0.28757840394973749 -2.8444726467132564 0.54923850297927868 0.51169490814208995 6.4775207042694101 -0.52048322558403004 -2.4789489507675166 inf 0.0066921154502779254 -2.2491593360900874
decision_type=8 2 2 2 8 8 2 2 8 2 10
left_child=1 2 9 5 -3 -2 -4 -6 -7 -1 -11
right_child=3 4 6 -5 7 8 -8 -9 -10 10 -12
leaf_value=2.084417876185389e-05 -2.3098583490219291e-07 -5.4581688126385075e-06 0.00013477571352196976 -4.2131435225025629e-06 -0.00012125759199619058 0.00016693946635565565 5.1119161348462195e-05 -3.4793552778306063e-05 0.00034931130867447914 -0.0001309466285976399 -1.7074666977557138e-05
leaf_weight=60355 9739 1292736 91204 45695 37392 89713 63568 537856 6105 21710 39466
leaf_count=60355 9739 1292736 91204 45695 37392 89713 63568 537856 6105 21710 39466
internal_value=-4.65694e-08 -7.93826e-06 4.80739e-05 0.000111827 -1.62238e-05 0.000162067 0.000100422 -4.04155e-05 0.000178572 -1.85862e-05 -5.75002e-05
internal_weight=2.29554e+06 2.14429e+06 276303 151252 1.86798e+06 105557 154772 575248 95818 121531 61176
internal_count=2295539 2144287 276303 151252 1867984 105557 154772 575248 95818 121531 61176
is_linear=0
shrinkage=0.00523217


Tree=14
num_leaves=12
num_cat=0
split_feature=20 0 0 8 18 18 0 7 21 0 11
split_gain=73.0304 34.7351 27.835 12.6836 12.0582 15.6663 6.41232 6.00966 5.72311 5.15225 4.43011
threshold=inf -1.4524655342102049 -0.5431845188140868 -0.60834860801696766 0.15792692452669146 -0.70374965667724598 -4.3164000511169425 0.055617138743400581 0.65029278397560131 0.24801090359687808 0.27292847633361822
decision_type=8 2 2 10 10 8 2 8 2 2 8
left_child=1 6 8 -3 5 -4 -1 10 -2 -7 -5
right_child=2 3 4 7 -6 9 -8 -9 -10 -11 -12
leaf_value=-0.00018820157932134308 7.0128812686530637e-05 -2.1531332558526782e-05 9.588148910528256e-05 7.5062065534626542e-06 6.8674390349997104e-05 0.00019264148643394603 -8.1379947866041835e-05 -6.8985471265153071e-06 -3.6076150301396991e-05 0.0003066658247727602 3.4647915035727231e-05
leaf_weight=18707 28268 677573 24986 564905 25888 18592 87051 563907 27297 26264 232404
leaf_count=18707 28268 677573 24986 564905 25888 18592 87051 563907 27297 26264 232404
internal_value=7.3532e-09 -7.83036e-06 0.000111108 -3.03404e-06 0.000165177 0.000200934 -0.000100285 6.17279e-06 1.79402e-05 0.000259429 1.54187e-05
internal_weight=2.29584e+06 2.14455e+06 151295 2.03879e+06 95730 69842 105758 1.36122e+06 55565 44856 797309
internal_count=2295842 2144547 151295 2038789 95730 69842 105758 1361216 55565 44856 797309
is_linear=0
shrinkage=0.00523217


Tree=15
num_leaves=12
num_cat=0
split_feature=0 22 18 18 10 0 9 0 9 9 0
split_gain=33.5009 40.3591 17.5492 19.054 13.1689 10.0121 9.29431 6.51955 6.10638 4.75913 4.63758
threshold=-1.4524655342102049 inf 0.15792692452669146 -0.72251385450363148 0.56974449753761303 0.24801090359687808 -2.7515676021575923 -4.3164000511169425 0.056170783936977393 -0.82628977298736561 0.049903945997357375
decision_type=2 8 10 8 8 2 10 2 10 10 2
left_child=7 4 3 9 8 -5 -4 -1 -2 -3 -6
right_child=1 2 6 5 10 -7 -8 -9 -10 -11 -12
leaf_value=-0.0001507534024301292 1.3997833493933583e-06 0.00017150880046886107 0.00030814295952527712 0.00011531988802460818 -3.5133368345939366e-05 0.00024054028561637994 -7.2641917428256095e-06 -6.0890013185579325e-05 2.6742981292665485e-05 3.5270424885210894e-06 -7.8733655186648187e-06
leaf_weight=27590 939600 5395 2688 37420 303833 32872 52228 111493 360027 32055 390550
leaf_count=27590 939600 5395 2688 37420 303833 32872 52228 111493 360027 32055 390550
internal_value=-1.81229e-08 5.05722e-06 8.43048e-05 0.000123105 -1.40691e-06 0.000173894 8.16587e-06 -7.87232e-05 8.42108e-06 2.77524e-05 -1.98024e-05
internal_weight=2.29575e+06 2.15667e+06 162658 107742 1.99401e+06 70292 54916 139083 1.29963e+06 37450 694383
internal_count=2295751 2156668 162658 107742 1994010 70292 54916 139083 1299627 37450 694383
is_linear=0
shrinkage=0.00523217


Tree=16
num_leaves=12
num_cat=0
split_feature=4 1 1 1 5 7 1 11 1 1 1
split_gain=28.5199 27.0993 12.4846 17.132 6.58445 10.1791 6.50128 6.2399 6.12895 5.21578 4.67111
threshold=-0.17961397022008893 -0.39488896727561945 -0.23235209286212918 -3.1025558710098262 -0.054676152765750878 -0.98058137297630299 0.62688675522804271 -0.13268036395311353 1.2444492578506472 -0.47350643575191492 -3.3210703134536739
decision_type=10 2 2 2 8 10 2 8 2 2 2
left_child=2 10 3 4 5 -1 -4 -6 -8 -5 -2
right_child=1 -3 6 9 7 -7 8 -9 -10 -11 -12
leaf_value=0.0060978840778052349 3.9122941901584325e-06 1.0905355816084821e-05 -2.1053727853670228e-05 0.0001004155395490385 5.0831498119373028e-05 0.00021796262835631312 -7.092558434243535e-05 -5.0582242423458638e-05 3.2457381485929934e-05 1.7139458801642829e-05 0.0001241720109593543
leaf_weight=10.999999999999998 10095 1111831 761756 59019 21093 25 132671 78018 17793 31660 72028
leaf_count=11 10095 1111831 761756 59019 21093 25 132671 78018 17793 31660 72028
internal_value=-3.52869e-08 1.76808e-05 -1.92295e-05 1.93727e-05 -2.81572e-05 0.00217294 -2.72633e-05 -2.89907e-05 -5.86946e-05 7.13497e-05 0.000109399
internal_weight=2.296e+06 1.19395e+06 1.10205e+06 189826 99147 36 912220 99111 150464 90679 82123
internal_count=2296000 1193954 1102046 189826 99147 36 912220 99111 150464 90679 82123
is_linear=0
shrinkage=0.00523217


Tree=17
num_leaves=12
num_cat=0
split_feature=4 1 9 1 1 9 1 5 1 1 9
split_gain=28.1144 26.2879 26.6993 12.6017 16.9276 6.81461 6.56666 6.29884 7.49338 6.28928 6.27561
threshold=-0.16117183119058606 -0.36169305443763727 inf -0.23235209286212918 -3.1025558710098262 0.034563049674034126 0.62688675522804271 -0.054676152765750878 -3.8521488904952998 1.2444492578506472 inf
decision_type=10 2 8 2 2 8 2 8 2 2 8
left_child=3 -2 5 4 7 -3 10 8 -1 -8 -5
right_child=1 2 -4 6 -6 -7 9 -9 -10 -11 -12
leaf_value=0.0046594510295383182 0.00010547458559340954 2.0032683146898859e-06 0.000620220298046644 -2.2093485068296514e-05 7.1056719720940294e-05 3.1785451232117834e-05 -7.0493263146718558e-05 -2.8313879560510208e-05 0 3.3671299333371603e-05 0.00012331958574872995
leaf_weight=15.999999999999998 86879 803297 1964 767321 91988 284959 134043 99105 21 17987 8209
leaf_count=16 86879 803297 1964 767321 91988 284959 134043 99105 21 17987 8209
internal_value=3.44468e-08 1.78844e-05 1.09035e-05 -1.87468e-05 1.99362e-05 9.80247e-06 -2.67185e-05 -2.74876e-05 0.00209695 -5.81639e-05 -2.05531e-05
internal_weight=2.29579e+06 1.1771e+06 1.09022e+06 1.11869e+06 191130 1.08826e+06 927560 99142 37 152030 775530
internal_count=2295789 1177099 1090220 1118690 191130 1088256 927560 99142 37 152030 775530
is_linear=0
shrinkage=0.00523217


Tree=18
num_leaves=12
num_cat=0
split_feature=20 4 22 4 18 18 6 6 22 8 7
split_gain=71.6267 21.3513 18.3228 14.6662 11.6362 13.1859 8.16445 7.05072 5.6269 4.09984 3.40974
threshold=inf -0.16117183119058606 6.4775207042694101 -0.52226632833480824 0.1459428742527962 -0.67635151743888844 -2.1005469560623165 -2.6423264741897579 inf -0.60834860801696766 -0.2953884750604629
decision_type=8 10 8 10 10 10 2 2 8 8 8
left_child=1 6 -2 -4 5 -5 -1 -3 10 -8 -9
right_child=2 7 3 4 -6 -7 9 8 -10 -11 -12
leaf_value=-8.3655605649132826e-05 -3.0230449649945089e-05 -0.00011490710978158237 6.1111546343092462e-05 0.0001050999375837188 6.9101059286239913e-05 0.0002679825230820423 -3.5077308643427984e-05 2.0589670108686658e-05 -5.3164482992163674e-05 -1.2892977384429356e-05 1.7135042954301934e-06
leaf_weight=60681 21807 12574 48019 20589 20669 40239 362219 571343 37641 616210 483995
leaf_count=60681 21807 12574 48019 20589 20669 40239 362219 571343 37641 616210 483995
internal_value=3.07228e-08 -7.73156e-06 0.000110048 0.000133674 0.000176417 0.000212867 -2.47601e-05 8.27287e-06 9.69084e-06 -2.11066e-05 1.19335e-05
internal_weight=2.29599e+06 2.14466e+06 151323 129516 81497 60828 1.03911e+06 1.10555e+06 1.09298e+06 978429 1.05534e+06
internal_count=2295986 2144663 151323 129516 81497 60828 1039110 1105553 1092979 978429 1055338
is_linear=0
shrinkage=0.00523217


Tree=19
num_leaves=12
num_cat=0
split_feature=20 4 4 9 15 9 6 6 9 21 16
split_gain=71.1419 21.141 17.2342 17.5854 9.32463 8.20774 8.0526 7.10689 5.26863 4.8615 4.48462
threshold=inf -0.16117183119058606 -0.52226632833480824 inf -0.10299967229366301 0.034563049674034126 -2.1005469560623165 -2.6423264741897579 0.97145244479179393 0.45110948383808142 -0.068469498306512819
decision_type=8 10 10 8 2 10 2 2 10 2 2
left_child=1 6 4 8 9 -3 -1 -7 -4 -2 -8
right_child=2 5 3 -5 -6 7 10 -9 -10 -11 -12
leaf_value=-8.3183141688709085e-05 5.8095804706651451e-05 -2.4717644800335912e-07 0.00015639349546282279 0.00059002697342592136 0.00014506232318430763 -0.00013584090671567723 -3.140081737758807e-05 3.6359541195591863e-05 2.8088231423418507e-05 -5.4088665533825954e-05 -8.9190869447360589e-06
leaf_weight=60694 19972 819507 79939 2468 16567 6716 528699 279180 9858 22471 449576
leaf_count=60694 19972 819507 79939 2468 16567 6716 528699 279180 9858 22471 449576
internal_value=-1.71446e-08 -7.75368e-06 0.000109645 0.000154309 3.97939e-05 8.17281e-06 -2.46993e-05 3.2311e-05 0.000142318 -1.28001e-06 -2.107e-05
internal_weight=2.29565e+06 2.14437e+06 151275 92265 59010 1.1054e+06 1.03897e+06 285896 89797 42443 978275
internal_count=2295647 2144372 151275 92265 59010 1105403 1038969 285896 89797 42443 978275
is_linear=0
shrinkage=0.00523217


Tree=20
num_leaves=12
num_cat=0
split_feature=20 1 1 1 4 22 1 2 22 1 5
split_gain=70.203 35.4994 34.0517 30.9297 18.411 10.0084 9.36091 5.10931 4.80726 4.75387 14.3638
threshold=inf -0.28757840394973749 -2.8444726467132564 0.54923850297927868 -0.20849499851465222 6.4775207042694101 -0.52048322558403004 0.62185809016227733 inf -3.7759505510330196 -0.054676152765750878
decision_type=8 2 2 2 10 8 2 8 8 2 8
left_child=1 2 9 5 7 -2 -4 -3 -6 10 -1
right_child=3 4 6 -5 8 -7 -8 -9 -10 -11 -12
leaf_value=0.0039526538976194375 -1.6121010936083836e-06 -2.2870553827048776e-05 0.00013310698718493443 -4.6985311937008723e-06 9.9027262351104777e-07 0.00017441890766410991 5.0364343905293919e-05 -4.9098002351994396e-05 -5.7977919951496604e-05 8.5623085653754113e-08 -8.093720880130955e-05
leaf_weight=23 9731 466602 91207 45739 1001590 95804 63553 360641 39331 93334 28152
leaf_count=23 9731 466602 91207 45739 1001590 95804 63553 360641 39331 93334 28152
internal_value=-8.77749e-09 -7.69386e-06 4.7663e-05 0.000108928 -1.58806e-05 0.00015818 9.91341e-05 -3.43056e-05 -1.23712e-06 -1.78871e-05 -7.74503e-05
internal_weight=2.29571e+06 2.14443e+06 276269 151274 1.86816e+06 105535 154760 827243 1.04092e+06 121509 28175
internal_count=2295707 2144433 276269 151274 1868164 105535 154760 827243 1040921 121509 28175
is_linear=0
shrinkage=0.00523217


Tree=21
num_leaves=12
num_cat=0
split_feature=20 2 21 12 15 10 9 9 15 12 3
split_gain=69.4857 19.1255 15.7377 8.95463 6.72445 6.61983 6.11485 5.59888 5.00045 4.60238 3.47043
threshold=inf 0.51169490814208995 1.1568591594696047 0.14384923875331881 -0.60106563568115223 0.51335394382476818 0.65566241741180431 0.021135394461452964 -0.4439090341329574 0.041109258309006698 0.19152323156595233
decision_type=8 8 2 8 2 8 10 8 2 10 8
left_child=1 5 6 8 -4 7 9 -1 -3 -2 -5
right_child=2 3 4 10 -6 -7 -8 -9 -10 -11 -12
leaf_value=3.0357353441771899e-06 0.00010768444336207045 -7.5808661419210177e-05 -6.8961062496802471e-05 -2.2685849433071449e-05 8.4630277053510648e-05 -1.3596422369246194e-05 3.8708350371510948e-05 3.0447793641972011e-05 -3.4545708895040585e-05 0.00017858180298251918 1.255525222396163e-05
leaf_weight=703224 42026 111022 16445 195109 14847 429945 15526 287362 292067 62437 125802
leaf_count=703224 42026 111022 16445 195109 14847 429945 15526 287362 292067 62437 125802
internal_value=3.74468e-08 -7.6074e-06 0.000108414 -2.94941e-05 3.88763e-06 3.54702e-06 0.000135666 1.09886e-05 -4.59129e-05 0.000150069 -8.8683e-06
internal_weight=2.29581e+06 2.14453e+06 151281 724000 31292 1.42053e+06 119989 990586 403089 104463 320911
internal_count=2295812 2144531 151281 724000 31292 1420531 119989 990586 403089 104463 320911
is_linear=0
shrinkage=0.00523217


Tree=22
num_leaves=12
num_cat=0
split_feature=0 22 1 0 18 18 1 1 1 7 9
split_gain=32.6258 38.1862 27.6674 37.3344 17.0262 18.522 12.4631 11.6272 11.3002 9.92732 8.89688
threshold=-1.6448571681976316 inf -0.28757840394973749 0.053010379895567901 0.15792692452669146 -0.71336758136749256 -4.1458773612976065 0.84333297610282909 0.41525956988334661 0.083096247166395201 -2.7515676021575923
decision_type=2 8 2 2 10 8 2 2 2 8 10
left_child=-1 2 3 -2 5 -3 -7 9 -8 -4 -6
right_child=1 4 7 -5 10 6 8 -9 -10 -11 -12
leaf_value=-8.3544620268390739e-05 -3.4920592562623533e-05 2.6921965701922856e-05 3.8094234229715579e-08 9.3010305584540805e-05 0.00029103025836607187 0.0059596956402950992 0.00021251866610457888 8.5423812082275339e-05 7.0194189148340544e-05 -2.5381128015372669e-05 -8.4883498295619987e-06
leaf_weight=121345 97089 38974 940898 174988 2859 8.9999999999999982 48874 34697 22243 760520 53401
leaf_count=121345 97089 38974 940898 174988 2859 9 48874 34697 22243 760520 53401
internal_value=-4.96851e-08 4.6092e-06 -1.70105e-06 4.7356e-05 8.07868e-05 0.000118624 0.000168861 -9.38957e-06 0.000168018 -1.13236e-05 6.724e-06
internal_weight=2.2959e+06 2.17455e+06 2.00819e+06 272077 166360 110100 71126 1.73612e+06 71117 1.70142e+06 56260
internal_count=2295897 2174552 2008192 272077 166360 110100 71126 1736115 71117 1701418 56260
is_linear=0
shrinkage=0.00523217


Tree=23
num_leaves=12
num_cat=0
split_feature=20 1 1 1 2 18 18 1 22 22 1
split_gain=68.2702 34.6777 33.5714 30.0638 16.6578 10.9615 15.7985 9.32813 8.91181 6.56611 6.12332
threshold=inf -0.28757840394973749 -2.8444726467132564 0.54923850297927868 0.51169490814208995 0.15792692452669146 -0.76004347205162037 -0.52048322558403004 6.4775207042694101 6.4775207042694101 0.45993407070636755
decision_type=8 2 2 2 8 10 8 2 8 8 2
left_child=1 2 -1 5 9 6 -2 -4 -8 -3 -6
right_child=3 4 7 -5 10 -7 8 -9 -10 -11 -12
leaf_value=-1.7979424553785762e-05 7.8628589749107303e-05 -2.9478257305250549e-06 0.00013211917826117515 -4.6182023762605891e-06 -2.7128261219201792e-05 6.9032233202833061e-05 -3.880823299359766e-05 4.9525809077088927e-05 0.00025671077330545727 -6.5137990726358275e-05 -6.3432981161371779e-05
leaf_weight=121510 24373 1244628 91223 45741 385429 28876 2956 63556 49328 48280 189924
leaf_count=121510 24373 1244628 91223 45741 385429 28876 2956 63556 49328 48280 189924
internal_value=-2.41713e-08 -7.60233e-06 4.7108e-05 0.000107402 -1.56937e-05 0.000155962 0.000188696 9.82102e-05 0.000239987 -5.27082e-06 -3.91139e-05
internal_weight=2.29582e+06 2.14455e+06 276289 151274 1.86826e+06 105533 76657 154779 52284 1.29291e+06 575353
internal_count=2295824 2144550 276289 151274 1868261 105533 76657 154779 52284 1292908 575353
is_linear=0
shrinkage=0.00523217


Tree=24
num_leaves=12
num_cat=0
split_feature=20 0 0 8 0 15 0 11 0 8 3
split_gain=67.481 33.1544 26.1178 11.9786 6.30253 6.04584 5.30366 4.89824 4.20252 3.97699 3.74869
threshold=inf -1.4524655342102049 -0.5431845188140868 -0.60834860801696766 -4.3164000511169425 -0.30484277009963984 0.094728525727987303 0.36202487349510198 0.049903945997357375 -2.2516490221023555 -0.43556493520736689
decision_type=8 2 2 10 2 2 2 8 2 10 8
left_child=1 4 5 8 -1 -2 -4 10 -3 -10 -5
right_child=2 3 6 7 -6 -7 -8 -9 9 -11 -12
leaf_value=-0.00018498034381252219 -1.6526072928207358e-05 -3.5510205697472866e-05 0.00010589984549930263 -2.3893918752054415e-05 -7.9106566157782085e-05 0.00010660387021761658 0.00018768799633030276 2.2608659244487241e-05 4.0412528860465978e-05 -1.5039923893736671e-05 4.4066400948722638e-06
leaf_weight=18720 40630 298394 33397 150911 87039 14923 62342 361476 39519 339663 848777
leaf_count=18720 40630 298394 33397 150911 87039 14923 62342 361476 39519 339663 848777
internal_value=3.2803e-09 -7.53085e-06 0.000106801 -2.84479e-06 -9.78563e-05 1.6537e-05 0.000159168 6.10278e-06 -2.08205e-05 -9.25835e-06 1.33615e-07
internal_weight=2.29579e+06 2.1445e+06 151292 2.03874e+06 105759 55553 95739 1.36116e+06 677576 379182 999688
internal_count=2295791 2144499 151292 2038740 105759 55553 95739 1361164 677576 379182 999688
is_linear=0
shrinkage=0.00523217


Tree=25
num_leaves=12
num_cat=0
split_feature=0 22 2 9 0 0 0 11 0 9 21
split_gain=31.8758 37.0495 13.5151 8.72092 8.16297 6.08228 5.56396 5.47845 4.98177 4.77598 3.71954
threshold=-1.6448571681976316 inf 0.59420472383499157 inf 0.094728525727987303 0.049903945997357375 -4.3164000511169425 0.36202487349510198 0.094728525727987303 0.02429546415805817 0.036414666101336486
decision_type=2 8 8 8 2 2 2 10 2 10 2
left_child=6 2 7 8 -5 -4 -1 9 10 -2 -3
right_child=1 3 5 4 -6 -7 -8 -9 -10 -11 -12
leaf_value=-0.00014792998257071987 -6.6456136126078768e-06 8.0204392889264152e-05 -3.9252468424539943e-05 0.00013481456748668018 0.00048464077264846539 -5.5979030619646708e-06 -6.3324990278588357e-05 2.4092815585422653e-05 9.8920051763571262e-05 1.7589028195129981e-05 6.4137996528173507e-06
leaf_weight=27551 716209 34357 299262 6001 2631 289077 93842 380465 82263 323008 41092
leaf_count=27551 716209 34357 299262 6001 2631 289077 93842 380465 82263 323008 41092
internal_value=-2.22707e-08 4.584e-06 -1.63185e-06 7.96228e-05 0.000241585 -2.27179e-05 -8.25346e-05 7.106e-06 7.07514e-05 8.86203e-07 4.0027e-05
internal_weight=2.29576e+06 2.17436e+06 2.00802e+06 166344 8632 588339 121393 1.41968e+06 157712 1.03922e+06 75449
internal_count=2295758 2174365 2008021 166344 8632 588339 121393 1419682 157712 1039217 75449
is_linear=0
shrinkage=0.00523217


Tree=26
num_leaves=12
num_cat=0
split_feature=20 1 1 1 10 1 3 9 1 3 20
split_gain=66.7822 34.183 32.8947 29.3174 13.5235 9.23436 6.67347 7.012 5.6993 5.30845 5.00424
threshold=inf -0.28757840394973749 -2.8444726467132564 0.54923850297927868 0.51335394382476818 -0.57800665497779835 -0.39933796226978296 0.034563049674034126 0.464781403541565 0.19152323156595233 -0.78938332200050343
decision_type=8 2 2 2 8 2 10 10 2 10 10
left_child=1 2 9 -2 6 -4 -3 -8 -6 -1 -7
right_child=3 4 5 -5 8 10 7 -9 -10 -11 -12
leaf_value=-3.6686217578851462e-05 0.00015422056357742802 -2.9518190358115204e-05 0.00013562965251294568 -4.3696635908251178e-06 -2.5056160978561178e-05 -5.595976074458668e-06 -8.2604599382703874e-06 2.2397124231983231e-05 -5.9505359266922981e-05 4.4999492466990751e-05 8.579909782483971e-05
leaf_weight=93071 105553 247366 81796 45724 463180 24866 682454 291454 183670 28424 48081
leaf_count=93071 105553 247366 81796 45724 463180 24866 682454 291454 183670 28424 48081
internal_value=3.26752e-08 -7.46245e-06 4.68617e-05 0.000106281 -1.54958e-05 9.74536e-05 -5.24981e-06 9.13392e-07 -3.48392e-05 -1.75688e-05 5.4634e-05
internal_weight=2.29564e+06 2.14436e+06 276238 151277 1.86812e+06 154743 1.22127e+06 973908 646850 121495 72947
internal_count=2295639 2144362 276238 151277 1868124 154743 1221274 973908 646850 121495 72947
is_linear=0
shrinkage=0.00523217


Tree=27
num_leaves=12
num_cat=0
split_feature=0 22 18 18 4 9 0 9 0 4 0
split_gain=31.6009 36.3373 16.9392 18.2978 16.6589 10.2723 9.32332 8.96517 6.24791 6.15217 4.93578
threshold=-1.4524655342102049 inf 0.15792692452669146 -0.76004347205162037 -0.16117183119058606 0.034563049674034126 0.24801090359687808 -2.7515676021575923 -4.3164000511169425 2.2117644548416142 0.053010379895567901
decision_type=2 8 10 8 10 10 2 10 2 8 2
left_child=8 4 3 -3 10 -6 -5 9 -1 -4 -2
right_child=1 2 7 6 5 -7 -8 -9 -10 -11 -12
leaf_value=-0.00014696047477880179 -3.1009696468347506e-05 1.9064240412144069e-05 0.00053498355910410128 0.00010966141373162694 3.659056213348777e-06 4.1404331665354386e-05 0.00022808615769054894 -9.8422241424064175e-06 -5.8991663390771622e-05 3.1982183089717649e-05 -6.868198597791147e-06
leaf_weight=27595 401058 34613 1428 38933 778858 264407 34246 52229 111449 1253 549748
leaf_count=27595 401058 34613 1428 38933 778858 264407 34246 52229 111449 1253 549748
internal_value=-4.9345e-09 4.92349e-06 8.0108e-05 0.000118211 -1.21067e-06 1.32261e-05 0.000165095 5.2929e-06 -7.6457e-05 0.000300317 -1.70522e-05
internal_weight=2.29582e+06 2.15677e+06 162702 107792 1.99407e+06 1.04326e+06 73179 54910 139044 2681 950806
internal_count=2295817 2156773 162702 107792 1994071 1043265 73179 54910 139044 2681 950806
is_linear=0
shrinkage=0.00523217


Tree=28
num_leaves=12
num_cat=0
split_feature=1 1 4 6 6 1 3 4 7 10 19
split_gain=26.2755 31.8258 23.2944 7.05045 6.66576 6.6028 5.12915 4.87471 4.13034 4.02196 3.76175
threshold=-0.28757840394973749 -3.1025558710098262 -0.20849499851465222 -2.6423264741897579 -2.4789489507675166 -0.52048322558403004 0.19152323156595233 -1.9336166977882383 -2.144975900650024 0.44548542797565466 -0.90441003441810597
decision_type=2 2 10 2 2 2 10 10 10 8 10
left_child=1 6 4 -4 -2 7 8 -3 -1 -6 -5
right_child=2 5 3 10 9 -7 -8 -9 -10 -11 -12
leaf_value=-9.0191502790539852e-05 -8.8277515690368604e-05 3.6253601528626633e-05 -0.00010606846424757554 -1.3675016643036991e-05 -1.1838788350380859e-05 4.8833259258544339e-05 5.2573457109889355e-05 0.00013111727598528157 -1.4600824026224316e-05 -3.4575837100214836e-05 1.464573549971025e-05
leaf_weight=29450 45393 17701 14307 148390 426391 63580 20362 92223 60419 425810 951567
leaf_count=29450 45393 17701 14307 148390 426391 63580 20362 92223 60419 425810 951567
internal_value=-7.99651e-09 4.71275e-05 -6.65599e-06 9.32266e-06 -2.64926e-05 9.12966e-05 -2.23879e-05 0.000115849 -3.93816e-05 -2.32005e-05 1.08244e-05
internal_weight=2.29559e+06 283735 2.01186e+06 1.11426e+06 897594 173504 110231 109924 89869 852201 1.09996e+06
internal_count=2295593 283735 2011858 1114264 897594 173504 110231 109924 89869 852201 1099957
is_linear=0
shrinkage=0.00523217


Tree=29
num_leaves=12
num_cat=0
split_feature=20 0 0 4 0 15 4 0 13 21 13
split_gain=65.7197 32.0141 25.1693 15.9035 6.11973 6.05105 5.2623 4.81287 4.03119 3.50543 3.43771
threshold=inf -1.4524655342102049 -0.5431845188140868 -0.16117183119058606 -4.3164000511169425 -0.30484277009963984 -0.61235874891281117 0.049903945997357375 0.3176055252552033 0.76542758941650402 -2.6244745254516597
decision_type=8 2 2 10 2 2 10 2 8 2 10
left_child=1 4 5 7 -1 9 -4 10 -5 -2 -3
right_child=2 3 6 8 -6 -7 -8 -9 -10 -11 -12
leaf_value=-0.00018205109026289405 3.3212207949879938e-05 -8.4621621073554973e-05 8.9839484977929742e-05 1.7874009059620074e-05 -7.7712311454434892e-05 0.00010692045807495554 0.00017936361477087446 -8.3517109737583451e-06 -4.0537840708769528e-06 -6.397906512424285e-05 -2.7581405705681929e-05
leaf_weight=18715 19951 31389 24059 738682 87042 14929 71615 564916 332890 20685 370921
leaf_count=18715 19951 31389 24059 738682 87042 14929 71615 564916 332890 20685 370921
internal_value=7.5189e-09 -7.42622e-06 0.000105422 -2.82162e-06 -9.61858e-05 1.68361e-05 0.000156861 -1.8203e-05 1.10613e-05 -1.62419e-05 -3.2034e-05
internal_weight=2.29579e+06 2.14456e+06 151239 2.0388e+06 105757 55565 95674 967226 1.07157e+06 40636 402310
internal_count=2295794 2144555 151239 2038798 105757 55565 95674 967226 1071572 40636 402310
is_linear=0
shrinkage=0.00523217


Tree=30
num_leaves=12
num_cat=0
split_feature=0 1 0 4 1 1 1 1 13 1 0
split_gain=30.8881 21.3935 35.6818 17.9899 6.29136 9.30404 6.22644 5.25089 4.84818 5.77494 4.59721
threshold=-1.6448571681976316 -0.30971230566501612 0.053010379895567901 -0.16117183119058606 1.4703833460807803 0.84333297610282909 0.89697337150573742 0.86830493807792675 1.1977097392082217 -0.52048322558403004 0.44385792315006262
decision_type=2 2 2 8 2 2 2 2 10 2 2
left_child=4 2 -2 6 5 -1 -3 -5 9 10 -4
right_child=1 3 8 7 -6 -7 -8 -9 -10 -11 -12
leaf_value=-5.503902890982336e-05 -3.2479842897528005e-05 -2.1722935541245269e-05 7.9897777334218652e-05 1.1404660766822088e-05 3.212101217093036e-05 -0.00015398587112491502 7.7260576147124288e-05 0.00011511349690796071 2.5577440996040171e-05 5.6486753874149325e-05 0.00015256426086419878
leaf_weight=66531 97898 830260 37928 1038056 12058 42763 17765 13540 25740 48890 64435
leaf_count=66531 97898 830260 37928 1038056 12058 42763 17765 13540 25740 48890 64435
internal_value=-8.59626e-09 4.52472e-06 4.76662e-05 -1.71782e-06 -8.12471e-05 -9.37621e-05 -1.96483e-05 1.27409e-05 9.20009e-05 0.000103299 0.000125649
internal_weight=2.29586e+06 2.17451e+06 274891 1.89962e+06 121352 109294 848025 1.0516e+06 176993 151253 102363
internal_count=2295864 2174512 274891 1899621 121352 109294 848025 1051596 176993 151253 102363
is_linear=0
shrinkage=0.00523217


Tree=31
num_leaves=12
num_cat=0
split_feature=22 2 21 9 11 8 5 11 9 8 9
split_gain=28.531 18.248 8.9388 9.91015 6.2568 4.50633 4.35435 3.89542 3.85151 3.8202 3.4592
threshold=-1.8815670013427732 0.59420472383499157 0.67498397827148449 inf 0.21204243600368503 -0.67473444342613209 2.5041530132293706 1.307593882083893 1.0569826960563662 2.0750730037689213 -0.024848170578479763
decision_type=10 8 2 8 10 10 10 10 10 8 10
left_child=2 4 3 7 5 -2 -3 -1 -4 -5 -7
right_child=1 6 8 9 -6 10 -8 -9 -10 -11 -12
leaf_value=6.3859409072867187e-05 -2.3115580293918425e-05 -2.6627226612607034e-05 2.3438004753569369e-05 0.00033434395831654214 2.0407053649814737e-05 -5.0605271303694131e-06 -0.00010122463619518778 0.00016874331043915339 -9.4613899529979729e-05 -5.803850539661465e-07 1.8221511417450391e-05
leaf_weight=125531 232791 612050 55680 5568 457638 493585 22206 10517 8753 1114 270389
leaf_count=125531 232791 612050 55680 5568 457638 493585 22206 10517 8753 1114 270389
internal_value=-1.21248e-08 -5.82138e-06 5.85538e-05 8.16462e-05 4.39097e-06 -2.96159e-06 -2.92404e-05 7.19746e-05 7.38716e-06 0.000278396 3.17852e-06
internal_weight=2.29582e+06 2.08866e+06 207163 142730 1.4544e+06 996765 634256 136048 64433 6682 763974
internal_count=2295822 2088659 207163 142730 1454403 996765 634256 136048 64433 6682 763974
is_linear=0
shrinkage=0.00523217


Tree=32
num_leaves=12
num_cat=0
split_feature=20 1 0 1 0 1 2 18 18 1 0
split_gain=65.122 33.6079 33.6521 28.2195 26.5215 12.6332 11.0627 10.836 15.3866 6.62474 5.6678
threshold=inf -0.28757840394973749 0.053010379895567901 0.54923850297927868 -1.6448571681976316 0.89697337150573742 0.32077252864837652 0.15792692452669146 -0.76004347205162037 1.4703833460807803 0.24801090359687808
decision_type=8 2 2 2 2 2 8 10 8 2 2
left_child=1 2 -1 7 9 6 -6 8 -2 -3 -10
right_child=3 4 -4 -5 5 -7 -8 -9 10 -11 -12
leaf_value=-3.1594404134834765e-05 7.5926694239321295e-05 -0.00011879961837237949 8.9199381834752209e-05 -3.5660799060139758e-06 -2.4084929025802084e-06 9.6351608568925382e-05 -2.9553913711840384e-05 6.5547264966704774e-05 0.0001770458967071218 1.8816897563385697e-05 0.0002863470212111761
leaf_weight=97645 24384 80259 178614 45754 1086513 29583 661112 28872 24515 10862 27786
leaf_count=97645 24384 80259 178614 45754 1086513 29583 661112 28872 24515 10862 27786
internal_value=3.95968e-08 -7.3618e-06 4.65014e-05 0.000104947 -1.53267e-05 -1.08625e-05 -1.26779e-05 0.000151989 0.000184523 -0.000102386 0.000235135
internal_weight=2.2959e+06 2.14459e+06 276259 151311 1.86833e+06 1.77721e+06 1.74762e+06 105557 76685 91121 52301
internal_count=2295899 2144588 276259 151311 1868329 1777208 1747625 105557 76685 91121 52301
is_linear=0
shrinkage=0.00523217


Tree=33
num_leaves=12
num_cat=0
split_feature=20 2 6 12 12 10 2 11 11 11 6
split_gain=64.167 17.6307 10.141 9.79023 6.53516 6.11836 5.89851 4.7707 4.32278 3.55729 3.10486
threshold=inf 0.51169490814208995 -2.1005469560623165 0.069949660450220122 0.14809939265251162 0.51335394382476818 0.29561707377433782 0.43270733952522283 0.23573767393827441 0.36202487349510198 -0.47994539141654963
decision_type=8 8 2 10 10 8 8 10 10 8 2
left_child=1 5 -3 7 9 8 -5 -2 -1 -4 -8
right_child=3 2 4 6 -6 -7 10 -9 -10 -11 -12
leaf_value=3.3512620291020601e-06 3.2867521918309652e-05 -9.8139926061021029e-05 -4.8978526707428511e-05 0.00017734553178483958 -4.9669387366740558e-06 -1.3116237767579669e-05 1.5426965809609055e-06 0.00013351892707126945 2.7185388111098233e-05 -1.404107419976778e-05 0.00011814332510190169
leaf_weight=692798 51607 52852 248569 51031 304990 429884 8629 17200 297953 117601 22827
leaf_count=692798 51607 52852 248569 51031 304990 429884 8629 17200 297953 117601 22827
internal_value=4.30907e-09 -7.34203e-06 -2.8356e-05 0.000104146 -2.28594e-05 3.367e-06 0.000142593 5.80413e-05 1.05198e-05 -3.77601e-05 8.61843e-05
internal_weight=2.29594e+06 2.14465e+06 724012 151294 671160 1.42064e+06 82487 68807 990751 366170 31456
internal_count=2295941 2144647 724012 151294 671160 1420635 82487 68807 990751 366170 31456
is_linear=0
shrinkage=0.00523217


Tree=34
num_leaves=12
num_cat=0
split_feature=20 1 0 1 0 1 0 22 10 9 1
split_gain=63.6186 33.1768 33.1579 28.1071 25.883 12.1936 13.2378 9.55916 7.88122 6.68115 4.77462
threshold=inf -0.28757840394973749 0.053010379895567901 0.54923850297927868 -2.4454582929611202 0.9321667253971101 -0.79303106665611256 6.4775207042694101 0.51335394382476818 inf -0.47350643575191492
decision_type=8 2 2 2 2 2 2 8 8 8 2
left_child=1 2 -1 7 -3 6 -6 -2 -8 -9 -4
right_child=3 4 10 -5 5 -7 8 9 -10 -11 -12
leaf_value=-3.1266189980951376e-05 -5.3776657967806351e-06 -0.00012918200498396161 0.00010563609528491976 -4.5766283027089589e-06 -6.7145605138802764e-05 8.5670969590077278e-05 -2.0201167944087104e-06 0.00015518307624327448 -2.6323088048236174e-05 0.00033456626540646987 4.556119319179975e-05
leaf_weight=97694 9741 52996 127988 45739 118691 34412 1119831 89692 542195 6078 50591
leaf_count=97694 9741 52996 127988 45739 118691 34412 1119831 89692 542195 6078 50591
internal_value=2.49078e-08 -7.2898e-06 4.6225e-05 0.000103736 -1.52044e-05 -1.18761e-05 -1.37617e-05 0.000150697 -9.94886e-06 0.00016658 8.86219e-05
internal_weight=2.29565e+06 2.1444e+06 276273 151250 1.86812e+06 1.81513e+06 1.78072e+06 105511 1.66203e+06 95770 178579
internal_count=2295648 2144398 276273 151250 1868125 1815129 1780717 105511 1662026 95770 178579
is_linear=0
shrinkage=0.00523217


Tree=35
num_leaves=12
num_cat=0
split_feature=22 1 1 1 18 18 4 1 1 1 21
split_gain=27.261 29.8814 32.1019 17.5515 16.8439 19.1581 16.3446 12.3827 9.9448 7.25285 7.15241
threshold=-1.8815670013427732 -0.28757840394973749 -2.8444726467132564 0.67969897389411937 0.16961197555065158 -0.76004347205162037 -0.23621149361133573 -4.1458773612976065 -0.57800665497779835 0.38351021707057958 -1.0000000180025095e-35
decision_type=10 2 2 2 10 8 10 2 2 2 2
left_child=3 2 10 4 5 -1 -3 -7 -4 -9 -2
right_child=1 6 8 -5 -6 7 -8 9 -10 -11 -12
leaf_value=1.6641323908612214e-05 2.4606159707051171e-05 -3.1219015035833012e-05 0.00013812261864317108 -5.4547217571145777e-05 5.9009362991869954e-06 0.0059328603624517733 4.2700720910635838e-07 0.00019828740334013007 5.2726509595058815e-05 9.3994853557239654e-05 -5.5910741801698225e-05
leaf_weight=37157 57425 790543 77292 32431 58887 8.9999999999999982 1027372 49844 72293 28867 63689
leaf_count=37157 57425 790543 77292 32431 58887 9 1027372 49844 72293 28867 63689
internal_value=-1.80989e-08 -5.69711e-06 4.55878e-05 5.72246e-05 7.7971e-05 0.000114589 -1.33342e-05 0.00016081 9.68576e-05 0.000160051 -1.7728e-05
internal_weight=2.29581e+06 2.08861e+06 270699 207195 174764 115877 1.81792e+06 78720 149585 78711 121114
internal_count=2295809 2088614 270699 207195 174764 115877 1817915 78720 149585 78711 121114
is_linear=0
shrinkage=0.00523217


Tree=36
num_leaves=12
num_cat=0
split_feature=4 6 6 16 13 12 8 7 21 12 7
split_gain=24.7856 7.91989 7.17864 5.59612 4.08373 3.65813 2.82005 2.5924 5.41137 2.27128 2.83569
threshold=-0.17961397022008893 -2.4789489507675166 -2.6423264741897579 -0.068469498306512819 0.3176055252552033 0.15196926146745685 -0.56032553315162648 inf 0.0066921154502779254 0.67541679739952099 -0.36389482021331782
decision_type=10 2 2 2 8 10 8 8 2 8 8
left_child=1 -1 -2 5 9 7 -5 -3 -9 10 -4
right_child=2 3 4 6 -6 -7 -8 8 -10 -11 -12
leaf_value=-8.3824651171800335e-05 -0.00010123358828994394 -3.4602605717740293e-05 4.035317896234484e-05 -1.7009699754364434e-05 3.725083491280678e-06 -1.2484774029817012e-05 8.5614578383615101e-06 3.2491771723308591e-06 -0.00016306723165309515 1.1008358151017355e-05 1.6633940190747445e-05
leaf_weight=47705 14001 267310 325813 200010 377147 276624 288137 9174 12834 237243 239608
leaf_count=47705 14001 267310 325813 200010 377147 276624 288137 9174 12834 237243 239608
internal_value=1.34659e-08 -1.7882e-05 1.65302e-05 -1.48967e-05 1.79285e-05 -2.60932e-05 -1.91426e-06 -3.91016e-05 -9.37056e-05 2.46012e-05 3.03032e-05
internal_weight=2.29561e+06 1.10179e+06 1.19381e+06 1.05409e+06 1.17981e+06 565942 488147 289318 22008 802664 565421
internal_count=2295606 1101794 1193812 1054089 1179811 565942 488147 289318 22008 802664 565421
is_linear=0
shrinkage=0.00523217


Tree=37
num_leaves=12
num_cat=0
split_feature=20 1 1 1 4 18 18 1 21 18 1
split_gain=62.3645 32.5297 30.7133 27.5641 16.4008 10.3469 15.9428 8.77696 6.58699 6.40026 5.63351
threshold=inf -0.28757840394973749 -2.8444726467132564 0.60922193527221691 -0.20849499851465222 0.15792692452669146 -0.76004347205162037 -0.52048322558403004 0.0066921154502779254 -1.0972402691841123 0.42815655469894415
decision_type=8 2 2 2 10 10 8 2 2 10 2
left_child=1 2 8 5 -3 6 -2 -4 -1 -10 -8
right_child=3 4 7 -5 -6 -7 10 -9 9 -11 -12
leaf_value=2.2226367217564757e-05 6.755595965983135e-05 -3.2500161260222959e-05 0.00012747681786386128 -2.1454160300856354e-05 -1.2893868719849623e-06 6.1816489621934419e-05 0.00025332594159723762 4.7359890455680279e-05 -0.0001290161024637755 -1.617675530883256e-05 0.00013232394251308272
leaf_weight=60339 26508 827297 91238 37005 1040874 31354 42354 63548 20934 40214 14069
leaf_count=60339 26508 827297 91238 37005 1040874 31354 42354 63548 20934 40214 14069
internal_value=-3.05585e-08 -7.27425e-06 4.57161e-05 0.000102638 -1.51111e-05 0.000142826 0.000173442 9.45903e-05 -1.6548e-05 -5.48222e-05 0.000223172
internal_weight=2.29573e+06 2.14444e+06 276273 151290 1.86817e+06 114285 82931 154786 121487 61148 56423
internal_count=2295734 2144444 276273 151290 1868171 114285 82931 154786 121487 61148 56423
is_linear=0
shrinkage=0.00523217


Tree=38
num_leaves=12
num_cat=0
split_feature=20 1 1 1 4 22 1 9 9 4 3
split_gain=61.7891 32.2689 30.4277 27.2252 16.158 11.9752 8.67628 8.48778 5.13821 23.7474 5.01354
threshold=inf -0.28757840394973749 -2.8444726467132564 0.60922193527221691 -0.20849499851465222 6.4775207042694101 -0.57800665497779835 0.034563049674034126 inf 2.3158566951751713 0.19152323156595233
decision_type=8 2 2 2 10 8 2 10 8 8 10
left_child=1 2 10 5 -3 -2 -4 -6 -7 -10 -1
right_child=3 4 6 -5 7 8 -8 -9 9 -11 -12
leaf_value=-3.4954305008523556e-05 -1.6265822901405181e-05 -3.2240654224397593e-05 0.00013121669114291577 -2.1073374381806846e-05 -1.0237246321412451e-05 0.00014986373740230236 5.2734509493967388e-05 2.3608870952125306e-05 0.00070593969401187373 8.2621463275626649e-05 4.4398843518705525e-05
leaf_weight=93084 11709 827270 81857 37010 764969 95041 72999 276017 2521 4983 28452
leaf_count=93084 11709 827270 81857 37010 764969 95041 72999 276017 2521 4983 28452
internal_value=3.4817e-08 -7.17344e-06 4.55914e-05 0.000102239 -1.498e-05 0.000142191 9.42261e-05 -1.26217e-06 0.000160292 0.000292213 -1.63706e-05
internal_weight=2.29591e+06 2.14465e+06 276392 151264 1.86826e+06 114254 154856 1.04099e+06 102545 7504 121536
internal_count=2295912 2144648 276392 151264 1868256 114254 154856 1040986 102545 7504 121536
is_linear=0
shrinkage=0.00523217


Tree=39
num_leaves=12
num_cat=0
split_feature=22 1 1 1 7 1 11 7 1 13 1
split_gain=26.3043 29.0012 31.205 17.0498 11.2476 9.63227 6.17926 4.92579 4.88098 4.5407 4.37499
threshold=-1.8815670013427732 -0.28757840394973749 -2.8444726467132564 0.67969897389411937 0.12870776653289798 -0.57800665497779835 -0.13268036395311353 -2.144975900650024 0.35556735098361975 0.51292693614959728 0.464781403541565
decision_type=10 2 2 2 8 2 8 10 2 10 2
left_child=3 2 6 8 9 -4 -2 -8 -1 -3 -6
right_child=1 4 5 -5 10 -7 7 -9 -10 -11 -12
leaf_value=0.00010041370451120229 5.0397681905849494e-05 3.3881643984513439e-06 0.00013611960188140171 -5.3909783181127503e-05 -2.017895437043248e-05 5.2081486659277579e-05 -9.3788509888596166e-05 -1.1996268153451944e-05 4.4443744929874812e-05 -2.6447053561720715e-05 -4.7525098199373576e-05
leaf_weight=100702 28170 849229 77304 32436 580374 72302 29590 63311 74120 167123 221314
leaf_count=100702 28170 849229 77304 32436 580374 72302 29590 63311 74120 167123 221314
internal_value=2.52896e-08 -5.553e-06 4.49735e-05 5.62461e-05 -1.30761e-05 9.55115e-05 -1.74694e-05 -3.80575e-05 7.66889e-05 -1.517e-06 -2.77292e-05
internal_weight=2.29598e+06 2.08872e+06 270677 207258 1.81804e+06 149606 121071 92901 174822 1.01635e+06 801688
internal_count=2295975 2088717 270677 207258 1818040 149606 121071 92901 174822 1016352 801688
is_linear=0
shrinkage=0.00523217


Tree=40
num_leaves=12
num_cat=0
split_feature=20 1 0 1 0 1 0 9 0 9 1
split_gain=61.0003 31.6017 31.593 26.6385 25.6453 12.2316 13.1113 7.7673 5.49489 4.74891 4.59809
threshold=inf -0.28757840394973749 0.053010379895567901 0.54923850297927868 -2.4454582929611202 0.9321667253971101 -0.62412211298942555 0.056170783936977393 0.094728525727987303 inf -0.47350643575191492
decision_type=8 2 2 2 2 2 2 10 2 8 2
left_child=1 2 -1 8 -3 6 -6 -8 -2 -10 -4
right_child=3 4 10 -5 5 -7 7 -9 9 -11 -12
leaf_value=-3.0562137096720915e-05 0.00010187066060938832 -0.0001283021118630999 0.0001031526140786264 -3.9370292991869853e-06 -5.9353648390686031e-05 8.6171556428194602e-05 -1.649055768286874e-05 8.5414858075801635e-06 0.00016782469972332866 0.00037118693145841541 4.4204267843701725e-05
leaf_weight=97703 43230 53019 128002 45710 155466 34389 1142796 482622 59005 3328 50603
leaf_count=97703 43230 53019 128002 45710 155466 34389 1142796 482622 59005 3328 50603
internal_value=1.23136e-08 -7.15014e-06 4.50754e-05 0.000101559 -1.48744e-05 -1.1561e-05 -1.34487e-05 -9.0575e-06 0.000147247 0.000178702 8.64561e-05
internal_weight=2.29587e+06 2.1446e+06 276308 151273 1.86829e+06 1.81527e+06 1.78088e+06 1.62542e+06 105563 62333 178605
internal_count=2295873 2144600 276308 151273 1868292 1815273 1780884 1625418 105563 62333 178605
is_linear=0
shrinkage=0.00523217


Tree=41
num_leaves=12
num_cat=0
split_feature=20 2 22 21 22 13 2 16 15 11 15
split_gain=60.3582 16.9215 16.5368 11.6361 8.36648 5.63537 5.42915 4.96818 3.51172 3.09433 2.96899
threshold=inf 0.51169490814208995 6.4775207042694101 1.5658351778984072 6.4775207042694101 0.36855129897594457 0.33781629800796514 -0.073382347822189317 -0.097869295626878725 0.21204243600368503 -0.59235742688179005
decision_type=8 8 8 2 8 8 8 2 2 8 2
left_child=1 4 -2 6 5 9 -4 -3 -8 -1 -5
right_child=2 7 3 10 -6 -7 8 -9 -10 -11 -12
leaf_value=5.8342675410267799e-06 -3.2254251074145557e-05 -4.1697924300926369e-05 0.00017249846907815955 -7.6517413134313502e-05 -6.3724033857515846e-05 -1.1977283469593162e-05 6.5577437387314083e-05 -1.4273029868350213e-05 0.00015958461701819716 2.5433741360564245e-05 6.7986698793381391e-05
leaf_weight=686790 21795 353815 66320 8476 49072 359867 30534 370112 16944 324916 7193
leaf_count=686790 21795 353815 66320 8476 49072 359867 30534 370112 16944 324916 7193
internal_value=3.5241e-08 -7.08926e-06 0.00010105 0.000123497 3.40169e-06 5.80394e-06 0.000141904 -2.76779e-05 9.91469e-05 1.21296e-05 -1.01301e-05
internal_weight=2.29583e+06 2.14457e+06 151262 129467 1.42064e+06 1.37157e+06 113798 723927 47478 1.01171e+06 15669
internal_count=2295834 2144572 151262 129467 1420645 1371573 113798 723927 47478 1011706 15669
is_linear=0
shrinkage=0.00523217


Tree=42
num_leaves=12
num_cat=0
split_feature=2 6 12 8 9 15 18 18 8 15 8
split_gain=20.4066 10.7829 6.61231 6.35128 4.53164 3.85327 4.2084 3.82208 2.94576 2.90325 2.39242
threshold=0.50286775827407848 -2.4789489507675166 0.15196926146745685 -0.44586038589477534 0.034563049674034126 -0.4439090341329574 -1.1365486383438108 0.27956579625606542 -0.60834860801696766 -0.31375758349895472 -2.2516490221023555
decision_type=8 2 10 10 8 2 10 10 8 2 8
left_child=3 9 5 -1 -5 -3 -7 -6 -4 -2 -8
right_child=1 2 8 4 7 6 10 -9 -10 -11 -12
leaf_value=-4.0584377066258355e-06 -0.00014766955513744178 -5.6840986491022277e-05 -2.218354104694006e-05 1.1890676847421128e-05 4.9571197043455171e-05 -7.4619968857490788e-05 0.00012429332848413411 7.9766470088927001e-06 1.1365336657878323e-05 -6.1567719533558863e-05 -1.5709922607159055e-05
leaf_weight=497379 20267 113357 105560 729581 193919 35448 3382 87958 223010 22865 263141
leaf_count=497379 20267 113357 105560 729581 193919 35448 3382 87958 223010 22865 263141
internal_value=-1.72783e-08 -2.16159e-05 -1.69512e-05 1.12483e-05 1.87761e-05 -3.08258e-05 -2.10571e-05 3.65948e-05 5.84571e-07 -0.000102047 -1.39298e-05
internal_weight=2.29587e+06 787030 743898 1.50884e+06 1.01146e+06 415328 301971 281877 328570 43132 266523
internal_count=2295867 787030 743898 1508837 1011458 415328 301971 281877 328570 43132 266523
is_linear=0
shrinkage=0.00523217


Tree=43
num_leaves=12
num_cat=0
split_feature=22 1 1 1 4 9 4 1 9 21 6
split_gain=25.3707 28.6855 30.4264 16.672 15.4872 10.4716 27.1306 9.52111 7.57856 6.93116 5.68965
threshold=-1.8815670013427732 -0.28757840394973749 -2.8444726467132564 0.67969897389411937 -0.23621149361133573 inf 2.3158566951751713 -0.57800665497779835 0.034563049674034126 1.0000000180025095e-35 -2.6423264741897579
decision_type=10 2 2 2 10 8 8 2 10 2 2
left_child=3 2 9 5 -3 -1 -7 -4 -6 -2 -10
right_child=1 4 7 -5 8 6 -8 -9 10 -11 -12
leaf_value=6.5823504120835405e-05 2.481359721684053e-05 -3.0357640137651699e-05 0.00013504517462354547 -5.3657871351904785e-05 -8.1332943964223299e-06 0.00068978630349022824 6.6645067354693366e-05 5.1492623632615466e-05 -0.00012154734351689584 -5.4470479475845033e-05 2.7875537090858455e-05
leaf_weight=165456 57385 790383 77338 32456 752854 2685 6656 72270 7160 63663 267464
leaf_count=165456 57385 790383 77338 32456 752854 2685 6656 72270 7160 63663 267464
internal_value=1.5911e-08 -5.46293e-06 4.47897e-05 5.52305e-05 -1.29454e-05 7.54535e-05 0.000245913 9.46902e-05 4.48198e-07 -1.68779e-05 2.39764e-05
internal_weight=2.29577e+06 2.08852e+06 270656 207253 1.81786e+06 174797 9341 149608 1.02748e+06 121048 274624
internal_count=2295770 2088517 270656 207253 1817861 174797 9341 149608 1027478 121048 274624
is_linear=0
shrinkage=0.00523217


Tree=44
num_leaves=12
num_cat=0
split_feature=20 8 9 7 11 9 12 24 9 12 13
split_gain=59.5168 13.424 11.0725 6.18762 4.65743 4.42258 4.77849 4.3903 4.33747 3.07394 2.86604
threshold=inf -0.44586038589477534 0.38830380141735082 0.0096143111586570757 -0.76109021902084339 2.6975471973419194 -3.4621727466583248 0.033893547952175147 -0.0019581490196287628 0.041109258309006698 0.7114228904247285
decision_type=8 10 8 8 8 10 10 8 10 10 8
left_child=1 4 9 8 -1 6 -4 -6 -3 -2 -8
right_child=2 3 5 -5 7 -7 10 -9 -10 -11 -12
leaf_value=-4.8946047027801794e-05 9.4831525493161437e-05 5.1479573994685048e-06 -4.8462672258003054e-05 -9.405123276958766e-06 -2.8396600607075894e-05 -6.4122984115991423e-05 0.00012862647215549088 -2.0983313357846521e-06 3.2788902421594088e-05 0.0001539742946872812 2.316387887769411e-05
leaf_weight=154975 39061 495214 8610 555391 411626 9728 19757 300876 226560 63081 11004
leaf_count=154975 39061 495214 8610 555391 411626 9728 19757 300876 226560 63081 11004
internal_value=8.9741e-09 -7.06501e-06 0.000100325 3.7227e-06 -2.29484e-05 3.57302e-05 6.04241e-05 -1.72925e-05 1.38254e-05 0.000131366 9.09282e-05
internal_weight=2.29588e+06 2.14464e+06 151241 1.27716e+06 867477 49099 39371 712502 721774 102142 30761
internal_count=2295883 2144642 151241 1277165 867477 49099 39371 712502 721774 102142 30761
is_linear=0
shrinkage=0.00523217


Tree=45
num_leaves=12
num_cat=0
split_feature=4 6 6 11 16 12 11 7 8 7 19
split_gain=23.4845 7.67051 6.82572 5.59268 5.46897 3.53117 3.2222 3.3765 2.73478 2.62396 2.44965
threshold=-0.17025855928659436 -2.4789489507675166 -2.6423264741897579 0.36202487349510198 -0.068469498306512819 0.15196926146745685 -0.84263685345649708 inf -0.56032553315162648 0.37353330850601202 -0.60176295042037953
decision_type=10 2 2 8 2 10 10 8 8 8 10
left_child=1 -1 -2 9 5 6 -3 -8 -6 10 -4
right_child=2 4 3 -5 8 -7 7 -9 -10 -11 -12
leaf_value=-8.2061429584220422e-05 -9.9482042404475717e-05 -7.1565799787110654e-05 1.4836138085640818e-06 3.6531378127876463e-05 -1.6414225552819717e-05 -1.2085800142230339e-05 -2.2536197467537431e-05 -9.0870396237616613e-05 8.672539555383556e-06 -9.0915017297737281e-06 2.1963352740281825e-05
leaf_weight=47890 13797 62123 244145 312205 201242 279082 207303 21896 290913 151436 463785
leaf_count=47890 13797 62123 244145 312205 201242 279082 207303 21896 290913 151436 463785
internal_value=4.13475e-09 -1.7285e-05 1.62012e-05 1.75643e-05 -1.43646e-05 -2.53907e-05 -3.81337e-05 -2.90683e-05 -1.58381e-06 1.06727e-05 1.49016e-05
internal_weight=2.29582e+06 1.11045e+06 1.18537e+06 1.17157e+06 1.06256e+06 570404 291322 229199 492155 859366 707930
internal_count=2295817 1110449 1185368 1171571 1062559 570404 291322 229199 492155 859366 707930
is_linear=0
shrinkage=0.00523217


Tree=46
num_leaves=12
num_cat=0
split_feature=20 4 4 15 6 6 13 16 6 17 10
split_gain=58.8236 17.5434 15.3278 8.52162 6.99326 6.22374 4.81643 4.07001 3.46712 3.08822 2.67172
threshold=inf -0.16117183119058606 -0.52226632833480824 -0.10299967229366301 -2.1005469560623165 -3.3721005916595455 0.3176055252552033 -0.068469498306512819 -0.3817510306835174 0.62008139491081249 0.69340941309928905
decision_type=8 10 10 2 2 2 8 2 2 2 10
left_child=1 4 3 9 -1 -3 -7 -6 -4 -2 -9
right_child=2 5 8 -5 7 6 -8 10 -10 -11 -12
leaf_value=-7.7016132175597692e-05 2.2345800899371769e-05 -0.00015626319001557109 8.1446870416284709e-05 0.00013450351544666182 -2.8968339962644418e-05 1.5820161166666985e-05 -7.7390954660468176e-06 1.637544299656529e-06 0.0001588778954954029 -7.7066339817808235e-05 -2.5248918956950977e-05
leaf_weight=60680 30599 6320 20368 16554 528680 752017 347196 295930 71904 11871 153703
leaf_count=60680 30599 6320 20368 16554 528680 752017 347196 295930 71904 11871 153703
internal_value=-3.61082e-08 -7.07104e-06 9.96735e-05 3.38088e-05 -2.25078e-05 7.43594e-06 8.37803e-06 -1.9126e-05 0.000141796 -5.42384e-06 -7.55161e-06
internal_weight=2.29582e+06 2.14453e+06 151296 59024 1.03899e+06 1.10553e+06 1.09921e+06 978313 92272 42470 449633
internal_count=2295822 2144526 151296 59024 1038993 1105533 1099213 978313 92272 42470 449633
is_linear=0
shrinkage=0.00523217


Tree=47
num_leaves=12
num_cat=0
split_feature=20 22 7 21 18 18 22 16 11 20 7
split_gain=57.9354 16.1119 13.0898 11.5117 8.67933 13.4003 6.1709 5.92042 4.90998 4.35678 9.7957
threshold=inf 6.4775207042694101 0.12870776653289798 1.5658351778984072 -0.85885885357856739 0.15792692452669146 inf -0.068469498306512819 0.23573767393827441 3.3340328931808476 -0.98058137297630299
decision_type=8 8 8 2 8 10 8 2 10 10 10
left_child=2 -2 6 4 -3 -6 8 -4 -1 -8 -11
right_child=1 3 7 -5 5 -7 9 -9 -10 10 -12
leaf_value=-2.824786312142061e-08 -3.2630158947527535e-05 4.1596836452196785e-05 -3.25178435598963e-05 -1.1772888239257173e-05 0.00020492593154325834 7.169250725251456e-05 -6.3508409726476233e-05 -6.7932817412197733e-06 2.3820874909654218e-05 0.0058204178138879393 2.6479848778836554e-05
leaf_weight=779091 21777 20382 543381 15663 62469 30917 36808 446066 339168 9.9999999999999982 29
leaf_count=779091 21777 20382 543381 15663 62469 30917 36808 446066 339168 10 29
internal_value=2.43968e-08 9.90099e-05 -6.95454e-06 0.000121165 0.000139474 0.000160827 5.00862e-06 -2.09214e-05 7.20449e-06 -6.16096e-05 0.0016596
internal_weight=2.29576e+06 151208 2.14455e+06 129431 113768 93386 1.15511e+06 989447 1.11826e+06 36847 39
internal_count=2295761 151208 2144553 129431 113768 93386 1155106 989447 1118259 36847 39
is_linear=0
shrinkage=0.00523217


Tree=48
num_leaves=12
num_cat=0
split_feature=0 7 0 11 0 16 13 18 14 21 16
split_gain=28.617 11.7137 6.84809 5.60486 5.0135 4.5488 4.11688 3.28085 4.54551 3.03917 2.93104
threshold=-1.2182410359382627 0.10173379257321359 -4.3164000511169425 0.36202487349510198 0.049903945997357375 -0.25956101715564722 -2.6244745254516597 2.8316935300827031 -2.1262230873107906 0.014289093669503929 -0.075095210224390016
decision_type=2 8 2 10 2 2 10 8 2 2 2
left_child=2 3 -1 -2 6 -4 9 -6 -9 -3 -8
right_child=1 4 5 -5 7 -7 10 8 -10 -11 -12
leaf_value=-0.000141475123214348 9.5436449027292141e-06 -1.6508264097316524e-05 -8.4233065244802662e-05 3.5733941832897023e-05 -4.8148022831135399e-07 -2.394936094726724e-05 -3.3836941178196521e-05 -0.00025513177085806496 9.5593925906425998e-05 -0.00012337663967274004 -4.240075688693372e-06
leaf_weight=27573 853252 12115 62481 303241 555834 75992 167072 1078 15926 18344 202930
leaf_count=27573 853252 12115 62481 303241 555834 75992 167072 1078 15926 18344 202930
internal_value=-2.80294e-09 5.15472e-06 -6.61602e-05 1.64117e-05 -8.22018e-06 -5.11565e-05 -2.24228e-05 1.70725e-06 7.32956e-05 -8.08986e-05 -1.76066e-05
internal_weight=2.29584e+06 2.12979e+06 166046 1.15649e+06 973299 138473 400461 572838 17004 30459 370002
internal_count=2295838 2129792 166046 1156493 973299 138473 400461 572838 17004 30459 370002
is_linear=0
shrinkage=0.00523217


Tree=49
num_leaves=12
num_cat=0
split_feature=0 22 4 0 16 11 0 0 21 13 13
split_gain=28.5113 30.6454 13.6109 6.74008 4.47841 4.35274 4.0952 3.94134 3.61417 3.47748 3.34956
threshold=-1.2182410359382627 -1.8815670013427732 -0.16117183119058606 -4.3164000511169425 -0.25120198726654047 0.36202487349510198 0.094728525727987303 0.049903945997357375 0.014289093669503929 inf inf
decision_type=2 10 10 2 2 8 2 2 2 8 8
left_child=3 6 7 -1 -5 -4 8 9 -2 -3 -9
right_child=1 2 5 4 -6 -7 -8 10 -10 -11 -12
leaf_value=-0.00014070359966373934 8.5190790567177656e-05 -2.3487686388582657e-05 5.9053537328205468e-06 -8.3652181428587395e-05 -2.3887360584518648e-05 2.9998913458801454e-05 9.7471233701676611e-05 -8.1200959086506352e-06 1.2057964461065817e-05 -8.2989557130868133e-05 7.8571512247996086e-05
leaf_weight=27592 33721 350167 749262 63098 75380 282791 90035 541069 41046 29139 12480
leaf_count=27592 33721 350167 749262 63098 75380 282791 90035 541069 41046 29139 12480
internal_value=1.4667e-08 5.16388e-06 -5.83702e-07 -6.60145e-05 -5.11257e-05 1.2508e-05 7.36958e-05 -1.50684e-05 4.50535e-05 -2.80611e-05 -6.16398e-06
internal_weight=2.29578e+06 2.12971e+06 1.96491e+06 166070 138478 1.03205e+06 164802 932855 74767 379306 553549
internal_count=2295780 2129710 1964908 166070 138478 1032053 164802 932855 74767 379306 553549
is_linear=0
shrinkage=0.00523217


end of trees

feature_importances:
LN_TURNOVER=119
LOW_TURNOVER=64
OBV_CHG_20=43
IMAX60=32
RET_AMT_CORR20=30
CONSEC_UP5=27
MAX_DD60=25
Q_SALES_YOY=25
AMIHUD_20=23
CORD60=19
RET_VOL_CORR5=19
CORR20=18
BP=17
CNTD60=17
CORR60=13
EP=13
VOL_OF_VOL_20=12
CORD5=11
VOL_CV20=8
KLOW=7
WVMA30=3
VOL_PRICE_DIVERGENCE=2
NEG_SKEW_20=2
CNTD10=1

parameters:
[boosting: gbdt]
[objective: regression]
[metric: l2]
[tree_learner: serial]
[device_type: cpu]
[data_sample_strategy: bagging]
[data: ]
[valid: ]
[num_iterations: 1000]
[learning_rate: 0.00523217]
[num_leaves: 12]
[num_threads: 8]
[seed: 42]
[deterministic: 0]
[force_col_wise: 0]
[force_row_wise: 0]
[histogram_pool_size: -1]
[max_depth: 6]
[min_data_in_leaf: 7]
[min_sum_hessian_in_leaf: 0.001]
[bagging_fraction: 0.993677]
[pos_bagging_fraction: 1]
[neg_bagging_fraction: 1]
[bagging_freq: 1]
[bagging_seed: 400]
[bagging_by_query: 0]
[feature_fraction: 0.452778]
[feature_fraction_bynode: 1]
[feature_fraction_seed: 30056]
[extra_trees: 0]
[extra_seed: 12879]
[early_stopping_round: 0]
[early_stopping_min_delta: 0]
[first_metric_only: 0]
[max_delta_step: 0]
[lambda_l1: 0.153507]
[lambda_l2: 1.18198]
[linear_lambda: 0]
[min_gain_to_split: 0]
[drop_rate: 0.1]
[max_drop: 50]
[skip_drop: 0.5]
[xgboost_dart_mode: 0]
[uniform_drop: 0]
[drop_seed: 17869]
[top_rate: 0.2]
[other_rate: 0.1]
[min_data_per_group: 100]
[max_cat_threshold: 32]
[cat_l2: 10]
[cat_smooth: 10]
[max_cat_to_onehot: 4]
[top_k: 20]
[monotone_constraints: ]
[monotone_constraints_method: basic]
[monotone_penalty: 0]
[feature_contri: ]
[forcedsplits_filename: ]
[refit_decay_rate: 0.9]
[cegb_tradeoff: 1]
[cegb_penalty_split: 0]
[cegb_penalty_feature_lazy: ]
[cegb_penalty_feature_coupled: ]
[path_smooth: 0]
[interaction_constraints: ]
[verbosity: -1]
[saved_feature_importance_type: 0]
[use_quantized_grad: 0]
[num_grad_quant_bins: 4]
[quant_train_renew_leaf: 0]
[stochastic_rounding: 1]
[linear_tree: 0]
[max_bin: 255]
[max_bin_by_feature: ]
[min_data_in_bin: 3]
[bin_construct_sample_cnt: 200000]
[data_random_seed: 175]
[is_enable_sparse: 1]
[enable_bundle: 1]
[use_missing: 1]
[zero_as_missing: 0]
[feature_pre_filter: 1]
[pre_partition: 0]
[two_round: 0]
[header: 0]
[label_column: ]
[weight_column: ]
[group_column: ]
[ignore_column: ]
[categorical_feature: ]
[forcedbins_filename: ]
[precise_float_parser: 0]
[parser_config_file: ]
[objective_seed: 16083]
[num_class: 1]
[is_unbalance: 0]
[scale_pos_weight: 1]
[sigmoid: 1]
[boost_from_average: 1]
[reg_sqrt: 0]
[alpha: 0.9]
[fair_c: 1]
[poisson_max_delta_step: 0.7]
[tweedie_variance_power: 1.5]
[lambdarank_truncation_level: 30]
[lambdarank_norm: 1]
[label_gain: ]
[lambdarank_position_bias_regularization: 0]
[eval_at: ]
[multi_error_top_k: 1]
[auc_mu_weights: ]
[num_machines: 1]
[local_listen_port: 12400]
[time_out: 120]
[machine_list_filename: ]
[machines: ]
[gpu_platform_id: -1]
[gpu_device_id: -1]
[gpu_use_dp: 0]
[num_gpu: 1]

end of parameters

pandas_categorical:[]
