tree
version=v4
num_class=1
num_tree_per_iteration=1
label_index=0
max_feature_idx=25
objective=regression
feature_names=LOW_TURNOVER LN_TURNOVER INTRADAY_REV10 CORD20 RET_AMT_CORR20 VOL_CV20 CORD60 MACD_LINE AMIHUD_20 REV60 RET_VOL_CORR5 CORD5 CORR60 VOL_OF_VOL_20 VOL_PRICE_DIVERGENCE BP UP_DOWN_RATIO20 EP MAX_DD60 CURRENT_RATIO NEG_SKEW_20 VSTD5 CNTD5 Q_SALES_YOY CNTD60 ROE_YOY
feature_infos=[-6.8680329322814941:3.1086151599884033] [-8.0403404235839844:3.7767384052276611] [-5.7778487205505371:6.5336399078369141] [-3.8723030090332031:3.690310001373291] [-3.6931850910186768:3.9466025829315186] [-5.7497878074645996:3.0070130825042725] [-3.8115952014923096:3.6873188018798828] [-6.9911484718322754:8.0953445434570312] [-2.6987838745117188:6.951350212097168] [-5.869560718536377:4.1757268905639648] [-3.2236998081207275:4.2647409439086914] [-4.3365039825439453:3.2022957801818848] [-3.9734921455383301:3.7016687393188477] [-5.7929081916809082:3.0151181221008301] [-2.9822843074798584:3.4159069061279297] [-3.453726053237915:6.1595840454101562] [-4.1013031005859375:5.180936336517334] [-4.9270796775817871:7.452397346496582] [-2.9586927890777588:5.3561573028564453] [-3.0854628086090088:6.7131056785583496] [-3.998082160949707:4.1599020957946777] [-3.1342144012451172:6.6459097862243652] [-3.6574115753173828:3.6487312316894531] [-3.608168363571167:7.7434606552124023] [-3.6248409748077393:3.9537155628204346] [-7.5154495239257812:7.4137210845947266]
tree_sizes=957 939 968 963 964 972 973 969 973 972 968 930 968 987 971 969 967 972 962 972 964 974 962 971 966 971 977 971 973 969 975 973 966 971 951 972 970 972 973 932 973 969 986 967 968 985 963 954 957 972 970 973 967 955 970 972 967 967 967 969 984 971 969 969 961 971 976 974 964 970 975 973 963 971 965 977 979 975 977 971 968 981 951

Tree=0
num_leaves=8
num_cat=0
split_feature=1 1 2 11 16 1 1
split_gain=83.0149 80.4713 67.8892 23.9089 22.3927 19.1987 18.551
threshold=-0.25896468758583063 -3.2885241508483882 -0.94600984454154957 0.56388247013092052 -0.23734878748655316 0.56534835696220409 -0.49449406564235682
decision_type=2 2 2 8 2 2 2
left_child=1 4 5 -4 -1 -2 -3
right_child=2 6 3 -5 -6 -7 -8
leaf_value=-0.0029764976216086836 -0.0032585525826418567 -0.0029228244750166112 -0.0031541589457174373 -0.0032224340302196234 -0.0033099153180118366 -0.0034257413129957391 -0.0030721985747779361
leaf_weight=12591 72930 125430 890450 380112 61854 69835 65858
leaf_count=12591 72930 125430 890450 380112 61854 69835 65858
internal_value=-0.00316935 -0.00305249 -0.00319133 -0.00317458 -0.00325352 -0.00334034 -0.00297425
internal_weight=1.67906e+06 265733 1.41333e+06 1.27056e+06 74445 142765 191288
internal_count=1679060 265733 1413327 1270562 74445 142765 191288
is_linear=0
shrinkage=1


Tree=1
num_leaves=8
num_cat=0
split_feature=3 16 6 6 11 13 18
split_gain=61.7091 20.4736 20.3806 19.6395 8.99083 6.98451 2.48937
threshold=0.37076480686664587 -0.23734878748655316 inf inf 0.56388247013092052 -0.78698119521141041 2.8682500123977666
decision_type=8 2 8 8 10 10 10
left_child=4 3 -3 -2 5 -1 -6
right_child=1 2 -4 -5 6 -7 -8
leaf_value=-9.8732525725248829e-06 -1.3772928989552424e-05 -7.2495569663001005e-05 -0.00030237761808724821 0.00031921953838230579 -7.8845103402082874e-06 5.4869154348594086e-05 0.00019771272248178751
leaf_weight=98876 227476 404364 21074 9586 219683 694000 3101
leaf_count=98876 227476 404364 21074 9586 219683 694000 3101
internal_value=1.33588e-07 -5.39772e-05 -8.38834e-05 -3.06493e-07 3.54293e-05 4.67954e-05 -5.0218e-06
internal_weight=1.67816e+06 662500 425438 237062 1.01566e+06 792876 222784
internal_count=1678160 662500 425438 237062 1015660 792876 222784
is_linear=0
shrinkage=0.00720685


Tree=2
num_leaves=8
num_cat=0
split_feature=1 1 3 1 16 1 12
split_gain=85.4892 78.3781 51.3994 23.7932 20.795 17.2344 11.5096
threshold=-0.25896468758583063 -3.2885241508483882 0.37076480686664587 0.6077498495578767 -0.23734878748655316 -0.52857181429862965 0.50665718317031871
decision_type=2 2 8 2 2 2 10
left_child=1 4 6 -4 -1 -3 -2
right_child=2 5 3 -5 -6 -7 -8
leaf_value=0.00018675481603033881 2.5955127120715082e-05 0.0002488695989481403 -5.3677850363792051e-05 -0.00017243966851530475 -0.00013429332182152625 0.00010774762103975412 -3.5027413178933343e-05
leaf_weight=12615 669870 119201 420199 110700 61857 72158 211496
leaf_count=12615 669870 119201 420199 110700 61857 72158 211496
internal_value=-1.0522e-07 0.000118457 -2.24223e-05 -7.84417e-05 -7.99081e-05 0.000195656 1.13215e-05
internal_weight=1.6781e+06 265831 1.41226e+06 530899 74472 191359 881366
internal_count=1678096 265831 1412265 530899 74472 191359 881366
is_linear=0
shrinkage=0.00720685


Tree=3
num_leaves=8
num_cat=0
split_feature=1 1 3 1 1 1 12
split_gain=82.7592 83.8132 51.4706 23.213 16.5943 12.8091 11.2714
threshold=-0.29411354660987848 -3.2885241508483882 0.32268613576889044 0.58931297063827526 -4.1973986625671378 -0.52857181429862965 0.49846009910106664
decision_type=2 2 8 2 2 2 8
left_child=1 4 6 -4 -1 -3 -2
right_child=2 5 3 -5 -6 -7 -8
leaf_value=-0.00044395546717434738 2.7932576429719952e-05 0.0002479453945134677 -5.1079059322514454e-05 -0.00016351774728587 -5.0823240039623423e-05 0.00011793060561646995 -3.2875142366896598e-05
leaf_weight=6069 653825 118930 441303 121655 68630 58829 208914
leaf_count=6069 653825 118930 441303 121655 68630 58829 208914
internal_value=-4.74323e-07 0.000119795 -2.17714e-05 -7.53773e-05 -8.27692e-05 0.000204918 1.32078e-05
internal_weight=1.67816e+06 252458 1.4257e+06 562958 74699 177759 862739
internal_count=1678155 252458 1425697 562958 74699 177759 862739
is_linear=0
shrinkage=0.00720685


Tree=4
num_leaves=8
num_cat=0
split_feature=1 1 3 1 1 1 13
split_gain=82.3291 80.3451 49.1797 21.806 17.5888 13.3921 7.68945
threshold=-0.29411354660987848 -3.2885241508483882 0.31240385770797735 0.6077498495578767 -4.1973986625671378 -0.52857181429862965 -0.97466340661048878
decision_type=2 2 8 2 2 2 10
left_child=1 4 6 -4 -1 -3 -2
right_child=2 5 3 -5 -6 -7 -8
leaf_value=-0.000448675053901384 -4.9321018384741088e-05 0.00024687878853070781 -5.0675163240107099e-05 -0.00016165683338847695 -4.5592141746628879e-05 0.00011395864865548938 2.0706056511728085e-05
leaf_weight=6125 91136 119406 453132 115363 68440 58740 765680
leaf_count=6125 91136 119406 453132 115363 68440 58740 765680
internal_value=3.06228e-08 0.000119916 -2.12253e-05 -7.31966e-05 -7.87082e-05 0.000203052 1.32575e-05
internal_weight=1.67802e+06 252711 1.42531e+06 568495 74565 178146 856816
internal_count=1678022 252711 1425311 568495 74565 178146 856816
is_linear=0
shrinkage=0.00720685


Tree=5
num_leaves=8
num_cat=0
split_feature=1 1 2 3 16 1 1
split_gain=82.0588 78.18 63.3316 27.8823 21.5825 16.1864 15.5493
threshold=-0.27658750116825098 -3.2885241508483882 -1.0325137376785276 0.16848587244749072 -0.23734878748655316 0.56534835696220409 -0.52857181429862965
decision_type=2 2 2 8 2 2 2
left_child=1 4 5 -4 -1 -2 -3
right_child=2 6 3 -5 -6 -7 -8
leaf_value=0.00019179409879736546 -9.2458147616206274e-05 0.00024623453333099722 2.2298841659635398e-05 -4.5271557170830802e-05 -0.00013487721552120783 -0.00025620153069889966 0.00010815389544394689
leaf_weight=12652 61222 119073 737501 556527 61861 64278 65751
leaf_count=12652 61222 119073 737501 556527 61861 64278 65751
internal_value=-2.16757e-07 0.000117663 -2.17526e-05 -6.76138e-06 -7.94077e-05 -0.000176325 0.000197113
internal_weight=1.67886e+06 259337 1.41953e+06 1.29403e+06 74513 125500 184824
internal_count=1678865 259337 1419528 1294028 74513 125500 184824
is_linear=0
shrinkage=0.00720685


Tree=6
num_leaves=8
num_cat=0
split_feature=0 1 0 2 4 9 0
split_gain=88.2845 61.1217 88.5606 29.3006 27.6603 14.4221 7.30718
threshold=-1.0486663579940794 -0.31301079690456385 0.053272508084774024 -0.97384193539619435 -0.21197601407766339 0.35276268422603613 -2.4669674634933467
decision_type=2 2 2 2 8 8 2
left_child=3 2 -2 6 -3 -5 -1
right_child=1 4 -4 5 -6 -7 -8
leaf_value=-0.00040167682695893341 -9.1838334892384708e-05 -4.3212451383045632e-05 0.00020814283321955737 -0.00017853192637105181 2.4193550507553694e-05 5.1715015251213594e-06 -0.00022614455083885051
leaf_weight=25081 72548 550751 173006 49899 742426 39980 24217
leaf_count=25081 72548 550751 173006 49899 742426 39980 24217
internal_value=-4.43174e-07 1.52788e-05 0.000119514 -0.000174263 -4.51397e-06 -9.68174e-05 -0.000315455
internal_weight=1.67791e+06 1.53873e+06 245554 139177 1.29318e+06 89879 49298
internal_count=1677908 1538731 245554 139177 1293177 89879 49298
is_linear=0
shrinkage=0.00720685


Tree=7
num_leaves=8
num_cat=0
split_feature=0 1 0 2 10 19 0
split_gain=84.9474 59.2611 86.8085 27.155 23.8585 8.54067 6.41532
threshold=-1.1065748333930967 -0.29411354660987848 0.053272508084774024 -1.2925855517387388 -0.60970762372016896 -1.6207284331321714 -3.3279378414154048
decision_type=2 2 2 2 8 10 2
left_child=3 2 -2 6 -3 -5 -1
right_child=1 4 -4 5 -6 -7 -8
leaf_value=-0.00046388697473293689 -9.386570228118142e-05 -5.3049925329725468e-05 0.00020098751888355298 6.067073036845483e-05 1.4889851039149038e-05 -0.00013935924736717834 -0.0002667675526046696
leaf_weight=14257 72973 380196 179251 12784 913510 83458 21536
leaf_count=14257 72973 380196 179251 12784 913510 83458 21536
internal_value=-3.6013e-07 1.46257e-05 0.000115681 -0.00017582 -5.07638e-06 -0.000112788 -0.000345295
internal_weight=1.67796e+06 1.54593e+06 252224 132035 1.29371e+06 96242 35793
internal_count=1677965 1545930 252224 132035 1293706 96242 35793
is_linear=0
shrinkage=0.00720685


Tree=8
num_leaves=8
num_cat=0
split_feature=0 3 0 0 8 17 23
split_gain=82.4363 38.3743 19.6358 17.5346 14.1788 8.43406 4.04518
threshold=-1.0486663579940794 0.23485428094863894 0.050179252400994308 -3.3279378414154048 0.36046257615089422 -0.24813323467969892 -0.037511359900236123
decision_type=2 8 2 2 10 2 8
left_child=3 4 -3 6 -2 -5 -1
right_child=1 2 -4 5 -6 -7 -8
leaf_value=-0.00039767275741828565 2.8520092303528198e-05 -7.3337000312727864e-05 6.3211072891609498e-06 -0.00019497492439277106 9.3525959349924069e-05 -6.5303033408129109e-05 -0.00023863677712601168
leaf_weight=15433 633767 271899 393073 46728 240368 58880 18008
leaf_count=15433 633767 271899 393073 46728 240368 58880 18008
internal_value=-1.73503e-07 1.50088e-05 -2.62501e-05 -0.000168223 4.63954e-05 -0.00012268 -0.000312042
internal_weight=1.67816e+06 1.53911e+06 664972 139049 874135 105608 33441
internal_count=1678156 1539107 664972 139049 874135 105608 33441
is_linear=0
shrinkage=0.00720685


Tree=9
num_leaves=8
num_cat=0
split_feature=1 1 2 16 1 6 1
split_gain=75.9878 72.9401 59.2991 19.8858 17.2916 16.7069 15.3006
threshold=-0.25896468758583063 -3.2885241508483882 -0.97384193539619435 -0.23734878748655316 -0.52857181429862965 0.20916119962930682 0.58072853088378917
decision_type=2 2 2 2 2 8 2
left_child=1 3 6 -1 -3 -4 -2
right_child=2 4 5 -5 -6 -7 -8
leaf_value=0.00018236479751655024 -8.9523066919610685e-05 0.00024023093139662887 1.5810116112888824e-05 -0.00013238127718663955 9.8820793781637079e-05 -3.7608336019458301e-05 -0.0002420184024687836
leaf_weight=12544 70951 119115 775674 61721 72100 500178 65930
leaf_count=12544 70951 119115 775674 61721 72100 500178 65930
internal_value=5.96815e-07 0.000112465 -2.04255e-05 -7.9216e-05 0.000186911 -5.13175e-06 -0.000162975
internal_weight=1.67821e+06 265480 1.41273e+06 74265 191215 1.27585e+06 136881
internal_count=1678213 265480 1412733 74265 191215 1275852 136881
is_linear=0
shrinkage=0.00720685


Tree=10
num_leaves=8
num_cat=0
split_feature=0 3 2 0 17 10 0
split_gain=85.027 40.9349 22.7213 20.5023 7.86008 7.38665 5.3617
threshold=-1.3913235664367674 0.37076480686664587 -1.3925836086273191 0.050179252400994308 -0.31931121647357935 -0.60970762372016896 -3.3279378414154048
decision_type=2 8 2 2 2 8 2
left_child=2 5 6 -3 -4 -2 -1
right_child=1 3 4 -5 -6 -7 -8
leaf_value=-0.0004765538432236915 2.4264191811417812e-06 -8.1048536652494159e-05 -0.00021748766066244244 3.7111200944321119e-06 -7.0203746921065164e-05 5.1981045093404497e-05 -0.00027937347417579479
leaf_weight=13351 195680 265244 32976 335963 43841 775002 15468
leaf_count=13351 195680 265244 32976 335963 43841 775002 15468
internal_value=-2.53439e-07 1.30476e-05 -0.000198175 -3.36837e-05 -0.000133432 4.19914e-05 -0.000370735
internal_weight=1.67752e+06 1.57189e+06 105636 601207 76817 970682 28819
internal_count=1677525 1571889 105636 601207 76817 970682 28819
is_linear=0
shrinkage=0.00720685


Tree=11
num_leaves=8
num_cat=0
split_feature=4 16 6 6 9 11 18
split_gain=53.0429 18.6887 22.5642 20.2587 12.1743 6.69675 3.68569
threshold=-0.28627230226993555 -0.23734878748655316 inf inf -1.0048228502273557 0.56388247013092052 0.57403725385665905
decision_type=10 2 8 8 8 8 10
left_child=1 3 -3 -1 6 -6 -2
right_child=4 2 -4 -5 5 -7 -8
leaf_value=-9.756450413953589e-06 -2.7577438667358785e-06 -6.252556138929249e-05 -0.00030372516432084466 0.00033480077129280795 5.4486914555779123e-05 5.9963248829343603e-06 -9.9564082711151321e-05
leaf_weight=259863 43671 444068 21101 9175 672934 189605 38378
leaf_count=259863 43671 444068 21101 9175 672934 189605 38378
internal_value=1.33025e-07 -4.58155e-05 -7.34675e-05 1.99502e-06 3.58478e-05 4.38277e-05 -4.80394e-05
internal_weight=1.6788e+06 734207 465169 269038 944588 862539 82049
internal_count=1678795 734207 465169 269038 944588 862539 82049
is_linear=0
shrinkage=0.00720685


Tree=12
num_leaves=8
num_cat=0
split_feature=0 4 0 0 7 6 25
split_gain=79.5024 34.8037 17.5803 17.2208 11.0752 5.47983 4.10747
threshold=-1.0486663579940794 -0.15358108282089231 0.053272508084774024 -3.3279378414154048 -0.21035044640302655 -0.29809094965457911 0.48147453367710119
decision_type=2 10 2 2 2 8 8
left_child=3 2 -2 6 -5 -3 -1
right_child=1 5 -4 4 -6 -7 -8
leaf_value=-0.00036487642615621186 -6.3999445974990155e-05 6.4640947025256613e-05 8.08895991543309e-06 -8.379216076230224e-06 -0.00016891722001779989 2.7052773323527035e-05 -0.00019496699109775983
leaf_weight=22156 296020 439597 432302 32075 73387 371848 11095
leaf_count=22156 296020 439597 432302 32075 73387 371848 11095
internal_value=6.79494e-08 1.4955e-05 -2.12107e-05 -0.000165183 -0.000120092 4.74161e-05 -0.00030819
internal_weight=1.67848e+06 1.53977e+06 728322 138713 105462 811445 33251
internal_count=1678480 1539767 728322 138713 105462 811445 33251
is_linear=0
shrinkage=0.00720685


Tree=13
num_leaves=8
num_cat=0
split_feature=11 9 17 10 9 6 13
split_gain=45.2655 15.0117 13.4375 14.8768 11.7241 7.90371 6.69864
threshold=0.6953088939189912 -0.95802935957908619 -0.068589910864830003 -2.0226880311965938 0.014656061772257091 0.13692167401313785 -0.44847655296325678
decision_type=8 8 2 10 10 10 10
left_child=1 6 4 -4 -2 -3 -1
right_child=2 5 3 -5 -6 -7 -8
leaf_value=-0.00012373190513425883 -0.00013177052718105629 4.8903766478801465e-05 0.0001313966561378837 -3.8839514582233939e-05 -3.7196847382108188e-05 7.6082518455922846e-06 -1.2860728069235582e-05
leaf_weight=41496 156353 661871 30777 199385 120594 378318 89025
leaf_count=41496 156353 661871 30777 199385 120594 378318 89025
internal_value=1.06291e-07 2.4743e-05 -5.67698e-05 -1.60752e-05 -9.05897e-05 3.38846e-05 -4.81104e-05
internal_weight=1.67782e+06 1.17071e+06 507109 230162 276947 1.04019e+06 130521
internal_count=1677819 1170710 507109 230162 276947 1040189 130521
is_linear=0
shrinkage=0.00720685


Tree=14
num_leaves=8
num_cat=0
split_feature=1 1 2 3 16 1 1
split_gain=74.6694 72.4087 57.1722 25.3124 20.1819 15.5316 14.2294
threshold=-0.25896468758583063 -3.2885241508483882 -1.002091586589813 0.38056701421737676 -0.23734878748655316 -0.49449406564235682 0.56534835696220409
decision_type=2 2 2 8 2 2 2
left_child=1 4 6 -4 -1 -3 -2
right_child=2 5 3 -5 -6 -7 -8
leaf_value=0.00018219882317915473 -8.8544323342047633e-05 0.0002317844076366798 1.6858057983477666e-05 -5.0669665400442589e-05 -0.00013359987094418735 9.5063422898500569e-05 -0.00023897752831955838
leaf_weight=12663 64710 125875 843873 437929 61817 65674 65938
leaf_count=12663 64710 125875 843873 437929 61817 65674 65938
internal_value=9.78639e-09 0.000110769 -2.08513e-05 -6.21286e-06 -7.99062e-05 0.000184909 -0.000164469
internal_weight=1.67848e+06 266029 1.41245e+06 1.2818e+06 74480 191549 130648
internal_count=1678479 266029 1412450 1281802 74480 191549 130648
is_linear=0
shrinkage=0.00720685


Tree=15
num_leaves=8
num_cat=0
split_feature=1 1 2 11 16 1 1
split_gain=72.357 71.1255 59.2064 21.7141 20.2076 14.6742 14.0581
threshold=-0.27658750116825098 -3.2885241508483882 -1.002091586589813 0.56388247013092052 -0.23734878748655316 0.6077498495578767 -0.52857181429862965
decision_type=2 2 2 8 2 2 2
left_child=1 4 5 -4 -1 -2 -3
right_child=2 6 3 -5 -6 -7 -8
leaf_value=0.00018570007577157121 -9.5762674888368073e-05 0.0002332847903538546 1.4118585524850968e-05 -5.0372317795933678e-05 -0.0001309900055036138 -0.00024850832425726474 0.00010187102943261881
leaf_weight=12598 71246 119044 900178 388065 61783 60331 65572
leaf_count=12598 71246 119044 900178 388065 61783 60331 65572
internal_value=2.59481e-08 0.000110804 -2.01817e-05 -5.30839e-06 -7.73498e-05 -0.000165801 0.00018661
internal_weight=1.67882e+06 258997 1.41982e+06 1.28824e+06 74381 131577 184616
internal_count=1678817 258997 1419820 1288243 74381 131577 184616
is_linear=0
shrinkage=0.00720685


Tree=16
num_leaves=8
num_cat=0
split_feature=0 1 0 3 2 9 0
split_gain=78.6952 58.348 77.3037 31.7746 20.0264 9.43772 4.56126
threshold=-1.6984661221504209 -0.29411354660987848 0.053272508084774024 0.25418905913829809 -1.2925855517387388 0.36902301013469702 -3.3279378414154048
decision_type=2 2 2 8 2 8 2
left_child=4 2 -2 -3 6 -6 -1
right_child=1 3 -4 -5 5 -7 -8
leaf_value=-0.00046212041231090222 -8.5915752613120269e-05 2.1615928406641935e-05 0.00019213110020427105 -4.9736122697512347e-05 -0.0002180034064148446 -3.2003923331755494e-05 -0.0002760185893172474
leaf_weight=14418 73041 791891 179717 548815 32654 25030 13029
leaf_count=14418 73041 791891 179717 548815 32654 25030 13029
internal_value=-6.21918e-08 1.13435e-05 0.000111782 -7.59187e-06 -0.000213549 -0.000137298 -0.000373792
internal_weight=1.6786e+06 1.59346e+06 252758 1.34071e+06 85131 57684 27447
internal_count=1678595 1593464 252758 1340706 85131 57684 27447
is_linear=0
shrinkage=0.00720685


Tree=17
num_leaves=8
num_cat=0
split_feature=0 1 0 3 2 25 0
split_gain=77.4709 57.5003 80.092 29.3311 20.9207 6.57491 5.08708
threshold=-1.3913235664367674 -0.29411354660987848 0.053272508084774024 0.23485428094863894 -1.3925836086273191 0.88393411040306102 -3.3279378414154048
decision_type=2 2 2 8 2 8 2
left_child=4 2 -2 -3 6 -6 -1
right_child=1 3 -4 -5 5 -7 -8
leaf_value=-0.00045914459519625213 -8.8774870311410464e-05 2.1535754557599189e-05 0.00019393747830395637 -4.7407792665631648e-05 -0.00016755919043476666 -1.6211071327131685e-05 -0.00026657149121446353
leaf_weight=13288 73398 773217 178908 547405 56654 20233 15376
leaf_count=13288 73398 773217 178908 547405 56654 20233 15376
internal_value=-6.7922e-07 1.20041e-05 0.000111694 -7.04171e-06 -0.000189686 -0.000127733 -0.000355857
internal_weight=1.67848e+06 1.57293e+06 252306 1.32062e+06 105551 76887 28664
internal_count=1678479 1572928 252306 1320622 105551 76887 28664
is_linear=0
shrinkage=0.00720685


Tree=18
num_leaves=8
num_cat=0
split_feature=0 1 0 3 9 0 1
split_gain=75.931 56.423 75.4284 30.225 14.9356 7.39892 6.58347
threshold=-1.5934641957283018 -0.29411354660987848 0.053272508084774024 0.23485428094863894 0.33615505695343023 -4.3277623653411856 1.5604875683784487
decision_type=2 2 2 8 8 2 2
left_child=4 2 -2 -3 5 -1 -6
right_child=1 3 -4 -5 6 -7 -8
leaf_value=-0.00043493911467980668 -8.4608922891682022e-05 2.2234023460594362e-05 0.00019017786291532197 -4.7364994302963033e-05 -0.00012316961666881173 -0.00023203904329588296 0.00017322876201854209
leaf_weight=11846 72972 779047 179532 554923 31054 44062 4449
leaf_count=11846 72972 779047 179532 554923 31054 44062 4449
internal_value=3.4279e-07 1.19803e-05 0.000110766 -6.71872e-06 -0.000201628 -0.000275037 -8.60226e-05
internal_weight=1.67788e+06 1.58647e+06 252504 1.33397e+06 91411 55908 35503
internal_count=1677885 1586474 252504 1333970 91411 55908 35503
is_linear=0
shrinkage=0.00720685


Tree=19
num_leaves=8
num_cat=0
split_feature=0 1 0 3 9 0 7
split_gain=75.6102 53.7826 76.0533 27.1002 19.0416 9.78304 6.94334
threshold=-1.1065748333930967 -0.29411354660987848 0.053272508084774024 0.16848587244749072 0.096284974366426482 -3.7841144800186153 0.3296527117490769
decision_type=2 2 2 8 8 2 2
left_child=4 2 -2 -3 5 -1 -6
right_child=1 3 -4 -5 6 -7 -8
leaf_value=-0.00040389765762480483 -8.5193501366678272e-05 2.4963987605843597e-05 0.00019058436179289254 -4.1538545142411899e-05 -2.0939143801329237e-05 -0.00019916277709552903 -0.00020473543207770865
leaf_weight=15233 73075 726974 179562 566096 43207 59383 14178
leaf_count=15233 73075 726974 179562 566096 43207 59383 14178
internal_value=5.01767e-07 1.46403e-05 0.000110816 -4.15029e-06 -0.000165056 -0.000240965 -6.63524e-05
internal_weight=1.67771e+06 1.54571e+06 252637 1.29307e+06 132001 74616 57385
internal_count=1677708 1545707 252637 1293070 132001 74616 57385
is_linear=0
shrinkage=0.00720685


Tree=20
num_leaves=8
num_cat=0
split_feature=1 1 3 1 1 1 8
split_gain=68.5826 68.8984 41.69 19.2175 17.5205 12.2369 8.11307
threshold=-0.29411354660987848 -3.2885241508483882 0.32268613576889044 0.58072853088378917 -4.1973986625671378 -0.52857181429862965 0.27082677185535436
decision_type=2 2 8 2 2 2 10
left_child=1 4 6 -4 -1 -3 -2
right_child=2 5 3 -5 -6 -7 -8
leaf_value=-0.00044410554537966854 -1.2726998564401234e-06 0.00022855593857260174 -4.5035222170964885e-05 -0.0001463095217473641 -4.1414973836345962e-05 0.00010169457155696782 4.8489450898319647e-05
leaf_weight=6112 630248 119094 437400 125165 68446 59088 233106
leaf_count=6112 630248 119094 437400 125165 68446 59088 233106
internal_value=1.00661e-07 0.000109517 -1.9293e-05 -6.7568e-05 -7.44317e-05 0.000186488 1.21631e-05
internal_weight=1.67866e+06 252740 1.42592e+06 562565 74558 178182 863354
internal_count=1678659 252740 1425919 562565 74558 178182 863354
is_linear=0
shrinkage=0.00720685


Tree=21
num_leaves=8
num_cat=0
split_feature=1 1 2 3 9 1 1
split_gain=68.4571 65.683 54.4079 21.8084 17.6304 14.9506 9.67326
threshold=-0.29411354660987848 -3.3836677074432369 -0.94600984454154957 0.32268613576889044 0.014656061772257091 0.56534835696220409 -0.56557518243789662
decision_type=2 2 2 8 8 2 2
left_child=1 4 5 -4 -1 -2 -3
right_child=2 6 3 -5 -6 -7 -8
leaf_value=-0.00019637410513483641 -8.0974564055269452e-05 0.00021812088424207526 1.7522908829903024e-05 -4.4281715706283387e-05 3.6054037516487703e-05 -0.00022825816044991115 0.00010907440548690385
leaf_weight=34687 73216 119126 817195 465417 33147 70044 65480
leaf_count=34687 73216 119126 817195 465417 33147 70044 65480
internal_value=-4.15415e-07 0.000108975 -1.97822e-05 -4.90392e-06 -8.27991e-05 -0.000152987 0.000179443
internal_weight=1.67831e+06 252440 1.42587e+06 1.28261e+06 67834 143260 184606
internal_count=1678312 252440 1425872 1282612 67834 143260 184606
is_linear=0
shrinkage=0.00720685


Tree=22
num_leaves=8
num_cat=0
split_feature=0 3 9 0 0 7 9
split_gain=72.3584 32.1876 19.6113 15.5819 9.31466 7.25388 5.40271
threshold=-1.0486663579940794 0.16848587244749072 -0.1060662269592285 0.053272508084774024 -3.7841144800186153 0.3296527117490769 1.6820027232170107
decision_type=2 8 8 2 2 2 8
left_child=2 6 4 -3 -1 -4 -2
right_child=1 3 5 -5 -6 -7 -8
leaf_value=-0.00040206335793095005 4.0815680523844912e-05 -6.2179771956219043e-05 -2.5049116087259651e-05 6.8169350628044656e-06 -0.00019830562440749597 -0.00019854510322731757 0.00012817373145064011
leaf_weight=14624 797152 286901 50211 417230 57377 16672 38548
leaf_count=14624 797152 286901 50211 417230 57377 16672 38548
internal_value=3.90384e-07 1.46003e-05 -0.000157157 -2.12961e-05 -0.000239696 -6.82992e-05 4.48454e-05
internal_weight=1.67872e+06 1.53983e+06 138884 704131 72001 66883 835700
internal_count=1678715 1539831 138884 704131 72001 66883 835700
is_linear=0
shrinkage=0.00720685


Tree=23
num_leaves=8
num_cat=0
split_feature=1 1 2 4 9 1 1
split_gain=66.8867 62.9588 53.079 18.9509 18.786 14.693 13.6903
threshold=-0.25896468758583063 -3.2885241508483882 -0.94600984454154957 -0.27713035047054285 0.014656061772257091 -0.49449406564235682 0.57312300801277172
decision_type=2 2 2 8 8 2 2
left_child=1 4 6 -4 -1 -3 -2
right_child=2 5 3 -5 -6 -7 -8
leaf_value=-0.00018390496462578269 -8.2587346081340357e-05 0.00022060992969897975 -3.9010036072645157e-05 1.8135793492654685e-05 4.4915813948833185e-05 8.7672139072697989e-05 -0.00022402714617873989
leaf_weight=38068 73732 125697 492263 777388 36504 65784 68629
leaf_count=38068 73732 125697 492263 777388 36504 65784 68629
internal_value=9.3395e-07 0.000105754 -1.88165e-05 -4.02051e-06 -7.18946e-05 0.000174939 -0.000150773
internal_weight=1.67806e+06 266053 1.41201e+06 1.26965e+06 74572 191481 142361
internal_count=1678065 266053 1412012 1269651 74572 191481 142361
is_linear=0
shrinkage=0.00720685


Tree=24
num_leaves=8
num_cat=0
split_feature=0 3 2 0 9 8 0
split_gain=70.2371 32.8405 23.3865 15.5601 13.6283 12.2568 6.20631
threshold=-1.1065748333930967 0.23485428094863894 -1.0642067790031431 0.050179252400994308 0.32837033271789556 0.30836205184459692 -2.4669674634933467
decision_type=2 8 2 2 8 10 2
left_child=2 5 6 -3 -4 -2 -1
right_child=1 3 4 -5 -6 -7 -8
leaf_value=-0.00037607208654860175 2.4515409669971464e-05 -6.6786862548669175e-05 -0.00017292867360713083 3.8474966122468644e-06 7.3405365344215319e-06 8.3785050855706946e-05 -0.00020444950530450808
leaf_weight=23471 621270 275411 48870 393304 39295 255849 20515
leaf_count=23471 621270 275411 48870 393304 39295 255849 20515
internal_value=-8.33067e-07 1.27999e-05 -0.000160303 -2.52434e-05 -9.25835e-05 4.1804e-05 -0.000296034
internal_weight=1.67798e+06 1.54583e+06 132151 668715 88165 877119 43986
internal_count=1677985 1545834 132151 668715 88165 877119 43986
is_linear=0
shrinkage=0.00720685


Tree=25
num_leaves=8
num_cat=0
split_feature=0 11 2 0 9 8 0
split_gain=72.1159 29.236 23.7454 13.848 13.6271 11.926 6.24263
threshold=-1.0486663579940794 0.64813151955604564 -1.2485217452049253 0.053272508084774024 0.32837033271789556 0.32100251317024237 -3.3279378414154048
decision_type=2 8 2 2 8 10 2
left_child=2 5 6 -3 -4 -2 -1
right_child=1 3 4 -5 -6 -7 -8
leaf_value=-0.0004250309779353821 2.0271346709182675e-05 -7.5965987789379679e-05 -0.00017262178404213875 2.1717084291629576e-06 -3.3012357046109587e-06 7.4043600589859335e-05 -0.00023648471765709591
leaf_weight=14885 765395 212209 56679 264799 43738 297490 23568
leaf_count=14885 765395 212209 56679 264799 43738 297490 23568
internal_value=1.00009e-07 1.42849e-05 -0.000157192 -3.25898e-05 -9.88729e-05 3.53217e-05 -0.00030948
internal_weight=1.67876e+06 1.53989e+06 138870 477008 100417 1.06288e+06 38453
internal_count=1678763 1539893 138870 477008 100417 1062885 38453
is_linear=0
shrinkage=0.00720685


Tree=26
num_leaves=8
num_cat=0
split_feature=2 11 9 5 5 11 2
split_gain=54.4682 25.8598 12.0834 9.15104 7.65874 6.7953 6.67659
threshold=-1.002091586589813 0.59138822555542003 -0.013996043242514132 -0.52163767814636219 0.17776855081319812 1.920398533344269 -2.0781079530715938
decision_type=2 8 10 10 10 8 2
left_child=2 3 6 -2 -3 -4 -1
right_child=1 4 5 -5 -6 -7 -8
leaf_value=-0.00023866160644081655 -1.3305686120370934e-05 -5.9053817652295912e-05 -8.4918728309926788e-05 4.3708274794338159e-05 -4.757782941717418e-07 9.8197134253898738e-05 -0.00012374855035238343
leaf_weight=37536 175892 238518 30915 866651 225547 15958 87444
leaf_count=37536 175892 238518 30915 866651 225547 15958 87444
internal_value=3.02991e-07 1.41687e-05 -0.000121254 3.40892e-05 -3.05836e-05 -2.25753e-05 -0.000158263
internal_weight=1.67846e+06 1.50661e+06 171853 1.04254e+06 464065 46873 124980
internal_count=1678461 1506608 171853 1042543 464065 46873 124980
is_linear=0
shrinkage=0.00720685


Tree=27
num_leaves=8
num_cat=0
split_feature=0 1 0 3 9 0 7
split_gain=67.8665 52.6976 68.9354 24.9484 16.1857 7.69866 6.03122
threshold=-1.3117275238037107 -0.29411354660987848 0.053272508084774024 0.25418905913829809 -0.12118560448288916 -4.3277623653411856 0.3296527117490769
decision_type=2 2 2 8 8 2 2
left_child=4 2 -2 -3 5 -1 -6
right_child=1 3 -4 -5 6 -7 -8
leaf_value=-0.00042663354059758053 -7.8367035934890551e-05 2.0049350419239538e-05 0.00018388106590205936 -4.3882161188472181e-05 -3.4400293263928254e-05 -0.00021436082486401024 -0.00020653739184433188
leaf_weight=10910 73350 782088 179362 533156 39290 47579 14463
leaf_count=10910 73350 782088 179362 533156 39290 47579 14463
internal_value=1.92897e-07 1.24477e-05 0.000107763 -5.86634e-06 -0.000170998 -0.000253963 -8.07195e-05
internal_weight=1.6802e+06 1.56796e+06 252712 1.31524e+06 112242 58489 53753
internal_count=1680198 1567956 252712 1315244 112242 58489 53753
is_linear=0
shrinkage=0.00720685


Tree=28
num_leaves=8
num_cat=0
split_feature=0 11 2 0 8 9 0
split_gain=66.5073 30.4637 17.0975 16.8251 12.1645 10.8683 3.29651
threshold=-1.5934641957283018 0.57328543066978466 -1.3925836086273191 0.050179252400994308 0.32100251317024237 0.36902301013469702 -3.3279378414154048
decision_type=2 8 2 2 10 8 2
left_child=2 4 6 -3 -2 -4 -1
right_child=1 3 5 -5 -6 -7 -8
leaf_value=-0.00042448756936158731 1.7966670085709129e-05 -7.8013359271174117e-05 -0.00020760755253645833 2.6721892794027296e-06 7.2956012475249441e-05 -1.9911796648666376e-05 -0.00026298681072029135
leaf_weight=13263 752533 242414 37236 300785 289257 28126 13015
leaf_count=13263 752533 242414 37236 300785 289257 28126 13015
internal_value=-4.94067e-07 1.04201e-05 -0.000189263 -3.33355e-05 3.32347e-05 -0.000126842 -0.000344513
internal_weight=1.67663e+06 1.58499e+06 91640 543199 1.04179e+06 65362 26278
internal_count=1676629 1584989 91640 543199 1041790 65362 26278
is_linear=0
shrinkage=0.00720685


Tree=29
num_leaves=8
num_cat=0
split_feature=0 1 0 3 9 0 1
split_gain=65.5495 49.9518 66.8397 25.1283 17.0681 8.54213 5.36468
threshold=-1.2393832206726072 -0.25896468758583063 0.053272508084774024 0.36162236332893377 0.24155528843402865 -3.7841144800186153 1.5604875683784487
decision_type=2 2 2 8 8 2 2
left_child=4 2 -2 -3 5 -1 -6
right_child=1 3 -4 -5 6 -7 -8
leaf_value=-0.00038102720406011677 -8.1476714287058514e-05 1.7720415030935112e-05 0.00017342935585164081 -4.8412382212532332e-05 -8.5362214698204406e-05 -0.00019149771838022523 0.00015491231949867976
leaf_weight=15916 74085 827152 191603 466835 42727 55165 5440
leaf_count=15916 74085 827152 191603 466835 42727 55165 5440
internal_value=-1.09074e-07 1.23425e-05 0.000102351 -6.13848e-06 -0.000162965 -0.000233941 -5.82225e-05
internal_weight=1.67892e+06 1.55968e+06 265688 1.29399e+06 119248 71081 48167
internal_count=1678923 1559675 265688 1293987 119248 71081 48167
is_linear=0
shrinkage=0.00720685


Tree=30
num_leaves=8
num_cat=0
split_feature=1 1 2 3 9 1 1
split_gain=63.9352 64.2507 47.5975 20.6453 17.5359 13.9137 11.9149
threshold=-0.27658750116825098 -3.3836677074432369 -0.94600984454154957 0.32268613576889044 0.014656061772257091 0.57312300801277172 -0.52857181429862965
decision_type=2 2 2 8 8 2 2
left_child=1 4 5 -4 -1 -2 -3
right_child=2 6 3 -5 -6 -7 -8
leaf_value=-0.00019906660462197957 -7.5566183995857858e-05 0.00021264690103904761 1.6582068865424178e-05 -4.3671031013336067e-05 3.2155569719538723e-05 -0.00021797274782436873 9.2678878530764016e-05
leaf_weight=34870 74086 125684 813075 463867 33307 68662 65363
leaf_count=34870 74086 125684 813075 463867 33307 68662 65363
internal_value=-2.53995e-07 0.000103824 -1.92579e-05 -5.30571e-06 -8.61067e-05 -0.000144065 0.000171603
internal_weight=1.67891e+06 259224 1.41969e+06 1.27694e+06 68177 142748 191047
internal_count=1678914 259224 1419690 1276942 68177 142748 191047
is_linear=0
shrinkage=0.00720685


Tree=31
num_leaves=8
num_cat=0
split_feature=0 1 0 3 0 1 7
split_gain=66.2927 48.8516 67.6868 23.5176 14.1092 10.2262 8.25509
threshold=-1.0486663579940794 -0.29411354660987848 0.053272508084774024 0.23485428094863894 -2.9714092016220088 0.83598938584327709 -0.14636072516441342
decision_type=2 2 2 8 2 2 2
left_child=4 2 -2 -3 5 -1 -6
right_child=1 3 -4 -5 6 -7 -8
leaf_value=-8.3776431911602029e-05 -8.0108944220471924e-05 2.0997198402824154e-05 0.00018026648415032993 -4.1674092986979154e-05 -1.1694410155564812e-05 -0.00033765043143152451 -0.00015136197785120905
leaf_weight=11563 72931 760165 179438 526304 33029 28690 65705
leaf_count=11563 72931 760165 179438 526304 33029 28690 65705
internal_value=-2.71554e-07 1.33428e-05 0.000105022 -4.64208e-06 -0.000151006 -0.000264727 -0.00010464
internal_weight=1.67782e+06 1.53884e+06 252369 1.28647e+06 138987 40253 98734
internal_count=1677825 1538838 252369 1286469 138987 40253 98734
is_linear=0
shrinkage=0.00720685


Tree=32
num_leaves=8
num_cat=0
split_feature=0 3 2 0 12 17 0
split_gain=65.5089 31.0961 18.7448 16.0509 8.23057 6.79718 4.02574
threshold=-1.3913235664367674 0.37076480686664587 -1.3925836086273191 0.050179252400994308 0.38125742971897131 -0.24813323467969892 -3.3279378414154048
decision_type=2 8 2 2 10 2 2
left_child=2 4 6 -3 -2 -4 -1
right_child=1 3 5 -5 -6 -7 -8
leaf_value=-0.0004214089342208661 5.0427337661272827e-05 -7.0883176838289989e-05 -0.00018581289531699238 4.1453728416078056e-06 4.1922961547761353e-06 -5.0441140674605747e-05 -0.0002505483548632846
leaf_weight=13416 690026 264855 36688 335926 281583 40568 15382
leaf_count=13416 690026 264855 36688 335926 281583 40568 15382
internal_value=1.33174e-07 1.18262e-05 -0.00017323 -2.89311e-05 3.7028e-05 -0.000114729 -0.000330159
internal_weight=1.67844e+06 1.57239e+06 106054 600781 971609 77256 28798
internal_count=1678444 1572390 106054 600781 971609 77256 28798
is_linear=0
shrinkage=0.00720685


Tree=33
num_leaves=8
num_cat=0
split_feature=0 1 0 11 2 9 0
split_gain=66.0328 47.4703 66.5501 21.0291 20.216 11.2297 5.06738
threshold=-1.2393832206726072 -0.29411354660987848 0.053272508084774024 0.55485871434211742 -0.82648640871047963 0.35276268422603613 -2.6976358890533443
decision_type=2 2 2 8 2 8 2
left_child=4 2 -2 -3 6 -6 -1
right_child=1 3 -4 -5 5 -7 -8
leaf_value=-0.00034630850608483808 -7.9770687713225035e-05 1.5458874557829672e-05 0.00017824915207451092 -4.6657410885788037e-05 -0.00016774799617407172 1.7008693848138575e-05 -0.0002011078148079318
leaf_weight=24875 73031 891831 179603 414705 37226 31582 25074
leaf_count=24875 73031 891831 179603 414705 37226 31582 25074
internal_value=7.51462e-07 1.32288e-05 0.000103661 -4.25733e-06 -0.000163064 -8.29476e-05 -0.000273425
internal_weight=1.67793e+06 1.55917e+06 252634 1.30654e+06 118757 68808 49949
internal_count=1677927 1559170 252634 1306536 118757 68808 49949
is_linear=0
shrinkage=0.00720685


Tree=34
num_leaves=8
num_cat=0
split_feature=0 1 0 3 1 1 19
split_gain=62.3376 49.1771 69.4459 25.6037 12.0349 16.7416 7.58419
threshold=-1.5934641957283018 -0.33229407668113703 0.053272508084774024 0.16848587244749072 0.79674589633941661 1.2558788657188418 inf
decision_type=2 2 2 8 2 2 8
left_child=4 2 -2 -3 6 -6 -1
right_child=1 3 -4 -5 5 -7 -8
leaf_value=-0.0001186441290231773 -8.1411699293517146e-05 2.1633882004037732e-05 0.00018623767042612072 -4.1648130656029532e-05 -0.00033518881228523044 -7.0380100072008189e-05 0.00019977375075442907
leaf_weight=30800 72012 750248 167383 595771 37803 18454 4445
leaf_count=30800 72012 750248 167383 595771 37803 18454 4445
internal_value=-4.77361e-09 1.05515e-05 0.000105726 -6.37581e-06 -0.000182907 -0.000248327 -7.84812e-05
internal_weight=1.67692e+06 1.58541e+06 239395 1.34602e+06 91502 56257 35245
internal_count=1676916 1585414 239395 1346019 91502 56257 35245
is_linear=0
shrinkage=0.00720685


Tree=35
num_leaves=8
num_cat=0
split_feature=1 1 2 3 9 1 1
split_gain=63.1944 57.5775 46.8588 19.1107 16.4355 13.3702 13.1361
threshold=-0.25896468758583063 -3.3836677074432369 -0.94600984454154957 0.38056701421737676 0.014656061772257091 -0.49449406564235682 0.55775186419487011
decision_type=2 2 2 8 8 2 2
left_child=1 4 6 -4 -1 -3 -2
right_child=2 5 3 -5 -6 -7 -8
leaf_value=-0.00018838095252926768 -7.4167073394389548e-05 0.00020565208977730564 1.464728138755184e-05 -4.4385056508254411e-05 3.56227724262944e-05 7.9935546553417189e-05 -0.00021253182734358474
leaf_weight=34851 71440 132299 839014 431223 33235 65791 71114
leaf_count=34851 71440 132299 839014 431223 33235 65791 71114
internal_value=-1.05988e-07 0.000101757 -1.92975e-05 -5.39315e-06 -7.90381e-05 0.000163899 -0.000143192
internal_weight=1.67897e+06 266176 1.41279e+06 1.27024e+06 68086 198090 142554
internal_count=1678967 266176 1412791 1270237 68086 198090 142554
is_linear=0
shrinkage=0.00720685


Tree=36
num_leaves=8
num_cat=0
split_feature=0 1 0 10 9 0 7
split_gain=66.1367 48.0131 62.797 19.3585 17.477 8.42204 6.25768
threshold=-1.0486663579940794 -0.29411354660987848 0.053272508084774024 -0.65697923302650441 -0.1060662269592285 -3.3279378414154048 0.3296527117490769
decision_type=2 2 2 8 8 2 2
left_child=4 2 -2 -3 5 -1 -6
right_child=1 3 -4 -5 6 -7 -8
leaf_value=-0.00036268763797447955 -7.3961439237506561e-05 -5.008989249293384e-05 0.00017660476444794203 1.2671169871495115e-05 -2.6344870113570249e-05 -0.00018339721300169681 -0.00018781980390333001
leaf_weight=18202 73068 351058 179739 935404 49901 53937 16615
leaf_count=18202 73068 351058 179739 935404 49901 53937 16615
internal_value=-1.92366e-07 1.33874e-05 0.000104184 -4.45548e-06 -0.000150946 -0.00022864 -6.66821e-05
internal_weight=1.67792e+06 1.53927e+06 252807 1.28646e+06 138655 72139 66516
internal_count=1677924 1539269 252807 1286462 138655 72139 66516
is_linear=0
shrinkage=0.00720685


Tree=37
num_leaves=8
num_cat=0
split_feature=0 1 0 3 2 9 0
split_gain=60.6455 46.5325 64.1219 22.2201 21.4055 12.0075 6.47117
threshold=-1.0486663579940794 -0.29411354660987848 0.053272508084774024 0.23485428094863894 -0.80427673459053028 0.35276268422603613 -2.6976358890533443
decision_type=2 2 2 8 2 8 2
left_child=4 2 -2 -3 6 -6 -1
right_child=1 3 -4 -5 5 -7 -8
leaf_value=-0.00033917936493158289 -7.7306923956015099e-05 2.0306065282485088e-05 0.00017586176616679502 -4.060426103831231e-05 -0.00015018986657487881 2.4453559017860191e-05 -0.00018366465894763519
leaf_weight=25001 73196 759875 179101 526668 44760 37643 31304
leaf_count=25001 73196 759875 179101 526668 44760 37643 31304
internal_value=-8.83743e-08 1.29212e-05 0.000102413 -4.62859e-06 -0.000144417 -7.04103e-05 -0.000252723
internal_weight=1.67755e+06 1.53884e+06 252297 1.28654e+06 138708 82403 56305
internal_count=1677548 1538840 252297 1286543 138708 82403 56305
is_linear=0
shrinkage=0.00720685


Tree=38
num_leaves=8
num_cat=0
split_feature=0 1 0 3 0 17 1
split_gain=59.7298 44.8964 62.9314 21.4762 14.3681 8.87909 7.83332
threshold=-1.0486663579940794 -0.29411354660987848 0.053272508084774024 0.20566683262586596 -3.7841144800186153 -0.24813323467969892 0.88239899277687084
decision_type=2 2 2 8 2 2 2
left_child=4 2 -2 -3 6 -6 -1
right_child=1 3 -4 -5 5 -7 -8
leaf_value=-0.00011900970578079124 -7.7330131113671589e-05 2.0688269040760826e-05 0.00017349244712996407 -3.8924630638115292e-05 -0.00017866730419018988 -4.9878243754843369e-05 -0.00038171198709851032
leaf_weight=8847 73191 744898 179056 542466 50404 62011 17678
leaf_count=8847 73191 744898 179056 542466 50404 62011 17678
internal_value=-1.18952e-07 1.27957e-05 0.000100715 -4.43125e-06 -0.000143227 -0.000107625 -0.0002941
internal_weight=1.67855e+06 1.53961e+06 252247 1.28736e+06 138940 112415 26525
internal_count=1678551 1539611 252247 1287364 138940 112415 26525
is_linear=0
shrinkage=0.00720685


Tree=39
num_leaves=8
num_cat=0
split_feature=0 2 5 12 19 12 0
split_gain=57.3276 20.8898 19.0325 26.9605 10.0276 9.98081 5.55468
threshold=-1.0486663579940794 -0.94600984454154957 0.19112845510244372 inf -1.6207284331321714 inf -2.4669674634933467
decision_type=2 2 10 8 10 8 2
left_child=1 6 3 -2 -3 -4 -1
right_child=2 4 5 -5 -6 -7 -8
leaf_value=-0.00033225587362079983 -6.8157810202579192e-06 0.00012387777918453758 3.367860864214705e-05 -0.00027035047339671824 -0.00010332080646178386 0.00027181614861829343 -0.00018092039431575035
leaf_weight=25441 693773 11619 814674 20765 76614 9244 24963
leaf_count=25441 693773 11619 814674 20765 76614 9244 24963
internal_value=9.60503e-08 -0.000140266 1.27448e-05 -1.44747e-05 -7.34008e-05 3.63507e-05 -0.000257311
internal_weight=1.67709e+06 138637 1.53846e+06 714538 88233 823918 50404
internal_count=1677093 138637 1538456 714538 88233 823918 50404
is_linear=0
shrinkage=0.00720685


Tree=40
num_leaves=8
num_cat=0
split_feature=0 1 0 4 17 24 0
split_gain=58.4533 46.1602 64.8882 20.8577 11.7476 6.96824 4.94154
threshold=-1.2393832206726072 -0.33229407668113703 0.053272508084774024 -0.26819449663162226 -0.24813323467969892 -1.1875894069671629 -2.6976358890533443
decision_type=2 2 2 8 2 2 2
left_child=4 2 -2 -3 6 -6 -1
right_child=1 3 -4 -5 5 -7 -8
leaf_value=-0.00030199331071554164 -7.6928490281867357e-05 -4.0052294933401746e-05 0.00018144463557017164 1.8353605398736295e-05 0.00018750954831201977 -0.00010645419691730375 -0.00016794269751677318
leaf_weight=25907 72298 532885 167324 785972 4523 56436 31847
leaf_count=25907 72298 532885 167324 785972 4523 56436 31847
internal_value=-2.69409e-07 1.1473e-05 0.000103489 -5.24533e-06 -0.000154425 -8.46399e-05 -0.000228079
internal_weight=1.67719e+06 1.55848e+06 239622 1.31886e+06 118713 60959 57754
internal_count=1677192 1558479 239622 1318857 118713 60959 57754
is_linear=0
shrinkage=0.00720685


Tree=41
num_leaves=8
num_cat=0
split_feature=1 1 3 9 1 12 1
split_gain=57.3719 56.1662 34.5584 16.1285 15.1662 9.73759 9.62536
threshold=-0.29411354660987848 -3.3836677074432369 0.38056701421737676 0.014656061772257091 0.58931297063827526 0.29878117144107824 -0.46304321289062494
decision_type=2 2 8 8 2 10 2
left_child=1 3 5 -1 -4 -2 -3
right_child=2 6 4 -5 -6 -7 -8
leaf_value=-0.00018527419827045651 2.6165850056648425e-05 0.0001952619020869568 -4.3775119375591911e-05 3.6543946010394755e-05 -0.0001368389872942067 -2.4006322614770775e-05 7.489572456690831e-05
leaf_weight=34874 592456 138157 412643 33263 116665 304015 45997
leaf_count=34874 592456 138157 412643 33263 116665 304015 45997
internal_value=-3.86114e-07 9.97901e-05 -1.81123e-05 -7.6988e-05 -6.42876e-05 9.15122e-06 0.000165198
internal_weight=1.67807e+06 252291 1.42578e+06 68137 529308 896471 184154
internal_count=1678070 252291 1425779 68137 529308 896471 184154
is_linear=0
shrinkage=0.00720685


Tree=42
num_leaves=8
num_cat=0
split_feature=11 5 17 10 13 9 17
split_gain=37.1118 14.5222 11.0355 12.2336 9.00647 8.89241 4.19151
threshold=0.6953088939189912 -0.42504818737506861 -0.068589910864830003 -1.9071861505508421 -0.83559653162956227 0.014656061772257091 -0.075359404087066637
decision_type=8 10 2 10 10 10 2
left_child=1 6 5 -4 -3 -2 -1
right_child=2 4 3 -5 -6 -7 -8
leaf_value=-6.052445989813303e-05 -0.00011766828207713196 -3.785278777370423e-05 0.00011117215072009096 -3.6220897126894151e-05 4.2190557578422589e-05 -3.5370048827324679e-05 5.6237348632332208e-07
leaf_weight=109795 156142 79809 34373 196119 857186 121066 124483
leaf_count=109795 156142 79809 34373 196119 857186 121066 124483
internal_value=3.76018e-07 2.26837e-05 -5.10881e-05 -1.42399e-05 3.53728e-05 -8.17262e-05 -2.80662e-05
internal_weight=1.67897e+06 1.17127e+06 507700 230492 936995 277208 234278
internal_count=1678973 1171273 507700 230492 936995 277208 234278
is_linear=0
shrinkage=0.00720685


Tree=43
num_leaves=8
num_cat=0
split_feature=1 1 11 16 1 5 1
split_gain=53.3413 55.8248 30.223 15.7596 14.2612 11.5577 11.321
threshold=-0.27658750116825098 -3.3836677074432369 0.58245691657066356 -0.23734878748655316 0.58931297063827526 -0.50136846303939808 -0.49449406564235682
decision_type=2 2 8 2 2 8 2
left_child=1 3 5 -1 -4 -2 -3
right_child=2 6 4 -5 -6 -7 -8
leaf_value=0.00015953515921587552 -4.766752129963691e-05 0.0001950674234617837 -4.5003049609205174e-05 -0.00013268757718607472 -0.00014343218258580954 1.6994720543701687e-05 7.4963845680295127e-05
leaf_weight=11556 175527 131955 357475 56187 97254 788532 58987
leaf_count=11556 175527 131955 357475 56187 97254 788532 58987
internal_value=-2.69745e-07 9.4905e-05 -1.76229e-05 -8.28366e-05 -6.60546e-05 5.22155e-06 0.000157965
internal_weight=1.67747e+06 258685 1.41879e+06 67743 454729 964059 190942
internal_count=1677473 258685 1418788 67743 454729 964059 190942
is_linear=0
shrinkage=0.00720685


Tree=44
num_leaves=8
num_cat=0
split_feature=0 4 0 9 12 0 11
split_gain=57.5972 27.3587 14.2177 12.0112 8.49348 4.70294 4.26023
threshold=-1.5934641957283018 -0.15358108282089231 0.053272508084774024 -0.1060662269592285 0.49846009910106664 -4.3277623653411856 0.56388247013092052
decision_type=2 10 2 8 8 2 8
left_child=3 2 -2 5 -3 -1 -5
right_child=1 4 -4 6 -6 -7 -8
leaf_value=-0.0003850660448534359 -5.7143804425463027e-05 5.1146370301945013e-05 5.8404233536396864e-06 -2.1526173499961855e-05 -3.9161335436808255e-06 -0.00021536748611314025 -0.00016546686265408279
leaf_weight=10958 326981 639377 432186 23050 188365 37579 19900
leaf_count=10958 326981 639377 432186 23050 188365 37579 19900
internal_value=-1.78313e-07 9.95856e-06 -2.12875e-05 -0.000176008 3.86161e-05 -0.000253687 -8.82209e-05
internal_weight=1.6784e+06 1.58691e+06 759167 91487 827742 48537 42950
internal_count=1678396 1586909 759167 91487 827742 48537 42950
is_linear=0
shrinkage=0.00720685


Tree=45
num_leaves=8
num_cat=0
split_feature=2 10 9 5 4 2 5
split_gain=45.3794 22.4488 10.9876 8.39911 8.07633 7.58176 6.88396
threshold=-0.89389529824256886 -0.60970762372016896 -0.013996043242514132 -0.39101009070873255 0.05753381364047528 -2.4122351408004756 0.17776855081319812
decision_type=2 10 10 10 8 2 10
left_child=2 6 5 -3 -4 -1 -2
right_child=1 3 4 -5 -6 -7 -8
leaf_value=-0.00024277023161213031 -5.7397111473932054e-05 -9.5614895212351781e-06 -8.7997051849580488e-05 4.2020952093256205e-05 8.983431224305164e-05 -0.00010999961663195452 -3.7834206140637491e-07
leaf_weight=27683 224759 203946 32680 836069 22325 115731 215343
leaf_count=27683 224759 203946 32680 836069 22325 115731 215343
internal_value=-7.22069e-08 1.36478e-05 -0.000102417 3.19057e-05 -1.58195e-05 -0.00013563 -2.94978e-05
internal_weight=1.67854e+06 1.48012e+06 198419 1.04002e+06 55005 143414 440102
internal_count=1678536 1480117 198419 1040015 55005 143414 440102
is_linear=0
shrinkage=0.00720685


Tree=46
num_leaves=8
num_cat=0
split_feature=0 3 0 8 17 24 0
split_gain=53.3634 29.7307 15.6213 13.0467 8.79961 5.2906 3.73621
threshold=-1.5934641957283018 0.23485428094863894 0.050179252400994308 0.36046257615089422 -0.22130595147609708 -0.93423375487327565 -4.3277623653411856
decision_type=2 8 2 8 2 2 2
left_child=4 3 -3 -2 6 -6 -1
right_child=1 2 -4 -5 5 -7 -8
leaf_value=-0.00034379332484593456 2.0741130053290111e-05 -6.4492835068463548e-05 4.5828604694697275e-06 8.2570834829454173e-05 0.00014176296148511166 -0.00012162530807343735 -0.00019867276644505819
leaf_weight=12483 649374 299632 393163 243804 4405 39225 35226
leaf_count=12483 649374 299632 393163 243804 4405 39225 35226
internal_value=3.82016e-07 1.01374e-05 -2.52922e-05 3.76184e-05 -0.000169004 -9.50299e-05 -0.00023665
internal_weight=1.67731e+06 1.58597e+06 692795 893178 91339 43630 47709
internal_count=1677312 1585973 692795 893178 91339 43630 47709
is_linear=0
shrinkage=0.00720685


Tree=47
num_leaves=8
num_cat=0
split_feature=1 0 0 4 6 2 1
split_gain=55.8304 55.1578 45.1012 21.6538 16.4942 13.9397 10.5028
threshold=-0.27658750116825098 0.053272508084774024 -2.1060259342193599 -0.21197601407766339 inf -1.5804775953292844 -0.52857181429862965
decision_type=2 2 2 8 8 2 2
left_child=1 4 5 -4 -1 -2 -3
right_child=2 6 3 -5 -6 -7 -8
leaf_value=2.1225893747440592e-06 -0.00037158566887580968 0.00020174703506092468 -4.1395339266379441e-05 1.6694389868234477e-05 -0.00023215928221581171 -0.00013699165197865354 8.6319541216525682e-05
leaf_weight=50979 18227 124316 591369 763721 22494 47286 61053
leaf_count=50979 18227 124316 591369 763721 22494 47286 61053
internal_value=1.51985e-07 9.74975e-05 -1.7585e-05 -8.65629e-06 -6.96053e-05 -0.000202265 0.000163731
internal_weight=1.67944e+06 258842 1.4206e+06 1.35509e+06 73473 65513 185369
internal_count=1679445 258842 1420603 1355090 73473 65513 185369
is_linear=0
shrinkage=0.00720685


Tree=48
num_leaves=8
num_cat=0
split_feature=1 0 0 10 12 2 1
split_gain=54.9063 54.688 43.7854 20.7578 16.1169 12.6449 11.597
threshold=-0.25896468758583063 0.053272508084774024 -2.1060259342193599 -0.60970762372016896 inf -1.4505005478858946 -0.49449406564235682
decision_type=2 2 2 8 8 2 2
left_child=1 4 5 -4 -1 -2 -3
right_child=2 6 3 -5 -6 -7 -8
leaf_value=-5.8202810090044014e-07 -0.00035099970529171463 0.00019837563004176177 -5.1764530190190512e-05 9.9112019447190957e-06 -0.00023155931780581069 -0.00013317672922974569 7.8296030074389157e-05
leaf_weight=51839 19982 130033 405447 941775 22500 45052 61548
leaf_count=51839 19982 130033 405447 941775 22500 45052 61548
internal_value=4.20902e-07 9.54197e-05 -1.74669e-05 -8.65014e-06 -7.04937e-05 -0.000200108 0.000159799
internal_weight=1.67818e+06 265920 1.41226e+06 1.34722e+06 74339 65034 191581
internal_count=1678176 265920 1412256 1347222 74339 65034 191581
is_linear=0
shrinkage=0.00720685


Tree=49
num_leaves=8
num_cat=0
split_feature=0 1 0 4 17 24 0
split_gain=51.9852 39.5351 61.9486 17.4681 13.4135 7.13545 6.47223
threshold=-0.99303847551345814 -0.33229407668113703 0.053272508084774024 -0.13461032509803769 -0.22130595147609708 -1.1875894069671629 -2.6976358890533443
decision_type=2 2 2 8 2 2 2
left_child=4 2 -2 -3 6 -6 -1
right_child=1 3 -4 -5 5 -7 -8
leaf_value=-0.00028925831701814001 -7.846031745339791e-05 -3.1839104010021588e-05 0.00017395567014996425 2.1328772859428653e-05 0.00017811236314272291 -8.2894501783524423e-05 -0.0001472128617518918
leaf_weight=26694 72325 591543 167341 701630 5907 68701 44339
leaf_count=26694 72325 591543 167341 701630 5907 68701 44339
internal_value=4.01615e-07 1.27646e-05 9.77829e-05 -2.99208e-06 -0.000129715 -6.22273e-05 -0.000200597
internal_weight=1.67848e+06 1.53284e+06 239666 1.29317e+06 145641 74608 71033
internal_count=1678480 1532839 239666 1293173 145641 74608 71033
is_linear=0
shrinkage=0.00720685


Tree=50
num_leaves=8
num_cat=0
split_feature=1 0 0 3 12 1 1
split_gain=53.2914 57.5119 42.8686 23.6128 15.748 11.6316 6.7717
threshold=-0.33229407668113703 0.053272508084774024 -2.1060259342193599 0.23485428094863894 -2.0071281194686885 0.79674589633941661 -0.52857181429862965
decision_type=2 2 2 8 10 2 2
left_child=1 4 5 -4 -1 -2 -3
right_child=2 6 3 -5 -6 -7 -8
leaf_value=-0.00022660841478519845 -4.9996407822845021e-05 0.00020006619928283854 1.7574161791820611e-05 -4.3030674980789584e-05 2.2322571464311283e-06 -0.00025991577200200789 9.5425139456205876e-05
leaf_weight=22930 19590 123992 795393 575499 48981 45678 43356
leaf_count=22930 19590 123992 795393 575499 48981 45678 43356
internal_value=1.30824e-07 9.97123e-05 -1.64591e-05 -7.86768e-06 -7.0739e-05 -0.000196911 0.000172957
internal_weight=1.67542e+06 239259 1.43616e+06 1.37089e+06 71911 65268 167348
internal_count=1675419 239259 1436160 1370892 71911 65268 167348
is_linear=0
shrinkage=0.00720685


Tree=51
num_leaves=8
num_cat=0
split_feature=0 1 0 3 9 0 7
split_gain=52.7278 39.5219 56.5811 18.806 16.2108 7.73282 5.77593
threshold=-1.0486663579940794 -0.33229407668113703 0.053272508084774024 0.13909377157688144 0.096284974366426482 -3.7841144800186153 0.37833932042121893
decision_type=2 2 2 8 8 2 2
left_child=4 2 -2 -3 5 -1 -6
right_child=1 3 -4 -5 6 -7 -8
leaf_value=-0.00035015516137849997 -7.1934151435839189e-05 2.0656031627081965e-05 0.00016919159930499827 -3.4466399483871288e-05 -8.7743260651762879e-06 -0.00016860397297309502 -0.00017816867929130152
leaf_weight=15107 72330 716612 167809 582979 46950 63024 13449
leaf_count=15107 72330 716612 167809 582979 46950 63024 13449
internal_value=-4.92565e-07 1.16242e-05 9.65643e-05 -4.07114e-06 -0.000135167 -0.000203712 -4.64959e-05
internal_weight=1.67826e+06 1.53973e+06 240139 1.29959e+06 138530 78131 60399
internal_count=1678260 1539730 240139 1299591 138530 78131 60399
is_linear=0
shrinkage=0.00720685


Tree=52
num_leaves=8
num_cat=0
split_feature=0 1 0 3 2 9 1
split_gain=52.1099 39.9778 57.7607 20.2543 17.0771 10.1498 4.7043
threshold=-1.3117275238037107 -0.33229407668113703 0.053272508084774024 0.16848587244749072 -1.3925836086273191 0.36082284152507788 1.3872644901275637
decision_type=2 2 2 8 2 8 2
left_child=4 2 -2 -3 6 -6 -1
right_child=1 3 -4 -5 5 -7 -8
leaf_value=-0.00034868629667250814 -7.4109613232252838e-05 1.9942837434230244e-05 0.00016961246984829539 -3.6790502317515083e-05 -0.00016629422922379919 -4.7218975201466425e-06 -0.0001348671521353143
leaf_weight=22739 72315 742926 167452 583564 47042 35382 6989
leaf_count=22739 72315 742926 167452 583564 47042 35382 6989
internal_value=-2.81646e-07 1.04639e-05 9.61045e-05 -5.0159e-06 -0.000150348 -9.69375e-05 -0.000298425
internal_weight=1.67841e+06 1.56626e+06 239767 1.32649e+06 112152 82424 29728
internal_count=1678409 1566257 239767 1326490 112152 82424 29728
is_linear=0
shrinkage=0.00720685


Tree=53
num_leaves=8
num_cat=0
split_feature=1 0 0 3 12 1 1
split_gain=51.4224 53.0605 41.0087 22.8659 15.8967 12.3537 12.2068
threshold=-0.25896468758583063 0.053272508084774024 -2.1060259342193599 0.32268613576889044 inf -0.52857181429862965 0.79674589633941661
decision_type=2 2 2 8 8 2 2
left_child=1 4 6 -4 -1 -3 -2
right_child=2 5 3 -5 -6 -7 -8
leaf_value=-2.0261314596405651e-06 -4.3064432834386665e-05 0.00019819672384175253 1.5179618628132842e-05 -4.5844076209248503e-05 -0.00023207978051014588 7.7145684844479934e-05 -0.0002575050531928897
leaf_weight=51437 19726 124296 827937 518737 22391 67607 45800
leaf_count=51437 19726 124296 827937 518737 22391 67607 45800
internal_value=4.13074e-07 9.23861e-05 -1.68934e-05 -8.32662e-06 -7.18006e-05 0.000155551 -0.000192952
internal_weight=1.67793e+06 265731 1.4122e+06 1.34667e+06 73828 191903 65526
internal_count=1677931 265731 1412200 1346674 73828 191903 65526
is_linear=0
shrinkage=0.00720685


Tree=54
num_leaves=8
num_cat=0
split_feature=0 1 0 2 3 19 1
split_gain=51.4045 38.404 59.5224 17.9249 17.6485 9.48689 5.59177
threshold=-1.0486663579940794 -0.37872675061225886 0.053272508084774024 -1.2925855517387388 0.32268613576889044 -1.6207284331321714 1.3872644901275637
decision_type=2 2 2 2 8 10 2
left_child=3 2 -2 6 -3 -5 -1
right_child=1 4 -4 5 -6 -7 -8
leaf_value=-0.00031638389387546328 -7.2800040094283343e-05 1.7659749646212413e-05 0.00017844798045732184 9.6830593642320502e-05 -3.700500989269959e-05 -0.00011006127078097104 -0.00010341825626233825
leaf_weight=28599 71646 823799 154759 13221 488732 88981 8253
leaf_count=28599 71646 823799 154759 13221 488732 88981 8253
internal_value=2.66871e-07 1.22573e-05 9.89403e-05 -0.000132432 -2.69513e-06 -8.32965e-05 -0.000268695
internal_weight=1.67799e+06 1.53894e+06 226405 139054 1.31253e+06 102202 36852
internal_count=1677990 1538936 226405 139054 1312531 102202 36852
is_linear=0
shrinkage=0.00720685


Tree=55
num_leaves=8
num_cat=0
split_feature=0 10 2 8 0 9 0
split_gain=48.3188 25.1437 16.271 10.9262 10.2377 9.49063 3.8387
threshold=-1.3913235664367674 -0.60970762372016896 -1.3925836086273191 0.32100251317024237 0.053272508084774024 0.31980293989181524 -2.4669674634933467
decision_type=2 10 2 8 2 8 2
left_child=2 4 6 -3 -2 -4 -1
right_child=1 3 5 -5 -6 -7 -8
leaf_value=-0.00035732102986516656 -6.6755344088601504e-05 1.559113792952871e-05 -0.00016500917789635962 6.7246837681768866e-05 -2.2082896998796769e-06 -3.553198482346768e-06 -0.0001837186031143999
leaf_weight=18528 232978 762273 43324 294980 282239 33555 10296
leaf_count=18528 232978 762273 43324 294980 282239 33555 10296
internal_value=-1.40299e-07 9.88595e-06 -0.000149293 3.00035e-05 -3.13962e-05 -9.45405e-05 -0.000295319
internal_weight=1.67817e+06 1.57247e+06 105703 1.05725e+06 515217 76879 28824
internal_count=1678173 1572470 105703 1057253 515217 76879 28824
is_linear=0
shrinkage=0.00720685


Tree=56
num_leaves=8
num_cat=0
split_feature=0 11 2 0 8 9 0
split_gain=46.4975 24.9645 14.3577 12.246 10.9274 8.60155 2.7741
threshold=-1.5934641957283018 0.57328543066978466 -1.3925836086273191 0.050179252400994308 0.36046257615089422 0.36082284152507788 -3.3279378414154048
decision_type=2 8 2 2 8 8 2
left_child=2 4 6 -3 -2 -4 -1
right_child=1 3 5 -5 -6 -7 -8
leaf_value=-0.00037313101005039917 1.5757613078254513e-05 -6.8555932750007342e-05 -0.00017288764393513093 2.6242093710305516e-07 6.8575543769347123e-05 -5.667324155306628e-06 -0.00022492662142062144
leaf_weight=13351 766433 242609 36989 300825 276962 28125 12912
leaf_count=13351 766433 242609 36989 300825 276962 28125 12912
internal_value=4.50339e-08 9.14822e-06 -0.000158037 -3.04607e-05 2.97778e-05 -0.000100661 -0.000300279
internal_weight=1.67821e+06 1.58683e+06 91377 543434 1.0434e+06 65114 26263
internal_count=1678206 1586829 91377 543434 1043395 65114 26263
is_linear=0
shrinkage=0.00720685


Tree=57
num_leaves=8
num_cat=0
split_feature=1 1 2 1 11 1 1
split_gain=49.2091 47.074 40.1695 15.9455 15.2094 11.534 8.3384
threshold=-0.25896468758583063 -3.3836677074432369 -1.002091586589813 -4.1973986625671378 0.55485871434211742 -0.52857181429862965 0.4871289730072022
decision_type=2 2 2 2 8 2 2
left_child=1 3 6 -1 -4 -3 -2
right_child=2 5 4 -5 -6 -7 -8
leaf_value=-0.00042672438219397885 -6.8224227933312445e-05 0.00018748718656878572 1.1403394691014935e-05 -3.9705617095829372e-05 -4.2493309675560817e-05 7.3259746325685373e-05 -0.00018522364756463742
leaf_weight=6073 53414 125512 890770 61661 391448 72398 77611
leaf_count=6073 53414 125512 890770 61661 391448 72398 77611
internal_value=-4.1704e-07 8.95773e-05 -1.73331e-05 -7.44114e-05 -5.05072e-06 0.000145702 -0.000137528
internal_weight=1.67889e+06 265644 1.41324e+06 67734 1.28222e+06 197910 131025
internal_count=1678887 265644 1413243 67734 1282218 197910 131025
is_linear=0
shrinkage=0.00720685


Tree=58
num_leaves=8
num_cat=0
split_feature=0 3 2 0 8 19 2
split_gain=48.9054 24.6146 15.2983 12.885 12.1911 6.43834 2.74792
threshold=-1.5934641957283018 0.42035923898220068 -1.3925836086273191 0.050179252400994308 0.34814955294132238 -1.6207284331321714 -2.9326987266540523
decision_type=2 8 2 2 10 10 2
left_child=2 4 6 -3 -2 -4 -1
right_child=1 3 5 -5 -6 -7 -8
leaf_value=-0.00044763325845078965 1.5219866093625499e-05 -6.5503020327576793e-05 6.602577007637061e-05 2.7901757565036184e-06 7.1292751947490569e-05 -0.00013306025243977124 -0.00026946085637235206
leaf_weight=5750 729301 263207 9951 315469 278208 55424 20670
leaf_count=5750 729301 263207 9951 315469 278208 55424 20670
internal_value=-1.71999e-07 9.18775e-06 -0.000161904 -2.82726e-05 3.07036e-05 -0.000102756 -0.000308254
internal_weight=1.67798e+06 1.58618e+06 91795 578676 1.00751e+06 65375 26420
internal_count=1677980 1586185 91795 578676 1007509 65375 26420
is_linear=0
shrinkage=0.00720685


Tree=59
num_leaves=8
num_cat=0
split_feature=1 0 0 3 1 1 1
split_gain=48.2104 50.3915 37.9734 21.5422 15.6968 11.8137 11.3286
threshold=-0.25896468758583063 0.053272508084774024 -2.1060259342193599 0.32268613576889044 -4.1973986625671378 0.79674589633941661 -0.46304321289062494
decision_type=2 2 2 8 2 2 2
left_child=1 4 5 -4 -1 -2 -3
right_child=2 6 3 -5 -6 -7 -8
leaf_value=-0.00043756166338618924 -3.9466673521241774e-05 0.00018590273669537375 1.4059531861215636e-05 -4.5159543254898802e-05 -4.0856216686943531e-05 -0.00025028002673522788 6.377258310807681e-05
leaf_weight=5604 19793 136104 827985 519059 68404 45652 55550
leaf_count=5604 19793 136104 827985 519059 68404 45652 55550
internal_value=-2.43738e-07 8.88254e-05 -1.6996e-05 -8.75946e-06 -7.09009e-05 -0.000186524 0.000150505
internal_weight=1.67815e+06 265662 1.41249e+06 1.34704e+06 74008 65445 191654
internal_count=1678151 265662 1412489 1347044 74008 65445 191654
is_linear=0
shrinkage=0.00720685


Tree=60
num_leaves=8
num_cat=0
split_feature=2 10 7 5 2 5 21
split_gain=41.5173 18.9085 9.8697 8.63976 5.6017 5.50805 5.07507
threshold=-0.87168520689010609 -0.60970762372016896 1.0000000180025095e-35 -0.39101009070873255 -2.4122351408004756 0.17776855081319812 0.94552606344223034
decision_type=2 10 2 10 2 10 8
left_child=2 5 6 -3 -4 -2 -1
right_child=1 3 4 -5 -6 -7 -8
leaf_value=-7.3143574476564749e-05 -5.2002017255616276e-05 -1.259860870008328e-05 -0.00021097330980488846 3.9874244187635652e-05 -0.00010243246446099133 -8.0923991296422245e-07 8.0566326935261592e-05
leaf_weight=24176 222745 202568 30520 833818 129443 214076 20715
leaf_count=24176 222745 202568 30520 833818 129443 214076 20715
internal_value=-5.11596e-07 1.28558e-05 -9.66429e-05 2.96181e-05 -0.000123143 -2.69137e-05 -2.2132e-06
internal_weight=1.67806e+06 1.47321e+06 204854 1.03639e+06 159963 436821 44891
internal_count=1678061 1473207 204854 1036386 159963 436821 44891
is_linear=0
shrinkage=0.00720685


Tree=61
num_leaves=8
num_cat=0
split_feature=1 0 0 11 12 1 1
split_gain=48.0161 49.0613 36.2876 18.9538 15.1627 11.8663 8.91639
threshold=-0.29411354660987848 0.053272508084774024 -2.1060259342193599 0.56388247013092052 -2.1549432277679439 0.79674589633941661 -0.56557518243789662
decision_type=2 2 2 8 10 2 2
left_child=1 4 5 -4 -1 -2 -3
right_child=2 6 3 -5 -6 -7 -8
leaf_value=-0.00022078953945632785 -3.4580529703046933e-05 0.00019235713164714234 9.992750205498096e-06 -4.7685651709172476e-05 3.6579013957589524e-06 -0.00024614106015624138 8.5116332786353043e-05
leaf_weight=22638 19721 117841 924786 435147 50514 45638 61176
leaf_count=22638 19721 117841 924786 435147 50514 45638 61176
internal_value=-2.16699e-07 9.14513e-05 -1.64351e-05 -8.463e-06 -6.58024e-05 -0.000182308 0.00015571
internal_weight=1.67746e+06 252169 1.42529e+06 1.35993e+06 73152 65359 179017
internal_count=1677461 252169 1425292 1359933 73152 65359 179017
is_linear=0
shrinkage=0.00720685


Tree=62
num_leaves=8
num_cat=0
split_feature=2 4 15 2 5 12 16
split_gain=39.6416 16.4228 8.69455 8.09334 7.71977 7.32521 4.66635
threshold=-1.002091586589813 -0.11573269590735434 -0.19526861608028409 -2.4122351408004756 0.17776855081319812 0.49846009910106664 -0.23734878748655316
decision_type=2 10 2 2 10 8 2
left_child=2 4 3 -1 -2 -3 -4
right_child=1 5 6 -5 -6 -7 -8
leaf_value=-0.00032452575359630828 -3.4301359431000184e-05 4.6157616685649715e-05 4.7393720597568884e-05 -0.0001261754833734473 1.352651757712435e-05 -5.948678280361741e-06 -8.0798193805075959e-05
leaf_weight=12487 401844 611786 18979 74020 310883 181761 66152
leaf_count=12487 401844 611786 18979 74020 310883 181761 66152
internal_value=-1.54411e-07 1.16703e-05 -0.000103926 -0.00015481 -1.34394e-05 3.42227e-05 -5.22187e-05
internal_weight=1.67791e+06 1.50627e+06 171638 86507 712727 793547 85131
internal_count=1677912 1506274 171638 86507 712727 793547 85131
is_linear=0
shrinkage=0.00720685


Tree=63
num_leaves=8
num_cat=0
split_feature=1 1 2 11 1 1 1
split_gain=47.1334 47.3669 35.1456 15.4121 14.0472 9.53825 8.96229
threshold=-0.27658750116825098 -3.3836677074432369 -1.002091586589813 0.55485871434211742 -4.1973986625671378 -0.52857181429862965 0.49872666597366339
decision_type=2 2 2 8 2 2 2
left_child=1 4 6 -4 -1 -3 -2
right_child=2 5 3 -5 -6 -7 -8
leaf_value=-0.0004029896769877292 -5.9097091822048805e-05 0.00018452470668136982 1.161821995477955e-05 -4.2518795636648696e-05 -4.1119505398100849e-05 7.7144066643014124e-05 -0.00017969543794520281
leaf_weight=6120 55442 125301 895672 392953 62078 65388 75720
leaf_count=6120 55442 125301 895672 392953 62078 65388 75720
internal_value=-2.30618e-08 8.94067e-05 -1.63299e-05 -4.89031e-06 -7.35988e-05 0.000147704 -0.00012872
internal_weight=1.67867e+06 258887 1.41979e+06 1.28862e+06 68198 190689 131162
internal_count=1678674 258887 1419787 1288625 68198 190689 131162
is_linear=0
shrinkage=0.00720685


Tree=64
num_leaves=8
num_cat=0
split_feature=1 0 2 0 12 3 1
split_gain=47.5013 46.4761 36.3022 19.1515 14.9481 13.1232 9.22501
threshold=-0.27658750116825098 0.053272508084774024 -0.80427673459053028 -1.5934641957283018 inf 0.32268613576889044 -0.49449406564235682
decision_type=2 2 2 2 8 8 2
left_child=1 4 3 -2 -1 -4 -3
right_child=2 6 5 -5 -6 -7 -8
leaf_value=4.6707285661452269e-06 -0.00024739301050872745 0.00018351745541601725 1.4867726102782716e-05 -7.1113522881448312e-05 -0.00021834751604966321 -3.4041628854616602e-05 7.2159624085395339e-05
leaf_weight=51045 41913 130627 799899 135484 22485 442591 54871
leaf_count=51045 41913 130627 799899 135484 22485 442591 54871
internal_value=4.93216e-08 8.97998e-05 -1.63238e-05 -0.000112764 -6.35284e-05 -2.55441e-06 0.000150578
internal_weight=1.67892e+06 259028 1.41989e+06 177397 73530 1.24249e+06 185498
internal_count=1678915 259028 1419887 177397 73530 1242490 185498
is_linear=0
shrinkage=0.00720685


Tree=65
num_leaves=8
num_cat=0
split_feature=1 0 0 3 9 9 1
split_gain=46.2852 45.8642 35.9614 17.828 13.8995 11.547 9.68836
threshold=-0.27658750116825098 0.053272508084774024 -1.5934641957283018 0.38056701421737676 0.014656061772257091 -0.18211411684751508 -0.52857181429862965
decision_type=2 2 2 8 8 8 2
left_child=1 4 5 -4 -1 -2 -3
right_child=2 6 3 -5 -6 -7 -8
leaf_value=-0.00016126956640113378 -0.00023311059969056817 0.00018576058070871585 1.3136950192077899e-05 -4.1974473528825941e-05 3.6923971791738835e-05 -7.1186292504403449e-05 7.4982538439908377e-05
leaf_weight=37285 46947 124064 853617 474241 36242 44610 61252
leaf_count=37285 46947 124064 853617 474241 36242 44610 61252
internal_value=9.08836e-08 8.87193e-05 -1.60713e-05 -6.54595e-06 -6.35789e-05 -0.000154217 0.000149146
internal_weight=1.67826e+06 258843 1.41942e+06 1.32786e+06 73527 91557 185316
internal_count=1678258 258843 1419415 1327858 73527 91557 185316
is_linear=0
shrinkage=0.00720685


Tree=66
num_leaves=8
num_cat=0
split_feature=1 1 2 9 11 2 1
split_gain=44.9997 46.4778 34.7674 15.8248 12.9467 9.79303 8.91711
threshold=-0.29411354660987848 -3.2885241508483882 -0.80427673459053028 0.014656061772257091 0.55485871434211742 -2.4122351408004756 -0.56557518243789662
decision_type=2 2 2 8 8 2 2
left_child=1 3 5 -1 -4 -2 -3
right_child=2 6 4 -5 -6 -7 -8
leaf_value=-0.00016519489607487008 -0.00026676021018449118 0.00019079819227947218 1.2745023931409261e-05 4.4806028799897421e-05 -3.8118735738041478e-05 -9.1703742102647683e-05 8.4840569342314539e-05
leaf_weight=38050 18523 112707 879241 36529 368994 159677 65074
leaf_count=38050 18523 112707 879241 36529 368994 159677 65074
internal_value=-4.0353e-08 8.86684e-05 -1.57345e-05 -6.23363e-05 -2.29094e-06 -0.000109901 0.000152015
internal_weight=1.6788e+06 252360 1.42644e+06 74579 1.24824e+06 178200 177781
internal_count=1678795 252360 1426435 74579 1248235 178200 177781
is_linear=0
shrinkage=0.00720685


Tree=67
num_leaves=8
num_cat=0
split_feature=0 10 2 8 0 19 0
split_gain=44.0906 20.5256 17.1651 10.0111 8.64142 8.20238 4.34731
threshold=-1.1065748333930967 -0.60970762372016896 -1.2485217452049253 0.32100251317024237 0.050179252400994308 -1.6207284331321714 -3.3279378414154048
decision_type=2 10 2 8 2 10 2
left_child=2 4 6 -3 -2 -4 -1
right_child=1 3 5 -5 -6 -7 -8
leaf_value=-0.00035418873354134932 -6.143578243835152e-05 1.5139007287916791e-05 9.621489340581005e-05 6.4913351223900678e-05 -1.0647309197327872e-06 -0.00010108858345126074 -0.00019472693028911922
leaf_weight=14643 216029 750465 12617 291355 286413 82474 22577
leaf_count=14643 216029 750465 12617 291355 286413 82474 22577
internal_value=-5.51306e-09 1.08124e-05 -0.000126266 2.9059e-05 -2.70219e-05 -7.49087e-05 -0.00025747
internal_weight=1.67657e+06 1.54426e+06 132311 1.04182e+06 502442 95091 37220
internal_count=1676573 1544262 132311 1041820 502442 95091 37220
is_linear=0
shrinkage=0.00720685


Tree=68
num_leaves=8
num_cat=0
split_feature=0 11 8 2 0 9 11
split_gain=44.7179 22.974 11.6124 11.1823 10.7141 5.53909 1.96926
threshold=-2.1060259342193599 0.6953088939189912 0.32100251317024237 -1.3925836086273191 0.050179252400994308 0.36902301013469702 2.2323182821273808
decision_type=2 8 8 2 2 8 10
left_child=3 2 -2 6 -3 -5 -1
right_child=1 4 -4 5 -6 -7 -8
leaf_value=-0.00033204661742872215 1.1000012533829268e-05 -6.9872130732554378e-05 6.2615720808839289e-05 -0.00019035495111175836 -1.6153988341575009e-06 -2.7121191787129567e-05 0.00010353502842387717
leaf_weight=20698 820908 229268 312589 24814 249341 19115 553
leaf_count=20698 820908 229268 312589 24814 249341 19115 553
internal_value=7.3287e-08 7.55578e-06 2.52343e-05 -0.000184989 -3.43125e-05 -0.000119329 -0.000320706
internal_weight=1.67729e+06 1.61211e+06 1.1335e+06 65180 478609 43929 21251
internal_count=1677286 1612106 1133497 65180 478609 43929 21251
is_linear=0
shrinkage=0.00720685


Tree=69
num_leaves=8
num_cat=0
split_feature=4 10 16 8 5 18 8
split_gain=28.4936 12.089 10.2458 9.65584 7.0195 4.92146 3.92308
threshold=-0.15358108282089231 -0.56356552243232716 -0.23209643363952634 0.36046257615089422 -0.65446749329566944 2.8682500123977666 0.27082677185535436
decision_type=10 10 2 10 8 8 10
left_child=1 2 -1 4 -2 -5 -3
right_child=3 6 -4 5 -6 -7 -8
leaf_value=-6.7010716860817786e-06 -6.7809001191979093e-05 -1.6258180676735819e-05 -8.2844700537258338e-05 6.2838430859022475e-05 2.1589129096452027e-05 0.00024962321740308846 3.3477561974589583e-05
leaf_weight=137316 49567 294861 276813 224552 572510 7573 114303
leaf_count=137316 49567 294861 276813 224552 572510 7573 114303
internal_value=1.07291e-07 -3.01473e-05 -5.75973e-05 2.92671e-05 1.44658e-05 6.89333e-05 -2.36402e-06
internal_weight=1.6775e+06 823293 414129 854202 622077 232125 409164
internal_count=1677495 823293 414129 854202 622077 232125 409164
is_linear=0
shrinkage=0.00720685


Tree=70
num_leaves=8
num_cat=0
split_feature=1 0 2 1 0 11 1
split_gain=45.3615 44.7104 33.8691 15.6004 15.3118 12.871 10.9236
threshold=-0.25896468758583063 0.053272508084774024 -0.97384193539619435 -4.1973986625671378 -2.4669674634933467 0.56388247013092052 -0.52857181429862965
decision_type=2 2 2 2 2 8 2
left_child=1 3 4 -1 -2 -4 -3
right_child=2 6 5 -5 -6 -7 -8
leaf_value=-0.00042957218264825804 -0.00028546675007681881 0.00018494202070279043 1.0709457092930897e-05 -3.4128168068882436e-05 -8.7719152852654841e-05 -3.9229693905748833e-05 7.1112299355885776e-05
leaf_weight=5609 24854 124071 890996 67855 111908 383394 67672
leaf_count=5609 24854 124071 890996 67855 111908 383394 67672
internal_value=3.71371e-07 8.68481e-05 -1.58808e-05 -6.43259e-05 -0.000123658 -4.31449e-06 0.000144769
internal_weight=1.67636e+06 265207 1.41115e+06 73464 136762 1.27439e+06 191743
internal_count=1676359 265207 1411152 73464 136762 1274390 191743
is_linear=0
shrinkage=0.00720685


Tree=71
num_leaves=8
num_cat=0
split_feature=1 0 0 4 12 1 1
split_gain=43.0261 42.1679 34.0945 17.6707 14.2299 10.1017 9.99121
threshold=-0.25896468758583063 0.053272508084774024 -2.4669674634933467 -0.18371447175741193 -2.0071281194686885 -0.46304321289062494 0.79674589633941661
decision_type=2 2 2 8 10 2 2
left_child=1 4 6 -4 -1 -3 -2
right_child=2 5 3 -5 -6 -7 -8
leaf_value=-0.00021137284314449875 -2.5878774635290393e-05 0.0001733978906376761 -3.8082493040832667e-05 1.4140387885809074e-05 4.5575263342027721e-06 5.8011487588913097e-05 -0.00025360582643419382
leaf_weight=22985 13404 136236 612316 747174 51068 55448 39482
leaf_count=22985 13404 136236 612316 747174 51068 55448 39482
internal_value=-5.35826e-07 8.35938e-05 -1.63648e-05 -9.38085e-06 -6.24657e-05 0.000140021 -0.00019589
internal_weight=1.67811e+06 265737 1.41238e+06 1.35949e+06 74053 191684 52886
internal_count=1678113 265737 1412376 1359490 74053 191684 52886
is_linear=0
shrinkage=0.00720685


Tree=72
num_leaves=8
num_cat=0
split_feature=1 1 3 9 1 1 18
split_gain=42.7709 44.0919 26.1692 15.2378 10.4974 7.91193 6.6746
threshold=-0.29411354660987848 -3.3836677074432369 0.40025001764297491 0.014656061772257091 0.57312300801277172 -0.52857181429862965 2.8682500123977666
decision_type=2 2 8 8 2 2 10
left_child=1 3 6 -1 -4 -3 -2
right_child=2 5 4 -5 -6 -7 -8
leaf_value=-0.00017660843991433483 6.2559473751844924e-06 0.00017676685543849374 -3.8219421995562444e-05 3.9756630164420052e-05 -0.00011489970777863969 7.542642400440722e-05 0.00021963472004667598
leaf_weight=34541 900558 125392 396873 33111 120998 58771 7678
leaf_count=34541 900558 125392 396873 33111 120998 58771 7678
internal_value=3.79614e-08 8.6628e-05 -1.52517e-05 -7.07132e-05 -5.61356e-05 0.000144427 8.06005e-06
internal_weight=1.67792e+06 251815 1.42611e+06 67652 517871 184163 908236
internal_count=1677922 251815 1426107 67652 517871 184163 908236
is_linear=0
shrinkage=0.00720685


Tree=73
num_leaves=8
num_cat=0
split_feature=1 0 0 3 1 1 1
split_gain=43.4086 46.9285 34.6243 19.1687 13.9739 10.4662 5.07335
threshold=-0.33229407668113703 0.053272508084774024 -2.1060259342193599 0.37076480686664587 -4.1973986625671378 0.79674589633941661 -0.65046152472496022
decision_type=2 2 2 8 2 2 2
left_child=1 4 5 -4 -1 -2 -3
right_child=2 6 3 -5 -6 -7 -8
leaf_value=-0.00041116468579003007 -3.8433428292374225e-05 0.00018579032393600445 1.2642689424755586e-05 -4.3288627430771925e-05 -3.5389683251256845e-05 -0.00023706937876955279 0.00010361422729944355
leaf_weight=5569 19703 105673 872556 500976 66575 45815 61875
leaf_count=5569 19703 105673 872556 500976 66575 45815 61875
internal_value=-5.21731e-07 8.92731e-05 -1.54783e-05 -7.75745e-06 -6.44022e-05 -0.000177336 0.000155444
internal_weight=1.67874e+06 239692 1.43905e+06 1.37353e+06 72144 65518 167548
internal_count=1678742 239692 1439050 1373532 72144 65518 167548
is_linear=0
shrinkage=0.00720685


Tree=74
num_leaves=8
num_cat=0
split_feature=1 1 10 1 1 1 19
split_gain=41.0451 40.7901 22.4212 14.1694 9.55116 9.45802 7.5957
threshold=-0.25896468758583063 -3.3836677074432369 -0.60970762372016896 -4.1973986625671378 0.58931297063827526 -0.49449406564235682 -1.451945900917053
decision_type=2 2 10 2 2 2 10
left_child=1 3 4 -1 -2 -3 -4
right_child=2 5 6 -5 -6 -7 -8
leaf_value=-0.0004008722007030974 -4.0511087472877011e-05 0.00016986883616495988 0.00010469609209184972 -3.7159295940698462e-05 -0.00012227659777190421 6.4091284668180894e-05 -1.1173045465922764e-07
leaf_weight=6110 344034 131903 37346 62074 94605 65812 936438
leaf_count=6110 344034 131903 37346 62074 94605 65812 936438
internal_value=1.00152e-07 8.22415e-05 -1.53636e-05 -6.97573e-05 -5.81464e-05 0.00013466 3.90787e-06
internal_weight=1.67832e+06 265899 1.41242e+06 68184 438639 197715 973784
internal_count=1678322 265899 1412423 68184 438639 197715 973784
is_linear=0
shrinkage=0.00720685


Tree=75
num_leaves=8
num_cat=0
split_feature=1 1 2 16 10 2 1
split_gain=41.5525 44.8765 32.6219 13.8273 12.8254 8.52079 5.88203
threshold=-0.33229407668113703 -3.2885241508483882 -0.94600984454154957 -0.24583291262388227 -0.46990902721881861 -2.4122351408004756 -0.56557518243789662
decision_type=2 2 2 2 8 2 2
left_child=1 3 5 -1 -4 -2 -3
right_child=2 6 4 -5 -6 -7 -8
leaf_value=0.00019846456954647284 -0.00026157076856171799 0.00018352118859560646 -3.4833454931143846e-05 -9.6430899789640376e-05 1.3096726090061126e-05 -9.6166923366670804e-05 9.1249459519317827e-05
leaf_weight=9459 18574 112567 438430 65013 856280 125310 52679
leaf_count=9459 18574 112567 438430 65013 856280 125310 52679
internal_value=6.35676e-08 8.79103e-05 -1.45747e-05 -5.89726e-05 -3.13395e-06 -0.000117521 0.000154107
internal_weight=1.67831e+06 239718 1.43859e+06 74472 1.29471e+06 143884 165246
internal_count=1678312 239718 1438594 74472 1294710 143884 165246
is_linear=0
shrinkage=0.00720685


Tree=76
num_leaves=8
num_cat=0
split_feature=3 17 12 10 11 9 6
split_gain=28.6175 11.0076 9.37831 8.1308 7.02264 6.75636 4.42605
threshold=0.42035923898220068 -0.068589910864830003 0.54105061292648327 -2.0226880311965938 0.83371043205261242 1.4884873628616335 -0.36040104925632471
decision_type=8 2 8 10 8 10 10
left_child=2 4 6 -3 -2 -4 -1
right_child=1 3 5 -5 -6 -7 -8
leaf_value=5.1329207849792556e-05 -3.5555342109137556e-05 0.00011365619494986217 -2.5293191406839847e-05 -1.7123288317290275e-05 -0.00010079758174153455 0.00014610770188121526 1.7588149185368884e-05
leaf_weight=426567 189326 27311 224515 257333 156548 12615 383437
leaf_count=426567 189326 27311 224515 257333 156548 12615 383437
internal_value=5.90303e-07 -3.77682e-05 2.36874e-05 -4.57484e-06 -6.50853e-05 -1.61742e-05 3.5357e-05
internal_weight=1.67765e+06 630518 1.04713e+06 284644 345874 237130 810004
internal_count=1677652 630518 1047134 284644 345874 237130 810004
is_linear=0
shrinkage=0.00720685


Tree=77
num_leaves=8
num_cat=0
split_feature=1 1 2 1 10 1 2
split_gain=40.7479 40.5616 33.9925 12.7523 12.5623 8.98367 8.39627
threshold=-0.25896468758583063 -3.4403891563415523 -0.94600984454154957 -4.1973986625671378 -0.60970762372016896 -0.46304321289062494 -2.4122351408004756
decision_type=2 2 2 2 8 2 2
left_child=1 3 6 -1 -4 -3 -2
right_child=2 5 4 -5 -6 -7 -8
leaf_value=-0.00039273798471003751 -0.00026347705079855972 0.00016157823415024518 -3.9532932450843738e-05 -4.5728473124110392e-05 1.0913501109207262e-05 5.6401004654241508e-05 -9.9209079201083509e-05
leaf_weight=6107 18585 144920 356441 55309 913387 59499 123915
leaf_count=6107 18585 144920 356441 55309 913387 59499 123915
internal_value=3.15998e-07 8.21704e-05 -1.5091e-05 -8.02399e-05 -3.24682e-06 0.000130965 -0.000120635
internal_weight=1.67816e+06 265835 1.41233e+06 61416 1.26983e+06 204419 142500
internal_count=1678163 265835 1412328 61416 1269828 204419 142500
is_linear=0
shrinkage=0.00720685


Tree=78
num_leaves=8
num_cat=0
split_feature=0 10 2 8 5 25 0
split_gain=39.9352 18.7153 15.1674 9.23267 7.04418 5.5856 3.95292
threshold=-1.1065748333930967 -0.73195397853851307 -1.4505005478858946 0.34814955294132238 0.19112845510244372 0.27336601912975317 -3.3279378414154048
decision_type=2 10 2 10 10 8 2
left_child=2 4 6 -3 -2 -4 -1
right_child=1 3 5 -5 -6 -7 -8
leaf_value=-0.00035770707131953553 -5.5544902816042441e-05 1.2866696015651631e-05 -0.0001159426402675567 5.9490400683885812e-05 3.4697723631252017e-06 -2.5416308513526822e-06 -0.00019203409473704067
leaf_weight=12743 247168 814254 67343 302574 182702 33924 18125
leaf_count=12743 247168 814254 67343 302574 182702 33924 18125
internal_value=-3.28588e-07 9.94509e-06 -0.000120586 2.54982e-05 -3.04627e-05 -7.79544e-05 -0.000260437
internal_weight=1.67883e+06 1.5467e+06 132135 1.11683e+06 429870 101267 30868
internal_count=1678833 1546698 132135 1116828 429870 101267 30868
is_linear=0
shrinkage=0.00720685


Tree=79
num_leaves=8
num_cat=0
split_feature=1 1 2 1 3 1 1
split_gain=39.8451 41.2441 31.4723 13.0909 12.8102 6.95401 6.12227
threshold=-0.29411354660987848 -3.4403891563415523 -1.002091586589813 -4.1973986625671378 0.030405308119952682 0.57312300801277172 -0.56557518243789662
decision_type=2 2 2 2 8 2 2
left_child=1 3 5 -1 -4 -2 -3
right_child=2 6 4 -5 -6 -7 -8
leaf_value=-0.00039711568135261378 -6.9260864235837921e-05 0.00016493158739052207 1.7855333252718001e-05 -4.4379912442137102e-05 -2.7515954809170886e-05 -0.00017398270257294591 7.886280046441367e-05
leaf_weight=6063 66567 125713 666114 55300 627853 65191 65188
leaf_count=6063 66567 125713 666114 55300 627853 65191 65188
internal_value=-1.92076e-07 8.32966e-05 -1.49644e-05 -7.92381e-05 -4.15951e-06 -0.000121076 0.000135542
internal_weight=1.67799e+06 252264 1.42572e+06 61363 1.29397e+06 131758 190901
internal_count=1677989 252264 1425725 61363 1293967 131758 190901
is_linear=0
shrinkage=0.00720685


Tree=80
num_leaves=8
num_cat=0
split_feature=0 3 2 0 9 12 0
split_gain=39.7137 19.7456 11.9437 10.5031 9.03593 6.92854 3.62802
threshold=-1.3913235664367674 0.15858855098485949 -1.4505005478858946 0.050179252400994308 0.11043428629636766 0.49846009910106664 -3.3279378414154048
decision_type=2 8 2 2 8 8 2
left_child=2 5 6 -3 -4 -2 -1
right_child=1 3 4 -5 -6 -7 -8
leaf_value=-0.00035357441215099112 4.4269813473895638e-05 -5.0512733719202969e-05 -0.00016387131450593478 4.8757311803557519e-06 -9.2253819095466176e-06 -4.8401145422717553e-06 -0.00018678632468762494
leaf_weight=12795 647147 305370 41114 425696 37544 193918 14405
leaf_count=12795 647147 305370 41114 425696 37544 193918 14405
internal_value=3.68206e-08 9.13471e-06 -0.000135077 -1.82603e-05 -9.00591e-05 3.29469e-05 -0.000265255
internal_weight=1.67799e+06 1.57213e+06 105858 731066 78658 841065 27200
internal_count=1677989 1572131 105858 731066 78658 841065 27200
is_linear=0
shrinkage=0.00720685


Tree=81
num_leaves=8
num_cat=0
split_feature=2 11 8 7 3 2 5
split_gain=34.0405 14.4579 10.4661 9.14596 6.27029 5.6673 4.86941
threshold=-0.82648640871047963 0.66705545783042919 0.30836205184459692 -1.0000000180025095e-35 0.020591495558619503 -2.4122351408004756 0.17776855081319812
decision_type=2 8 10 2 10 2 10
left_child=3 2 -2 4 -1 -5 -3
right_child=1 6 -4 5 -6 -7 -8
leaf_value=8.8540414840312535e-05 1.2595248775950427e-05 -4.8755828138184814e-05 6.2994501178730353e-05 -0.00019797207695049419 -7.6040650124464053e-05 -8.9277549001397097e-05 1.8621922952899496e-06
leaf_weight=23353 769160 205219 296506 30361 24780 138906 190186
leaf_count=23353 769160 205219 296506 30361 24780 138906 190186
internal_value=2.89472e-07 1.28088e-05 2.66182e-05 -8.38483e-05 3.80985e-06 -0.000108775 -2.4409e-05
internal_weight=1.67847e+06 1.46107e+06 1.06567e+06 217400 48133 169267 395405
internal_count=1678471 1461071 1065666 217400 48133 169267 395405
is_linear=0
shrinkage=0.00720685


Tree=82
num_leaves=8
num_cat=0
split_feature=0 1 0 3 1 1 19
split_gain=38.8433 32.8252 46.7849 17.5444 11.1843 10.9497 3.42318
threshold=-2.1060259342193599 -0.37872675061225886 0.053272508084774024 0.030405308119952682 0.79674589633941661 1.3872644901275637 inf
decision_type=2 2 2 8 2 2 8
left_child=4 2 -2 -3 6 -6 -1
right_child=1 3 -4 -5 5 -7 -8
leaf_value=-6.5593234138390568e-05 -6.5520568955930705e-05 1.9306900943559405e-05 0.00015746637689162665 -3.1978522496525468e-05 -0.00030110042016681139 -4.8804928399903662e-05 0.00021557938186208804
leaf_weight=17035 71377 689612 154972 696218 33644 12166 2590
leaf_count=17035 71377 689612 154972 696218 33644 12166 2590
internal_value=-3.02029e-07 6.68444e-06 8.71495e-05 -6.45803e-06 -0.000172432 -0.0002341 -2.84757e-05
internal_weight=1.67761e+06 1.61218e+06 226349 1.38583e+06 65435 45810 19625
internal_count=1677614 1612179 226349 1385830 65435 45810 19625
is_linear=0
shrinkage=0.00720685


end of trees

feature_importances:
LN_TURNOVER=158
LOW_TURNOVER=128
INTRADAY_REV10=54
CORD20=43
REV60=37
CORD5=23
RET_VOL_CORR5=16
CORR60=16
AMIHUD_20=15
VOL_CV20=13
RET_AMT_CORR20=12
UP_DOWN_RATIO20=12
EP=11
CORD60=9
MACD_LINE=9
CURRENT_RATIO=8
VOL_OF_VOL_20=4
MAX_DD60=4
CNTD60=3
ROE_YOY=3
BP=1
VSTD5=1
Q_SALES_YOY=1

parameters:
[boosting: gbdt]
[objective: regression]
[metric: l2]
[tree_learner: serial]
[device_type: cpu]
[data_sample_strategy: bagging]
[data: ]
[valid: ]
[num_iterations: 1000]
[learning_rate: 0.00720685]
[num_leaves: 43]
[num_threads: 8]
[seed: 42]
[deterministic: 0]
[force_col_wise: 0]
[force_row_wise: 0]
[histogram_pool_size: -1]
[max_depth: 3]
[min_data_in_leaf: 76]
[min_sum_hessian_in_leaf: 0.001]
[bagging_fraction: 0.712041]
[pos_bagging_fraction: 1]
[neg_bagging_fraction: 1]
[bagging_freq: 1]
[bagging_seed: 400]
[bagging_by_query: 0]
[feature_fraction: 0.587027]
[feature_fraction_bynode: 1]
[feature_fraction_seed: 30056]
[extra_trees: 0]
[extra_seed: 12879]
[early_stopping_round: 0]
[early_stopping_min_delta: 0]
[first_metric_only: 0]
[max_delta_step: 0]
[lambda_l1: 0.0035701]
[lambda_l2: 0.944352]
[linear_lambda: 0]
[min_gain_to_split: 0]
[drop_rate: 0.1]
[max_drop: 50]
[skip_drop: 0.5]
[xgboost_dart_mode: 0]
[uniform_drop: 0]
[drop_seed: 17869]
[top_rate: 0.2]
[other_rate: 0.1]
[min_data_per_group: 100]
[max_cat_threshold: 32]
[cat_l2: 10]
[cat_smooth: 10]
[max_cat_to_onehot: 4]
[top_k: 20]
[monotone_constraints: ]
[monotone_constraints_method: basic]
[monotone_penalty: 0]
[feature_contri: ]
[forcedsplits_filename: ]
[refit_decay_rate: 0.9]
[cegb_tradeoff: 1]
[cegb_penalty_split: 0]
[cegb_penalty_feature_lazy: ]
[cegb_penalty_feature_coupled: ]
[path_smooth: 0]
[interaction_constraints: ]
[verbosity: -1]
[saved_feature_importance_type: 0]
[use_quantized_grad: 0]
[num_grad_quant_bins: 4]
[quant_train_renew_leaf: 0]
[stochastic_rounding: 1]
[linear_tree: 0]
[max_bin: 255]
[max_bin_by_feature: ]
[min_data_in_bin: 3]
[bin_construct_sample_cnt: 200000]
[data_random_seed: 175]
[is_enable_sparse: 1]
[enable_bundle: 1]
[use_missing: 1]
[zero_as_missing: 0]
[feature_pre_filter: 1]
[pre_partition: 0]
[two_round: 0]
[header: 0]
[label_column: ]
[weight_column: ]
[group_column: ]
[ignore_column: ]
[categorical_feature: ]
[forcedbins_filename: ]
[precise_float_parser: 0]
[parser_config_file: ]
[objective_seed: 16083]
[num_class: 1]
[is_unbalance: 0]
[scale_pos_weight: 1]
[sigmoid: 1]
[boost_from_average: 1]
[reg_sqrt: 0]
[alpha: 0.9]
[fair_c: 1]
[poisson_max_delta_step: 0.7]
[tweedie_variance_power: 1.5]
[lambdarank_truncation_level: 30]
[lambdarank_norm: 1]
[label_gain: ]
[lambdarank_position_bias_regularization: 0]
[eval_at: ]
[multi_error_top_k: 1]
[auc_mu_weights: ]
[num_machines: 1]
[local_listen_port: 12400]
[time_out: 120]
[machine_list_filename: ]
[machines: ]
[gpu_platform_id: -1]
[gpu_device_id: -1]
[gpu_use_dp: 0]
[num_gpu: 1]

end of parameters

pandas_categorical:[]
