tree
version=v4
num_class=1
num_tree_per_iteration=1
label_index=0
max_feature_idx=24
objective=regression
feature_names=LOW_TURNOVER LN_TURNOVER CORR20 VOL_CV20 RET_AMT_CORR20 KLOW CONSEC_UP5 CORD60 RET_VOL_CORR5 OBV_CHG_20 CORD5 AMIHUD_20 VOL_OF_VOL_20 CORR60 VOL_PRICE_DIVERGENCE BP EP CNTD10 IMAX60 WVMA30 MAX_DD60 CNTD60 Q_SALES_YOY VSTD5 NEG_SKEW_20
feature_infos=[-6.8819670677185059:3.5721476078033447] [-3.7803337574005127:4.3974018096923828] [-4.6608490943908691:6.9424848556518555] [-6.7906289100646973:3.1917855739593506] [-5.9896574020385742:4.3248486518859863] [-4.3276844024658203:5.9657649993896484] [-7.0665183067321777:3.7443304061889648] [-3.8613734245300293:5.0738520622253418] [-4.98828125:5.2640767097473145] [-7.5460820198059082:8.2471113204956055] [-5.0326910018920898:5.3961615562438965] [-2.7241857051849365:7.0615291595458984] [-6.5766854286193848:3.020122766494751] [-4.8100137710571289:5.0102863311767578] [-3.5200934410095215:3.4064269065856934] [-4.6544528007507324:7.3492598533630371] [-5.3980250358581543:6.8037166595458984] [-3.8395261764526367:4.5610404014587402] [-5.5199403762817383:7.0493817329406738] [-3.2547907829284668:7.2070331573486328] [-3.6789512634277344:6.9023184776306152] [-3.5792040824890137:3.9824478626251221] [-4.8151063919067383:6.6030168533325195] [-3.3030037879943848:6.9323163032531738] [-4.0282130241394043:3.9364285469055176]
tree_sizes=912 931 940 916 934 936 929 932 937 937 933 930 940 935 968 936 936 943 956 922 935 935 935 940 931 933 952 932 940 935 938 930 943 935 945 943 938 940 947 931 934 899 948 946 932 922 932 934 946 934 941 948 969 943 950 941 933 942 944 928 972 939 941 941 937 954 966 959 939 946 936 833 932 937 945 944 952 955 934 910 934 934 948 946 935 928 946 942 943 967 944 944 950 922 945 952 948 973 951 937 942

Tree=0
num_leaves=8
num_cat=0
split_feature=0 18 0 0 6 18 17
split_gain=100.205 30.5298 32.3043 14.7871 8.82389 8.23967 2.96793
threshold=-2.8310526609420772 -1.2148865461349485 0.346126139163971 -5.2783150672912589 -1.2116317152976988 -2.3551638126373287 0.16378991305828097
decision_type=2 2 2 2 2 2 2
left_child=3 5 -3 6 -5 -2 -1
right_child=1 2 -4 4 -6 -7 -8
leaf_value=0.013092952705323247 0.013560978176786774 0.01341426010588841 0.013469932678633915 0.013122405690499609 0.013304522137267013 0.013344658162138515 0.012805438348941718
leaf_weight=2565 9503 1358197 900086 36784 22136 242496 6872
leaf_count=2565 9503 1358197 900086 36784 22136 242496 6872
internal_value=0.0134206 0.0134281 0.0134364 0.0131484 0.0131908 0.0133528 0.0128835
internal_weight=2.57864e+06 2.51028e+06 2.25828e+06 68357 58920 251999 9437
internal_count=2578639 2510282 2258283 68357 58920 251999 9437
is_linear=0
shrinkage=1


Tree=1
num_leaves=8
num_cat=0
split_feature=0 5 0 0 17 6 17
split_gain=95.9027 58.8883 32.0423 15.5974 15.4968 10.1262 1.92979
threshold=-2.4011611938476558 inf 0.43311597406864172 -5.2783150672912589 1.6499601602554324 -0.63269105553627003 0.11545475199818613
decision_type=2 8 2 2 2 2 2
left_child=3 2 -2 6 -3 -5 -1
right_child=1 4 -4 5 -6 -7 -8
leaf_value=-0.0003340088793836706 -1.0644838880330465e-05 0.00083702132551133704 4.4321530034382193e-05 -0.000250992154153224 0.0026233451851477088 -6.7953563374381141e-05 -0.00057024995108735362
leaf_weight=2418 1661843 2866 823934 56553 276 21732 7046
leaf_count=2418 1661843 2866 823934 56553 276 21732 7046
internal_value=5.65163e-07 8.82079e-06 7.57428e-06 -0.000233595 0.000994685 -0.000200182 -0.000509934
internal_weight=2.57667e+06 2.48892e+06 2.48578e+06 87749 3142 78285 9464
internal_count=2576668 2488919 2485777 87749 3142 78285 9464
is_linear=0
shrinkage=0.00720685


Tree=2
num_leaves=8
num_cat=0
split_feature=1 0 10 0 6 2 6
split_gain=95.9668 25.5245 24.8206 21.3232 9.68746 5.78611 2.41853
threshold=1.7371414303779604 0.50571089982986461 inf -5.2783150672912589 -2.1536550521850581 2.1663235425949101 -4.5755755901336661
decision_type=2 2 8 2 2 10 2
left_child=1 2 -1 6 -5 -3 -2
right_child=3 5 -4 4 -6 -7 -8
leaf_value=-4.9760452556999904e-06 -0.00071212681083554529 4.7750800642151253e-05 0.00075515790294735058 -0.00025444346144697251 -0.00011891243909965311 0.0010358615202495079 -0.00044773285813436674
leaf_weight=1765498 2418 670262 2233 39683 88451 307 7048
leaf_count=1765498 2418 670262 2233 39683 88451 307 7048
internal_value=-1.03911e-07 1.03459e-05 -4.01543e-06 -0.000185275 -0.000160888 4.82047e-05 -0.000515337
internal_weight=2.5759e+06 2.4383e+06 1.76773e+06 137600 128134 670569 9466
internal_count=2575900 2438300 1767731 137600 128134 670569 9466
is_linear=0
shrinkage=0.00720685


Tree=3
num_leaves=8
num_cat=0
split_feature=5 11 20 18 19 18 11
split_gain=61.7331 54.1173 33.92 36.4976 29.2625 17.7242 9.11576
threshold=inf 3.5520852804183964 1.452888071537018 -1.230498671531677 3.4877746105194096 0.79644000530242931 2.4522004127502446
decision_type=8 10 8 2 10 2 10
left_child=2 6 3 -1 -3 -4 -2
right_child=1 4 5 -5 -6 -7 -8
leaf_value=-7.883069388150926e-05 0.00066704545048507525 0.007759389386841252 -4.1248878005900009e-05 1.6705072228773069e-05 0.0019032992158062696 -0.00017903306977452339 0.0022394895755415943
leaf_weight=230226 2777 89 149250 2122059 89 71827 205
leaf_count=230226 2777 89 149250 2122059 89 71827 205
internal_value=5.69589e-07 0.00100711 -6.66763e-07 7.35463e-06 0.00485698 -8.60151e-05 0.000775828
internal_weight=2.57652e+06 3160 2.57336e+06 2.35228e+06 178 221077 2982
internal_count=2576522 3160 2573362 2352285 178 221077 2982
is_linear=0
shrinkage=0.00720685


Tree=4
num_leaves=8
num_cat=0
split_feature=0 23 11 0 0 6 6
split_gain=95.4195 65.9215 54.448 31.6215 17.3104 9.02236 1.90419
threshold=-2.4011611938476558 inf 3.5520852804183964 0.32067291438579565 -5.2783150672912589 -0.91824123263359059 -4.0814657211303702
decision_type=2 8 8 2 2 2 2
left_child=4 3 -3 -2 6 -6 -1
right_child=1 2 -4 -5 5 -7 -8
leaf_value=-0.00065892048938711516 -1.6057404858563655e-05 0.00080585724042658011 0.004874354010598326 3.5773799355499162e-05 -0.00025458273468629351 -9.1826228505088601e-05 -0.00044670191276126981
leaf_weight=3476 1399127 3081 180 1085788 51381 26982 6007
leaf_count=3476 1399127 3081 180 1085788 51381 26982 6007
internal_value=-3.07252e-07 7.93434e-06 0.00103178 6.59033e-06 -0.000233743 -0.000198544 -0.000524551
internal_weight=2.57602e+06 2.48818e+06 3261 2.48492e+06 87846 78363 9483
internal_count=2576022 2488176 3261 2484915 87846 78363 9483
is_linear=0
shrinkage=0.00720685


Tree=5
num_leaves=8
num_cat=0
split_feature=1 5 11 0 0 0 17
split_gain=93.706 54.8987 39.7256 27.0511 23.9425 7.23554 2.67828
threshold=1.7371414303779604 inf 2.4522004127502446 0.43311597406864172 -5.2783150672912589 -3.4389593601226802 0.43861007690429693
decision_type=2 8 10 2 2 2 2
left_child=1 3 -3 -1 6 -6 -2
right_child=4 2 -4 -5 5 -7 -8
leaf_value=-8.3534608801273151e-06 -0.00036733461191910255 0.00066051338841265159 0.0031480180616958518 4.2402787465431341e-05 -0.00024174915216957458 -0.00012255357453305898 -0.00062055107352297439
leaf_weight=1611639 3354 2787 378 824326 37251 91253 6176
leaf_count=1611639 3354 2787 378 824326 37251 91253 6176
internal_value=-2.82969e-07 1.0055e-05 0.000958458 8.82236e-06 -0.000182959 -0.000157108 -0.000531482
internal_weight=2.57716e+06 2.43913e+06 3165 2.43596e+06 138034 128504 9530
internal_count=2577164 2439130 3165 2435965 138034 128504 9530
is_linear=0
shrinkage=0.00720685


Tree=6
num_leaves=8
num_cat=0
split_feature=0 23 11 18 0 6 6
split_gain=92.2614 58.7357 46.3226 31.592 16.1614 9.64522 1.73146
threshold=-2.4011611938476558 inf 3.5520852804183964 -1.230498671531677 -5.2783150672912589 -0.63269105553627003 -4.0814657211303702
decision_type=2 8 8 2 2 2 2
left_child=4 3 -3 -2 6 -6 -1
right_child=1 2 -4 -5 5 -7 -8
leaf_value=-0.00064161300665181058 -7.1500490278309965e-05 0.00077544311816760841 0.0045904861792252704 1.5303229190777765e-05 -0.00024561058622126169 -6.6949055537872477e-05 -0.00043804482873844425
leaf_weight=3419 241166 3021 174 2244342 56413 21745 5987
leaf_count=3419 241166 3021 174 2244342 56413 21745 5987
internal_value=4.63798e-08 8.1362e-06 0.000984514 6.88073e-06 -0.000229876 -0.000195905 -0.0005121
internal_weight=2.57627e+06 2.4887e+06 3195 2.48551e+06 87564 78158 9406
internal_count=2576267 2488703 3195 2485508 87564 78158 9406
is_linear=0
shrinkage=0.00720685


Tree=7
num_leaves=8
num_cat=0
split_feature=0 5 18 0 3 6 6
split_gain=91.7134 53.6956 30.6717 17.2143 10.2559 9.31636 2.17434
threshold=-2.4011611938476558 inf -1.230498671531677 -5.2783150672912589 -1.3279948830604551 -0.81955134868621815 -4.0814657211303702
decision_type=2 8 2 2 10 2 2
left_child=3 2 -2 6 -3 -5 -1
right_child=1 4 -4 5 -6 -7 -8
leaf_value=-0.00066470161720308992 -6.9942005401084841e-05 0.0011808566743852595 1.5527503886504677e-05 -0.00024774235286059254 0.00020966627959344614 -7.8989337448676694e-05 -0.00043692804740719053
leaf_weight=3425 241545 2391 2244315 53139 740 24981 6010
leaf_count=3425 241545 2391 2244315 53139 740 24981 6010
internal_value=3.46328e-07 8.41077e-06 7.2226e-06 -0.000228905 0.00095146 -0.000193781 -0.000519673
internal_weight=2.57655e+06 2.48899e+06 2.48586e+06 87555 3131 78120 9435
internal_count=2576546 2488991 2485860 87555 3131 78120 9435
is_linear=0
shrinkage=0.00720685


Tree=8
num_leaves=8
num_cat=0
split_feature=0 23 0 0 19 17 17
split_gain=90.2261 50.5371 31.1294 15.0353 10.5275 8.24271 2.92738
threshold=-2.4011611938476558 inf 0.35060571134090429 -5.2783150672912589 1.6912307143211367 0.036323519423604018 0.17445119470357898
decision_type=2 8 2 2 10 2 2
left_child=3 2 -2 6 -3 -5 -1
right_child=1 4 -4 5 -6 -7 -8
leaf_value=-0.00028929688710276915 -1.4274434648560471e-05 8.7574914234449781e-05 3.7615915195357681e-05 -9.0792860205233522e-05 0.0011120845185900437 -0.0002469389229118795 -0.00057396183797267606
leaf_weight=2574 1471756 652 1014287 26569 2595 51790 6958
leaf_count=2574 1471756 652 1014287 26569 2595 51790 6958
internal_value=5.7517e-08 8.07016e-06 6.89644e-06 -0.000226878 0.000906455 -0.000193997 -0.000497131
internal_weight=2.57718e+06 2.48929e+06 2.48604e+06 87891 3247 78359 9532
internal_count=2577181 2489290 2486043 87891 3247 78359 9532
is_linear=0
shrinkage=0.00720685


Tree=9
num_leaves=8
num_cat=0
split_feature=0 23 11 0 0 6 17
split_gain=89.9536 54.8603 43.1306 32.5027 12.1912 7.3313 3.26491
threshold=-2.8310526609420772 inf 2.4522004127502446 0.35060571134090429 -5.2783150672912589 -0.95678377151489247 0.43861007690429693
decision_type=2 8 8 2 2 2 2
left_child=4 3 -3 -2 6 -6 -1
right_child=1 2 -4 -5 5 -7 -8
leaf_value=-0.00031749205595083983 -1.5731863416557986e-05 0.00064224832448937926 0.0032337510050622505 3.7152056904413886e-05 -0.00027433378432989918 -0.00010126020155487876 -0.00059715959372182658
leaf_weight=3364 1490676 2849 377 1014367 40174 18599 6121
leaf_count=3364 1490676 2849 377 1014367 40174 18599 6121
internal_value=-1.32599e-07 6.89212e-06 0.000945965 5.68242e-06 -0.000258266 -0.000219567 -0.000498015
internal_weight=2.57653e+06 2.50827e+06 3226 2.50504e+06 68258 58773 9485
internal_count=2576527 2508269 3226 2505043 68258 58773 9485
is_linear=0
shrinkage=0.00720685


Tree=10
num_leaves=8
num_cat=0
split_feature=1 5 11 18 0 6 17
split_gain=89.0592 56.6608 63.302 30.8306 18.5973 9.58171 2.22344
threshold=1.7850565910339358 inf 3.5520852804183964 -1.230498671531677 -5.2783150672912589 -1.2628096938133238 0.43861007690429693
decision_type=2 8 10 2 2 2 2
left_child=1 3 -3 -1 6 -6 -2
right_child=4 2 -4 -5 5 -7 -8
leaf_value=-6.9623984042035961e-05 -0.00034344669043274664 0.00072640940429682672 0.005175688818163258 1.666552432555087e-05 -0.00022485627278682059 -9.5208286056072059e-05 -0.00057471992722311015
leaf_weight=238280 3347 2978 175 2206642 60108 58354 6117
leaf_count=238280 3347 2978 175 2206642 60108 58354 6117
internal_value=-1.85698e-07 9.50109e-06 0.00097484 8.25579e-06 -0.000185557 -0.000160994 -0.000492974
internal_weight=2.576e+06 2.44808e+06 3153 2.44492e+06 127926 118462 9464
internal_count=2576001 2448075 3153 2444922 127926 118462 9464
is_linear=0
shrinkage=0.00720685


Tree=11
num_leaves=8
num_cat=0
split_feature=0 23 11 0 0 0 18
split_gain=86.5782 50.9264 56.177 31.471 15.572 4.67037 1.48128
threshold=-2.4011611938476558 inf 3.5520852804183964 0.35060571134090429 -5.2783150672912589 -3.4389593601226802 2.7024387121200566
decision_type=2 8 8 2 2 2 2
left_child=4 3 -3 -2 6 -6 -1
right_child=1 2 -4 -5 5 -7 -8
leaf_value=-0.00047869832133590163 -1.4412904132758235e-05 0.00068521764301083729 0.0049073358480398056 3.7762983468970868e-05 -0.0002438044647796962 -0.00013239356270211908 -0.00090676991049473406
leaf_weight=9006 1471571 3070 172 1014268 39739 38465 441
leaf_count=9006 1471571 3070 172 1014268 39739 38465 441
internal_value=2.13957e-07 8.05324e-06 0.000910588 6.87581e-06 -0.000222401 -0.000189009 -0.000498773
internal_weight=2.57673e+06 2.48908e+06 3242 2.48584e+06 87651 78204 9447
internal_count=2576732 2489081 3242 2485839 87651 78204 9447
is_linear=0
shrinkage=0.00720685


Tree=12
num_leaves=8
num_cat=0
split_feature=1 23 18 6 17 23 17
split_gain=89.209 48.6263 28.9152 15.9417 13.3719 6.64541 2.65049
threshold=1.7371414303779604 inf -1.230498671531677 -3.2345613241195674 1.3624635934829714 -1.4389268159866331 0.59881141781806957
decision_type=2 8 2 2 2 10 2
left_child=1 2 -1 6 -3 -5 -2
right_child=3 4 -4 5 -6 -7 -8
leaf_value=-6.6572416810296387e-05 -0.000243936055639165 0.00071590630010239865 1.7113399582921032e-05 0.00028946771985725596 0.0021093661673859412 -0.00014808448505622393 -0.00039452840006527529
leaf_weight=237635 9642 2830 2197280 1832 409 109923 16424
leaf_count=237635 9642 2830 2197280 1832 409 109923 16424
internal_value=3.66907e-08 1.01201e-05 8.94607e-06 -0.000178345 0.000892435 -0.000140909 -0.000338835
internal_weight=2.57598e+06 2.43815e+06 2.43492e+06 137821 3239 111755 26066
internal_count=2575975 2438154 2434915 137821 3239 111755 26066
is_linear=0
shrinkage=0.00720685


Tree=13
num_leaves=8
num_cat=0
split_feature=1 5 18 17 6 23 17
split_gain=82.0601 50.2878 27.7474 20.1249 16.0599 6.02845 3.832
threshold=1.7371414303779604 inf -1.230498671531677 2.4199732542037968 -2.3023613691329952 -1.2755849361419676 0.08505315333604814
decision_type=2 8 2 2 2 10 2
left_child=1 2 -1 -3 6 -6 -2
right_child=4 3 -4 -5 5 -7 -8
leaf_value=-6.479527405518121e-05 -0.00016666004117473228 0.00081266369711039082 1.7077544658732614e-05 0.0042349510580115953 0.00019412533089379551 -0.00012902350641129539 -0.00032562386617698217
leaf_weight=238317 10425 3125 2197105 91 3099 91607 32267
leaf_count=238317 10425 3125 2197105 91 3099 91607 32267
internal_value=6.00299e-07 1.02553e-05 9.06589e-06 0.000910724 -0.000170763 -0.000118447 -0.000286811
internal_weight=2.57604e+06 2.43864e+06 2.43542e+06 3216 137398 94706 42692
internal_count=2576036 2438638 2435422 3216 137398 94706 42692
is_linear=0
shrinkage=0.00720685


Tree=14
num_leaves=8
num_cat=0
split_feature=0 0 18 18 0 17 17
split_gain=78.9451 28.7117 16.9126 16.3739 11.0367 6.87326 1.97982
threshold=-2.8310526609420772 0.43311597406864172 -1.1504389047622678 -1.3646783232688902 -5.2783150672912589 0.036323519423604018 0.16378991305828097
decision_type=2 2 2 2 2 2 2
left_child=4 2 -2 -3 6 -6 -1
right_child=1 3 -4 -5 5 -7 -8
leaf_value=-0.00029961239837136654 -7.8518816800754335e-05 -6.1974023490244689e-05 -2.987188764194421e-06 5.1235701148619944e-05 -9.2410140317496003e-05 -0.00025890713422997789 -0.00053382932655558432
leaf_weight=2581 171415 72782 1513137 751347 19029 39850 6897
leaf_count=2581 171415 72782 1513137 751347 19029 39850 6897
internal_value=-2.04308e-07 6.38012e-06 -1.06731e-05 4.12376e-05 -0.000241848 -0.0002051 -0.000470088
internal_weight=2.57704e+06 2.50868e+06 1.68455e+06 824129 68357 58879 9478
internal_count=2577038 2508681 1684552 824129 68357 58879 9478
is_linear=0
shrinkage=0.00720685


Tree=15
num_leaves=8
num_cat=0
split_feature=0 5 11 0 0 6 6
split_gain=83.2705 52.1209 53.6225 28.5984 14.1783 9.34119 1.79269
threshold=-2.4011611938476558 inf 2.4522004127502446 0.43311597406864172 -5.2783150672912589 -0.52353954315185536 -4.5755755901336661
decision_type=2 8 10 2 2 2 2
left_child=4 3 -3 -2 6 -6 -1
right_child=1 2 -4 -5 5 -7 -8
leaf_value=-0.00065240493818253446 -1.0959573239108772e-05 0.00060616570882714822 0.0036186839125166982 4.0961223808943332e-05 -0.00023259352124247243 -5.1573125110498508e-05 -0.00042440696137093094
leaf_weight=2419 1662132 2725 345 824229 58521 19822 6963
leaf_count=2419 1662132 2725 345 824229 58521 19822 6963
internal_value=-2.79019e-07 7.41111e-06 0.000945723 6.25218e-06 -0.000218505 -0.000186794 -0.000483255
internal_weight=2.57716e+06 2.48943e+06 3070 2.48636e+06 87725 78343 9382
internal_count=2577156 2489431 3070 2486361 87725 78343 9382
is_linear=0
shrinkage=0.00720685


Tree=16
num_leaves=8
num_cat=0
split_feature=1 5 11 18 0 17 17
split_gain=81.2918 58.4461 61.4281 27.943 16.8135 6.27641 1.76562
threshold=1.7850565910339358 inf 2.6189546585083012 -1.230498671531677 -5.2783150672912589 0.26091019809246069 0.43861007690429693
decision_type=2 8 10 2 2 2 2
left_child=1 3 -3 -1 6 -6 -2
right_child=4 2 -4 -5 5 -7 -8
leaf_value=-6.6112409965318021e-05 -0.00033735917428037103 0.00064077680411565483 0.0038927172935790751 1.5922774098850197e-05 -9.5263335770844423e-05 -0.00020082705134355226 -0.00054406619954316113
leaf_weight=239010 3336 2820 337 2207090 52634 65865 6057
leaf_count=239010 3336 2820 337 2207090 52634 65865 6057
internal_value=-7.72181e-08 9.17199e-06 0.00098898 7.90703e-06 -0.000177208 -0.00015394 -0.000470697
internal_weight=2.57715e+06 2.44926e+06 3157 2.4461e+06 127892 118499 9393
internal_count=2577149 2449257 3157 2446100 127892 118499 9393
is_linear=0
shrinkage=0.00720685


Tree=17
num_leaves=8
num_cat=0
split_feature=1 5 18 1 3 5 17
split_gain=79.8633 41.6215 26.6341 15.385 9.44296 6.36824 4.22679
threshold=1.7371414303779604 inf -1.230498671531677 2.5207208395004277 -1.6452803611755369 1.4413665533065798 0.43861007690429693
decision_type=2 8 2 2 10 10 2
left_child=1 2 -1 5 -3 -2 -5
right_child=3 4 -4 6 -6 -7 -8
leaf_value=-6.4583992632775999e-05 -9.6265787266183844e-05 0.0011023316462591922 1.5727404718795295e-05 -0.00021231711128903179 0.00024369058100388445 -0.00022238700341725863 -0.00038607223820665953
leaf_weight=237673 79353 2171 2197216 12435 960 28179 17530
leaf_count=237673 79353 2171 2197216 12435 960 28179 17530
internal_value=-5.74471e-07 8.95603e-06 7.88806e-06 -0.000169563 0.000839224 -0.000129318 -0.000313976
internal_weight=2.57552e+06 2.43802e+06 2.43489e+06 137497 3131 107532 29965
internal_count=2575517 2438020 2434889 137497 3131 107532 29965
is_linear=0
shrinkage=0.00720685


Tree=18
num_leaves=8
num_cat=0
split_feature=6 18 10 6 18 22 20
split_gain=60.409 29.2941 22.1019 12.3854 8.48945 4.5575 3.77215
threshold=-1.5766257643699644 -1.2473026514053343 inf -2.922256231307983 -2.3551638126373287 0.027518489398062233 0.31081955134868627
decision_type=2 2 8 2 2 10 8
left_child=3 4 -3 6 -2 -5 -1
right_child=1 2 -4 5 -6 -7 -8
leaf_value=-0.00011388993315443819 0.00014264069710098843 1.5864637077821584e-05 0.00076858352959571167 -0.00013537313309217573 -7.8153908844287367e-05 -3.7962451044001241e-05 -0.00026370729590944394
leaf_weight=11179 9432 2192722 2027 57791 219753 43896 39870
leaf_count=11179 9432 2192722 2027 57791 219753 43896 39870
internal_value=-2.95416e-07 8.46405e-06 1.65602e-05 -0.000139308 -6.90665e-05 -9.33241e-05 -0.000230903
internal_weight=2.57667e+06 2.42393e+06 2.19475e+06 152736 229185 101687 51049
internal_count=2576670 2423934 2194749 152736 229185 101687 51049
is_linear=0
shrinkage=0.00720685


Tree=19
num_leaves=8
num_cat=0
split_feature=6 23 11 18 6 23 23
split_gain=61.2988 35.2698 54.0634 28.8893 14.2895 9.75897 4.89589
threshold=-1.5030373334884641 inf 3.8608552217483525 -1.1986435651779173 -2.922256231307983 inf 0.94740843772888195
decision_type=2 8 8 2 2 8 8
left_child=4 3 -3 -2 6 -6 -1
right_child=1 2 -4 -5 5 -7 -8
leaf_value=-0.00027527689230732473 -6.4029168814696495e-05 0.0006425806147350038 0.0064504717582937725 1.6795931266496695e-05 -9.3200149102371321e-05 0.0012150409957854772 -0.00011080733603970992
leaf_weight=38610 257110 2670 85 2153359 111687 296 12429
leaf_count=38610 257110 2670 85 2153359 111687 296 12429
internal_value=-3.05768e-08 9.1064e-06 0.00082393 8.17478e-06 -0.000135285 -8.97317e-05 -0.000235229
internal_weight=2.57625e+06 2.41322e+06 2755 2.41047e+06 163022 111983 51039
internal_count=2576246 2413224 2755 2410469 163022 111983 51039
is_linear=0
shrinkage=0.00720685


Tree=20
num_leaves=8
num_cat=0
split_feature=1 5 11 18 0 0 23
split_gain=81.2677 46.4053 50.1699 26.3907 18.0309 6.42647 4.22097
threshold=1.7371414303779604 inf 4.2767944335937509 -1.230498671531677 -3.8704005479812618 -5.2783150672912589 -1.2755849361419676
decision_type=2 8 10 2 2 2 8
left_child=1 3 -3 -1 5 -2 -6
right_child=4 2 -4 -5 6 -7 -8
leaf_value=-6.3281525437691179e-05 -0.00046725609832453735 0.00070390778988017454 0.0054572946634360835 1.6649957685614252e-05 0.0001602503036828714 -0.00024995628795605962 -0.00012719150155067951
leaf_weight=237744 9428 3018 119 2197973 2727 28274 97221
leaf_count=237744 9428 3018 119 2197973 2727 28274 97221
internal_value=3.60578e-07 9.97639e-06 0.000885821 8.84802e-06 -0.000170009 -0.000304307 -0.000119347
internal_weight=2.5765e+06 2.43885e+06 3137 2.43572e+06 137650 37702 99948
internal_count=2576504 2438854 3137 2435717 137650 37702 99948
is_linear=0
shrinkage=0.00720685


Tree=21
num_leaves=8
num_cat=0
split_feature=0 23 11 0 6 23 0
split_gain=77.1544 41.8811 40.8929 29.063 13.1252 5.01215 4.91605
threshold=-2.4011611938476558 inf 2.6189546585083012 0.35060571134090429 -2.3023613691329952 -1.2755849361419676 -5.2783150672912589
decision_type=2 8 8 2 2 8 2
left_child=4 3 -3 -2 6 -6 -1
right_child=1 2 -4 -5 5 -7 -8
leaf_value=-0.00050933655683195933 -1.3847106995541966e-05 0.00054739592272959727 0.0031763406991794536 3.6294072884834536e-05 0.00023555050945439415 -0.00015267093750229797 -0.00028092679458567295
leaf_weight=5931 1471576 2893 343 1014192 1786 51772 28045
leaf_count=5931 1471576 2893 343 1014192 1786 51772 28045
internal_value=2.81455e-07 7.67727e-06 0.000826904 6.61046e-06 -0.000210014 -0.000139721 -0.000320813
internal_weight=2.57654e+06 2.489e+06 3236 2.48577e+06 87534 53558 33976
internal_count=2576538 2489004 3236 2485768 87534 53558 33976
is_linear=0
shrinkage=0.00720685


Tree=22
num_leaves=8
num_cat=0
split_feature=1 5 18 0 22 0 23
split_gain=73.7911 37.0902 25.8984 21.7686 8.56599 7.17408 5.75901
threshold=1.566372871398926 inf -1.230498671531677 -3.8704005479812618 2.0679033994674687 -5.2783150672912589 -1.2755849361419676
decision_type=2 8 2 2 10 2 8
left_child=1 2 -1 5 -3 -2 -5
right_child=3 4 -4 6 -6 -7 -8
leaf_value=-6.2765589405763101e-05 -0.0004654109632913695 0.00072256596301776427 1.6869745469198694e-05 0.00018252224041873951 0.0029108346239594225 -0.00023715386241525044 -0.00010754581019801633
leaf_weight=235207 9492 3075 2159466 3649 95 29027 136733
leaf_count=235207 9492 3075 2159466 3649 95 29027 136733
internal_value=-4.55073e-07 1.00793e-05 9.04786e-06 -0.000141649 0.000789 -0.000293413 -0.000100005
internal_weight=2.57674e+06 2.39784e+06 2.39467e+06 178901 3170 38519 140382
internal_count=2576744 2397843 2394673 178901 3170 38519 140382
is_linear=0
shrinkage=0.00720685


Tree=23
num_leaves=8
num_cat=0
split_feature=1 5 11 18 1 5 2
split_gain=75.2481 46.6387 37.0044 25.9094 14.6527 5.49331 3.50658
threshold=1.7371414303779604 inf 2.4522004127502446 -1.230498671531677 2.5207208395004277 1.876610338687897 -0.21645436435937879
decision_type=2 8 10 2 2 10 10
left_child=1 3 -3 -1 5 -2 -6
right_child=4 2 -4 -5 6 -7 -8
leaf_value=-6.2718191790391326e-05 -9.7958441414203081e-05 0.00058957568490651427 0.0029420691365722733 1.6474867439584008e-05 -7.0093345573060125e-05 -0.00022586138645524229 -0.0003298112387613417
leaf_weight=237791 85714 2736 397 2197451 3000 21897 27080
leaf_count=237791 85714 2736 397 2197451 3000 21897 27080
internal_value=6.16769e-07 9.87267e-06 0.000888478 8.74197e-06 -0.000163295 -0.000123986 -0.000303912
internal_weight=2.57607e+06 2.43838e+06 3133 2.43524e+06 137691 107611 30080
internal_count=2576066 2438375 3133 2435242 137691 107611 30080
is_linear=0
shrinkage=0.00720685


Tree=24
num_leaves=8
num_cat=0
split_feature=0 23 11 0 0 6 22
split_gain=73.8014 49.5402 65.034 29.2772 10.8644 6.20457 2.12624
threshold=-2.8310526609420772 inf 3.5520852804183964 0.43311597406864172 -5.2783150672912589 -0.63269105553627003 1.670495927333832
decision_type=2 8 8 2 2 2 10
left_child=4 3 -3 -2 6 -6 -1
right_child=1 2 -4 -5 5 -7 -8
leaf_value=-0.00048153087823702643 -1.2200421187507233e-05 0.00065501310814053057 0.0052103706665521587 4.0242565081623575e-05 -0.00023977364579581565 -6.8382265099451407e-05 0.00010615811361651697
leaf_weight=9098 1681738 3065 171 823703 44394 14573 331
leaf_count=9098 1681738 3065 171 823703 44394 14573 331
internal_value=-1.75909e-07 6.19218e-06 0.00089719 5.04103e-06 -0.000233747 -0.000197418 -0.000460889
internal_weight=2.57707e+06 2.50868e+06 3236 2.50544e+06 68396 58967 9429
internal_count=2577073 2508677 3236 2505441 68396 58967 9429
is_linear=0
shrinkage=0.00720685


Tree=25
num_leaves=8
num_cat=0
split_feature=0 5 11 0 6 0 23
split_gain=70.3484 43.2836 37.4338 27.2372 13.6065 5.21734 4.8243
threshold=-2.4011611938476558 inf 2.4522004127502446 0.38009031116962438 -2.3023613691329952 -5.2783150672912589 -1.2755849361419676
decision_type=2 8 10 2 2 2 8
left_child=4 3 -3 -2 5 -1 -6
right_child=1 2 -4 -5 6 -7 -8
leaf_value=-0.0005056404920182249 -1.2578630676504411e-05 0.00056043470738057302 0.0029797903398679081 3.6577626753537042e-05 0.0002326623913488189 -0.00027184663196224822 -0.00014190180711523269
leaf_weight=6024 1541597 2804 376 943938 1849 28048 51694
leaf_count=6024 1541597 2804 376 943938 1849 28048 51694
internal_value=9.87343e-08 7.16477e-06 0.000847305 6.08956e-06 -0.000200611 -0.000313195 -0.000128963
internal_weight=2.57633e+06 2.48872e+06 3180 2.48554e+06 87615 34072 53543
internal_count=2576330 2488715 3180 2485535 87615 34072 53543
is_linear=0
shrinkage=0.00720685


Tree=26
num_leaves=8
num_cat=0
split_feature=1 18 10 1 18 6 17
split_gain=72.7582 25.8248 16.7195 16.4576 7.63553 7.33425 4.48935
threshold=1.6090188026428225 -1.2148865461349485 inf 2.5207208395004277 -2.1183674335479732 -1.072731554508209 0.43861007690429693
decision_type=2 2 8 2 2 2 2
left_child=1 4 -3 5 -1 -2 -5
right_child=3 2 -4 6 -6 -7 -8
leaf_value=7.9331617321555707e-05 -0.00016528334338070618 1.8027671709702185e-05 0.00068515475398646961 -0.00019375357756369198 -7.1044210431936029e-05 -5.999766464924958e-05 -0.00037234349537742742
leaf_weight=19010 66951 2161348 1952 12596 226320 70608 17438
leaf_count=19010 66951 2161348 1952 12596 226320 70608 17438
internal_value=5.80331e-07 1.06831e-05 1.86299e-05 -0.000144614 -5.93916e-05 -0.000111242 -0.000297454
internal_weight=2.57622e+06 2.40863e+06 2.1633e+06 167593 245330 137559 30034
internal_count=2576223 2408630 2163300 167593 245330 137559 30034
is_linear=0
shrinkage=0.00720685


Tree=27
num_leaves=8
num_cat=0
split_feature=0 23 11 0 0 22 18
split_gain=70.6256 38.6805 46.3507 28.2136 10.9507 3.74332 1.60902
threshold=-2.8310526609420772 inf 4.2767944335937509 0.32067291438579565 -5.2783150672912589 0.33055058121681219 2.7024387121200566
decision_type=2 8 8 2 2 8 2
left_child=4 3 -3 -2 6 -6 -1
right_child=1 2 -4 -5 5 -7 -8
leaf_value=-0.0004353176977859357 -1.5751882042886964e-05 0.00062106025343522928 0.005222304295454218 3.3045946736648766e-05 -0.00023120418364579306 -0.00010847468703398876 -0.0008847136583141949
leaf_weight=8998 1419272 3189 117 1086471 40056 19050 434
leaf_count=8998 1419272 3189 117 1086471 40056 19050 434
internal_value=1.99491e-07 6.43446e-06 0.000785352 5.40648e-06 -0.000228048 -0.000191651 -0.000456085
internal_weight=2.57759e+06 2.50905e+06 3306 2.50574e+06 68538 59106 9432
internal_count=2577587 2509049 3306 2505743 68538 59106 9432
is_linear=0
shrinkage=0.00720685


Tree=28
num_leaves=8
num_cat=0
split_feature=1 23 11 6 11 23 1
split_gain=74.6448 32.3858 22.9994 15.6 15.4511 7.25287 3.69494
threshold=1.6090188026428225 inf 2.8079903125762944 -2.6753531694412227 1.2546670436859133 -1.2755849361419676 2.5207208395004277
decision_type=2 8 8 2 10 10 2
left_child=1 4 -3 6 -1 -5 -2
right_child=3 2 -4 5 -6 -7 -8
leaf_value=3.3020036717446633e-06 -0.00022469354880876125 0.00053914881677257984 0.0026424444262099609 0.00019928385790352759 6.5110738849447463e-05 -0.00011857956314045505 -0.00037471174095855933
leaf_weight=2170972 25736 2895 297 3842 232566 125123 12760
leaf_count=2170972 25736 2895 297 3842 232566 125123 12760
internal_value=9.29666e-09 1.02462e-05 0.000735582 -0.000147114 9.28264e-06 -0.000109108 -0.000274428
internal_weight=2.57419e+06 2.40673e+06 3192 167461 2.40354e+06 128965 38496
internal_count=2574191 2406730 3192 167461 2403538 128965 38496
is_linear=0
shrinkage=0.00720685


Tree=29
num_leaves=8
num_cat=0
split_feature=1 23 11 18 0 6 17
split_gain=69.3514 38.472 33.0028 24.8658 15.9447 7.74503 2.52637
threshold=1.7371414303779604 inf 2.4522004127502446 -1.230498671531677 -5.2783150672912589 -1.0319115519523618 0.48166930675506597
decision_type=2 8 8 2 2 2 2
left_child=1 3 -3 -1 6 -6 -2
right_child=4 2 -4 -5 5 -7 -8
leaf_value=-6.2496377151319323e-05 -0.00028999160933764406 0.00052965499467729665 0.0027991411620486421 1.5069488872576167e-05 -0.00018712509613502408 -7.4700256381498103e-05 -0.0005346971222479186
leaf_weight=237892 3488 2850 376 2198046 70780 57835 5916
leaf_count=237892 3488 2850 376 2198046 70780 57835 5916
internal_value=-3.56855e-07 8.53618e-06 0.00079492 7.49443e-06 -0.00015752 -0.000136572 -0.000443975
internal_weight=2.57718e+06 2.43916e+06 3226 2.43594e+06 138019 128615 9404
internal_count=2577183 2439164 3226 2435938 138019 128615 9404
is_linear=0
shrinkage=0.00720685


Tree=30
num_leaves=8
num_cat=0
split_feature=0 5 0 6 17 0 17
split_gain=71.5323 37.6744 27.4261 12.8052 11.9165 5.49605 5.02386
threshold=-2.4011611938476558 inf 0.35060571134090429 -2.4676564931869502 2.4199732542037968 -5.2783150672912589 0.11545475199818613
decision_type=2 8 2 2 2 2 2
left_child=3 2 -2 5 -3 -1 -5
right_child=1 4 -4 6 -6 -7 -8
leaf_value=-0.00051978173253625364 -1.4017799829710734e-05 0.00072783288202252347 3.4669151010584249e-05 -5.6603421446495981e-05 0.0035313614847749877 -0.00027390272890573836 -0.00019525388198711423
leaf_weight=5782 1471985 3015 1015528 23316 80 25784 32488
leaf_count=5782 1471985 3015 1015528 23316 80 25784 32488
internal_value=-2.62765e-07 6.84752e-06 5.85866e-06 -0.00020295 0.000801362 -0.000318956 -0.000137325
internal_weight=2.57798e+06 2.49061e+06 2.48751e+06 87370 3095 31566 55804
internal_count=2577978 2490608 2487513 87370 3095 31566 55804
is_linear=0
shrinkage=0.00720685


Tree=31
num_leaves=8
num_cat=0
split_feature=0 5 11 0 6 0 2
split_gain=67.6823 47.9491 63.3235 27.1261 9.67871 5.50995 3.07144
threshold=-2.8310526609420772 inf 3.5520852804183964 0.346126139163971 -1.3757370114326475 -5.2783150672912589 2.1663235425949101
decision_type=2 8 10 2 2 2 10
left_child=4 3 -3 -2 5 -1 -6
right_child=1 2 -4 -5 6 -7 -8
leaf_value=-0.00047049225142740817 -1.4525578695383304e-05 0.00064157024529581247 0.0050006907662582516 3.370428551219791e-05 -0.00012458896312514398 -0.00025375095929898916 0.00054214784488502608
leaf_weight=7403 1480156 2943 183 1025198 25761 34442 363
leaf_count=7403 1480156 2943 183 1025198 25761 34442 363
internal_value=2.43071e-07 6.32338e-06 0.0008982 5.21021e-06 -0.000224155 -0.000292106 -0.000115304
internal_weight=2.57645e+06 2.50848e+06 3126 2.50535e+06 67969 41845 26124
internal_count=2576449 2508480 3126 2505354 67969 41845 26124
is_linear=0
shrinkage=0.00720685


Tree=32
num_leaves=8
num_cat=0
split_feature=1 5 11 18 0 0 6
split_gain=67.8353 41.3676 52.4731 22.8365 21.1759 6.51024 5.57676
threshold=1.5312022566795351 inf 4.2767944335937509 -1.2148865461349485 -3.8704005479812618 -5.2783150672912589 -0.95678377151489247
decision_type=2 8 10 2 2 2 2
left_child=1 3 -3 -1 5 -2 -6
right_child=4 2 -4 -5 6 -7 -8
leaf_value=-5.6291200341939599e-05 -0.00044715350394596676 0.00064375466643741097 0.0053218188528696029 1.7324984974864524e-05 -0.00013827946861528812 -0.00022872538355423846 -5.0374356310080334e-05
leaf_weight=243774 9376 3010 129 2141763 71890 29053 78326
leaf_count=243774 9376 3010 129 2141763 71890 29053 78326
internal_value=4.99898e-07 1.08903e-05 0.000837555 9.80224e-06 -0.000131066 -0.000282028 -9.24445e-05
internal_weight=2.57732e+06 2.38868e+06 3139 2.38554e+06 188645 38429 150216
internal_count=2577321 2388676 3139 2385537 188645 38429 150216
is_linear=0
shrinkage=0.00720685


Tree=33
num_leaves=8
num_cat=0
split_feature=0 5 11 0 0 6 15
split_gain=65.3566 41.8941 44.6132 26.7503 9.00302 5.58243 1.90089
threshold=-2.8310526609420772 inf 2.4522004127502446 0.35060571134090429 -5.2783150672912589 -0.1278448551893234 -0.45205858349800104
decision_type=2 8 10 2 2 2 2
left_child=4 3 -3 -2 6 -6 -1
right_child=1 2 -4 -5 5 -7 -8
leaf_value=-0.00050900292547841237 -1.4831496072235037e-05 0.00052409853110120649 0.0031968421771108734 3.3146276872818303e-05 -0.00021660646898383437 -1.7692410387566069e-05 -0.00029624117145017175
leaf_weight=5798 1491189 2802 366 1014037 50269 8579 3506
leaf_count=5798 1491189 2802 366 1014037 50269 8579 3506
internal_value=-3.47021e-07 5.63592e-06 0.00083375 4.5884e-06 -0.000220552 -0.000187609 -0.000428869
internal_weight=2.57655e+06 2.50839e+06 3168 2.50523e+06 68152 58848 9304
internal_count=2576546 2508394 3168 2505226 68152 58848 9304
is_linear=0
shrinkage=0.00720685


Tree=34
num_leaves=8
num_cat=0
split_feature=1 5 11 18 0 6 17
split_gain=66.2471 33.9399 31.2817 24.0806 20.0554 6.16547 5.85113
threshold=1.4923069477081301 inf 3.5520852804183964 -1.230498671531677 -3.8704005479812618 -0.81955134868621815 0.11545475199818613
decision_type=2 8 10 2 2 2 2
left_child=1 3 -3 -1 6 -6 -2
right_child=4 2 -4 -5 5 -7 -8
leaf_value=-6.0351606953751113e-05 -0.00013993908219967887 0.00058522724838361133 0.0037224540444630748 1.6741581307263699e-05 -0.00013495341490029321 -4.5600453387396125e-05 -0.00033277422094781152
leaf_weight=233383 11747 2945 174 2140460 81938 78572 26877
leaf_count=233383 11747 2945 174 2140460 81938 78572 26877
internal_value=-4.28686e-07 1.01495e-05 0.000761326 9.16218e-06 -0.000126694 -9.12145e-05 -0.000274131
internal_weight=2.5761e+06 2.37696e+06 3119 2.37384e+06 199134 160510 38624
internal_count=2576096 2376962 3119 2373843 199134 160510 38624
is_linear=0
shrinkage=0.00720685


Tree=35
num_leaves=8
num_cat=0
split_feature=1 5 11 18 1 6 17
split_gain=66.26 39.2601 38.0167 23.3724 15.5566 6.63825 4.55929
threshold=1.566372871398926 inf 3.5520852804183964 -1.2148865461349485 2.4076154232025151 -0.99300280213356007 0.11545475199818613
decision_type=2 8 10 2 2 2 2
left_child=1 3 -3 -1 5 -2 -6
right_child=4 2 -4 -5 6 -7 -8
leaf_value=-5.8147267306204688e-05 -0.00014933121588562236 0.00061516527236088188 0.0039914828397910555 1.6231606658637128e-05 -0.00014870397109421779 -4.9930610906728841e-05 -0.00031425372725093278
leaf_weight=244364 68009 2985 183 2150408 12802 71672 26601
leaf_count=244364 68009 2985 183 2150408 12802 71672 26601
internal_value=-2.83978e-07 9.70271e-06 0.000811338 8.64191e-06 -0.000134006 -9.83284e-05 -0.000260472
internal_weight=2.57702e+06 2.39794e+06 3168 2.39477e+06 179084 139681 39403
internal_count=2577024 2397940 3168 2394772 179084 139681 39403
is_linear=0
shrinkage=0.00720685


Tree=36
num_leaves=8
num_cat=0
split_feature=0 5 0 6 18 0 2
split_gain=64.0088 39.1913 25.1317 10.8956 10.1846 4.94459 3.50438
threshold=-2.4011611938476558 inf 0.43756395578384405 -2.3023613691329952 2.7024387121200566 -5.2783150672912589 -0.010448527988046406
decision_type=2 8 2 2 2 2 10
left_child=3 2 -2 5 -3 -1 -5
right_child=1 4 -4 6 -6 -7 -8
leaf_value=-0.00047987094423804775 -1.1420616858283719e-05 8.8535523301397161e-05 3.7405393453080566e-05 -2.5136846671510109e-06 0.0010374953308672104 -0.00025296839404858771 -0.00015551843271055984
leaf_weight=6079 1671451 778 814268 9427 2400 27836 44372
leaf_count=6079 1671451 778 814268 9427 2400 27836 44372
internal_value=-1.14686e-06 5.59645e-06 4.57373e-06 -0.000192488 0.000805286 -0.000293652 -0.000128709
internal_weight=2.57661e+06 2.4889e+06 2.48572e+06 87714 3178 33915 53799
internal_count=2576611 2488897 2485719 87714 3178 33915 53799
is_linear=0
shrinkage=0.00720685


Tree=37
num_leaves=8
num_cat=0
split_feature=1 5 11 18 1 6 17
split_gain=65.8797 43.6567 64.5285 23.0957 14.7868 8.71806 3.90451
threshold=1.5312022566795351 inf 3.5520852804183964 -1.1986435651779173 2.5207208395004277 -0.95678377151489247 0.17445119470357898
decision_type=2 8 10 2 2 2 2
left_child=1 3 -3 -1 5 -2 -6
right_child=4 2 -4 -5 6 -7 -8
leaf_value=-5.5592839057627291e-05 -0.0001550129236199265 0.0006088574163394116 0.0051368956137804855 1.726728662704638e-05 -0.00015922852610862054 -4.7958622217924236e-05 -0.00033307298927468974
leaf_weight=252750 78899 2993 172 2132250 10053 79143 20201
leaf_count=252750 78899 2993 172 2132250 10053 79143 20201
internal_value=4.35678e-07 1.06686e-05 0.000856398 9.54592e-06 -0.000129348 -0.000101404 -0.000275314
internal_weight=2.57646e+06 2.38816e+06 3165 2.385e+06 188296 158042 30254
internal_count=2576461 2388165 3165 2385000 188296 158042 30254
is_linear=0
shrinkage=0.00720685


Tree=38
num_leaves=8
num_cat=0
split_feature=1 23 6 9 20 23 22
split_gain=60.4028 37.4355 18.1316 12.9766 10.9012 9.65368 3.53052
threshold=1.3399274349212649 inf -2.922256231307983 0.013932886067777874 1.1037965416908266 -1.2755849361419676 0.87933194637298595
decision_type=2 8 2 10 8 10 10
left_child=1 3 6 -1 -3 -4 -2
right_child=2 4 5 -5 -6 -7 -8
leaf_value=-2.7390769955282854e-06 -0.00027650251053152155 -0.00014659441932492209 0.00020823127179312367 3.2512679815485558e-05 0.00098625309464473745 -8.8754993936994271e-05 -6.7518401331235348e-05
leaf_weight=1463867 33765 530 5847 861573 2624 203732 4796
leaf_count=1463867 33765 530 5847 861573 2624 203732 4796
internal_value=-4.42835e-09 1.1386e-05 -0.000106894 1.03217e-05 0.000795894 -8.04684e-05 -0.000250513
internal_weight=2.57673e+06 2.32859e+06 248140 2.32544e+06 3154 209579 38561
internal_count=2576734 2328594 248140 2325440 3154 209579 38561
is_linear=0
shrinkage=0.00720685


Tree=39
num_leaves=8
num_cat=0
split_feature=1 5 11 11 1 17 23
split_gain=61.9647 25.0764 19.2357 15.528 7.93672 4.49785 4.01691
threshold=1.9396908283233645 inf 2.4522004127502446 1.2947806715965273 2.6776560544967656 0.036323519423604018 2.4908288717269902
decision_type=2 8 10 10 2 2 8
left_child=1 3 -3 -1 5 -2 -6
right_child=4 2 -4 -5 6 -7 -8
leaf_value=1.0105822515479621e-07 -7.120078610934664e-05 0.00044414323659546293 0.0021893626347965207 6.265897585403836e-05 -0.00032086314570815302 -0.00018505264470620067 0.00034793264722465328
leaf_weight=2247350 27932 2732 372 226887 19660 50813 477
leaf_count=2247350 27932 2732 372 226887 19660 50813 477
internal_value=-4.11531e-07 6.6499e-06 0.00065391 5.83764e-06 -0.000177324 -0.000144669 -0.000305004
internal_weight=2.57622e+06 2.47734e+06 3104 2.47424e+06 98882 78745 20137
internal_count=2576223 2477341 3104 2474237 98882 78745 20137
is_linear=0
shrinkage=0.00720685


Tree=40
num_leaves=8
num_cat=0
split_feature=0 23 11 0 6 23 0
split_gain=62.2108 35.5959 46.4026 25.7619 10.9362 5.72695 4.27757
threshold=-2.4011611938476558 inf 3.8608552217483525 0.52646082639694225 -2.922256231307983 -1.3054934144020078 -5.2783150672912589
decision_type=2 8 8 2 2 8 2
left_child=4 3 -3 -2 6 -6 -1
right_child=1 2 -4 -5 5 -7 -8
leaf_value=-0.00050170792144339793 -8.3719190364173622e-06 0.00057358716536608061 0.0047325433119890228 4.4966394285777363e-05 0.00025918893005010685 -0.00014962787643217238 -0.00026816832335091614
leaf_weight=5088 1854660 3093 145 630100 1833 60291 20464
leaf_count=5088 1854660 3093 145 630100 1833 60291 20464
internal_value=-5.10769e-07 6.13813e-06 0.000761162 5.15392e-06 -0.000189186 -0.000137561 -0.000314689
internal_weight=2.57567e+06 2.488e+06 3238 2.48476e+06 87676 62124 25552
internal_count=2575674 2487998 3238 2484760 87676 62124 25552
is_linear=0
shrinkage=0.00720685


Tree=41
num_leaves=8
num_cat=0
split_feature=6 5 11 11 6 5 5
split_gain=48.3765 26.1163 38.4347 14.8157 10.642 6.01134 4.6163
threshold=-1.4368457794189451 inf 3.8608552217483525 1.5495562553405764 -2.922256231307983 inf inf
decision_type=2 8 10 10 2 8 8
left_child=4 3 -3 -2 6 -6 -1
right_child=1 2 -4 -5 5 -7 -8
leaf_value=-0.00020867163590336391 2.4044693067312726e-06 0.00057536086322158223 0.0055639831229092208 7.2509073381507732e-05 -8.2776076291228023e-05 0.00087974688261092146 0.00081262097271829882
leaf_weight=50771 2232230 2457 82 168384 121895 337 230
leaf_count=50771 2232230 2457 82 168384 121895 337 230
internal_value=-2.90001e-07 8.09459e-06 0.000738493 7.32179e-06 -0.000116604 -8.01154e-05 -0.00020405
internal_weight=2.57639e+06 2.40315e+06 2539 2.40061e+06 173233 122232 51001
internal_count=2576386 2403153 2539 2400614 173233 122232 51001
is_linear=0
shrinkage=0.00720685


Tree=42
num_leaves=8
num_cat=0
split_feature=6 18 5 6 18 23 23
split_gain=52.1149 25.117 27.4603 12.1772 7.73475 7.6639 4.35764
threshold=-1.4368457794189451 -1.230498671531677 inf -2.922256231307983 -2.3551638126373287 -1.3846759200096128 0.94740843772888195
decision_type=2 2 8 2 2 10 8
left_child=3 4 -3 6 -2 -5 -1
right_child=1 2 -4 5 -6 -7 -8
leaf_value=-0.00025159072110921612 0.00014187353661118354 1.5788038026227012e-05 0.00079279506173057183 0.0004036686701898326 -6.973143290711528e-05 -8.8064869103268251e-05 -9.6784713565661095e-05
leaf_weight=38651 9338 2163211 2364 1668 228294 120809 12501
leaf_count=38651 9338 2163211 2364 1668 228294 120809 12501
internal_value=2.07037e-07 8.91867e-06 1.66366e-05 -0.00012037 -6.14156e-05 -8.13647e-05 -0.000213761
internal_weight=2.57684e+06 2.40321e+06 2.16558e+06 173629 237632 122477 51152
internal_count=2576836 2403207 2165575 173629 237632 122477 51152
is_linear=0
shrinkage=0.00720685


Tree=43
num_leaves=8
num_cat=0
split_feature=1 5 1 9 20 23 6
split_gain=60.1957 31.7996 17.0604 14.0002 8.90999 8.04785 5.26112
threshold=1.3696327209472658 inf 2.3072372674942021 0.011121708899736406 1.0765956044197085 -1.2755849361419676 -3.6352807283401485
decision_type=2 8 2 10 10 10 2
left_child=1 3 5 -1 -3 -2 -4
right_child=2 4 6 -5 -6 -7 -8
leaf_value=-3.8170936841787077e-06 0.0002135955618037246 -0.00015235500068361079 -0.00035900708527365787 3.2629291856512254e-05 0.00090064758633115331 -8.6038606820462726e-05 -0.00018636497489584052
leaf_weight=1459850 4776 495 12206 875835 2650 183515 36859
leaf_count=1459850 4776 495 12206 875835 2650 183515 36859
internal_value=-2.73041e-07 1.08249e-05 -0.000109628 9.84957e-06 0.000734909 -7.84372e-05 -0.00022932
internal_weight=2.57619e+06 2.33883e+06 237356 2.33568e+06 3145 188291 49065
internal_count=2576186 2338830 237356 2335685 3145 188291 49065
is_linear=0
shrinkage=0.00720685


Tree=44
num_leaves=8
num_cat=0
split_feature=0 5 11 0 0 5 13
split_gain=61.1454 32.4984 36.8108 25.1126 9.09731 4.02103 1.12654
threshold=-2.8310526609420772 inf 4.2767944335937509 0.346126139163971 -5.2783150672912589 1.3966124057769778 -0.668300300836563
decision_type=2 8 10 2 2 10 10
left_child=4 3 -3 -2 6 -6 -1
right_child=1 2 -4 -5 5 -7 -8
leaf_value=-3.051265544310737e-05 -1.4830504516498545e-05 0.00057675606640139707 0.0045685063945662217 3.158512034402657e-05 -0.00013831619490357021 -0.00026487477186795032 -0.00043799851509542556
leaf_weight=367 1479294 3046 124 1024845 39177 19548 9020
leaf_count=367 1479294 3046 124 1024845 39177 19548 9020
internal_value=-6.98928e-07 5.08887e-06 0.000734222 4.16557e-06 -0.000213754 -0.000180448 -0.000422075
internal_weight=2.57542e+06 2.50731e+06 3170 2.50414e+06 68112 58725 9387
internal_count=2575421 2507309 3170 2504139 68112 58725 9387
is_linear=0
shrinkage=0.00720685


Tree=45
num_leaves=8
num_cat=0
split_feature=6 5 11 11 6 5 23
split_gain=46.111 23.9789 30.0583 15.4708 8.77797 7.95674 4.27098
threshold=-1.5766257643699644 inf 2.4522004127502446 1.2947806715965273 -3.2345613241195674 inf 0.94740843772888195
decision_type=2 8 10 10 2 8 8
left_child=4 3 -3 -2 6 -6 -1
right_child=1 2 -4 -5 5 -7 -8
leaf_value=-0.00025267077078983347 1.8572376803634217e-06 0.00045423828823120299 0.0031467489919097713 6.5595496366329601e-05 -9.1249434635995563e-05 0.0010178943819485324 -7.8314902039453788e-05
leaf_weight=31004 2204120 2370 236 217287 111953 336 9545
leaf_count=31004 2204120 2370 236 217287 111953 336 9545
internal_value=6.65501e-07 8.32064e-06 0.000699134 7.57688e-06 -0.000120744 -8.79218e-05 -0.000211632
internal_weight=2.57685e+06 2.42401e+06 2606 2.42141e+06 152838 112289 40549
internal_count=2576851 2424013 2606 2421407 152838 112289 40549
is_linear=0
shrinkage=0.00720685


Tree=46
num_leaves=8
num_cat=0
split_feature=0 23 0 6 17 0 23
split_gain=58.1664 29.7526 22.7383 12.8882 12.3851 5.28401 5.27932
threshold=-2.0650651454925533 inf 0.57576116919517528 -2.4676564931869502 2.4199732542037968 -5.2783150672912589 -1.2755849361419676
decision_type=2 8 2 2 2 2 8
left_child=3 2 -2 5 -3 -1 -5
right_child=1 4 -4 6 -6 -7 -8
leaf_value=-0.00047480743021005459 -5.0178579053301378e-06 0.00063096293448413883 4.792267903207086e-05 0.00022971604028394985 0.0035405240811701606 -0.00023709863619077293 -0.0001195240987113068
leaf_weight=5806 1925349 3121 539438 2322 77 29745 69841
leaf_count=5806 1925349 3121 539438 2322 77 29745 69841
internal_value=3.15221e-07 7.47008e-06 6.5686e-06 -0.000163618 0.000702051 -0.000275932 -0.000108283
internal_weight=2.5757e+06 2.46798e+06 2.46479e+06 107714 3198 35551 72163
internal_count=2575699 2467985 2464787 107714 3198 35551 72163
is_linear=0
shrinkage=0.00720685


Tree=47
num_leaves=8
num_cat=0
split_feature=0 5 11 18 17 0 6
split_gain=57.6175 32.1323 40.283 24.296 9.89231 7.13881 2.05385
threshold=-2.4011611938476558 inf 3.8608552217483525 -1.2473026514053343 0.075273446738719954 -5.2783150672912589 -0.1278448551893234
decision_type=2 8 10 2 2 2 2
left_child=4 3 -3 -2 6 -6 -1
right_child=1 2 -4 -5 5 -7 -8
leaf_value=-0.00010971070964633634 -6.5228280935413136e-05 0.00054717482741554839 0.0043157581731410469 1.23219100003758e-05 -0.00044924129101509491 -0.00020648215474736685 2.8086943267097238e-05
leaf_weight=22379 231351 3008 154 2255129 7180 50876 7500
leaf_count=22379 231351 3008 154 2255129 7180 50876 7500
internal_value=-3.7393e-07 6.02977e-06 0.000731959 5.10633e-06 -0.000181676 -0.000236512 -7.51211e-05
internal_weight=2.57758e+06 2.48964e+06 3162 2.48648e+06 87935 58056 29879
internal_count=2577577 2489642 3162 2486480 87935 58056 29879
is_linear=0
shrinkage=0.00720685


Tree=48
num_leaves=8
num_cat=0
split_feature=1 23 11 18 0 23 17
split_gain=59.6507 31.3891 35.2296 23.3251 20.8559 7.73822 6.59607
threshold=1.3399274349212649 inf 2.4522004127502446 -1.1986435651779173 -3.4389593601226802 -1.2755849361419676 0.11545475199818613
decision_type=2 8 8 2 2 8 2
left_child=1 3 -3 -1 6 -6 -2
right_child=4 2 -4 -5 5 -7 -8
leaf_value=-5.5860822360151374e-05 -0.00011731884565905694 0.00044487237353928752 0.0027721425267897976 1.7951732732107355e-05 0.00020931932015979133 -8.1024996773336778e-05 -0.00029739792894123429
leaf_weight=249012 15482 2819 383 2077361 4887 193765 33276
leaf_count=249012 15482 2819 383 2077361 4887 193765 33276
internal_value=-2.67216e-07 1.10325e-05 0.000723987 1.00509e-05 -0.000106663 -7.38812e-05 -0.000240222
internal_weight=2.57698e+06 2.32958e+06 3202 2.32637e+06 247410 198652 48758
internal_count=2576985 2329575 3202 2326373 247410 198652 48758
is_linear=0
shrinkage=0.00720685


Tree=49
num_leaves=8
num_cat=0
split_feature=0 23 0 11 17 0 17
split_gain=54.5853 28.0545 26.4329 22.7746 7.53511 5.1731 1.85081
threshold=-3.1030888557434078 inf 0.3588091135025025 3.2682789564132695 0.094758268445730223 -5.2783150672912589 -0.81040582060813893
decision_type=2 8 2 8 2 2 2
left_child=4 2 -2 -3 6 -6 -1
right_child=1 3 -4 -5 5 -7 -8
leaf_value=9.7438975981603154e-06 -1.4760932304322404e-05 0.00050920884609109793 3.3014753194472794e-05 0.0028910903769652969 -0.00044979090859813579 -0.00023516858804488252 -0.00014565410354351377
leaf_weight=5726 1519470 3039 995576 223 7096 32809 13056
leaf_count=5726 1519470 3039 995576 223 7096 32809 13056
internal_value=-4.60416e-08 5.0174e-06 4.15097e-06 0.000672839 -0.000217319 -0.000273344 -9.8279e-05
internal_weight=2.577e+06 2.51831e+06 2.51505e+06 3262 58687 39905 18782
internal_count=2576995 2518308 2515046 3262 58687 39905 18782
is_linear=0
shrinkage=0.00720685


Tree=50
num_leaves=8
num_cat=0
split_feature=1 5 11 18 0 6 0
split_gain=56.3352 36.3018 41.99 22.0614 20.2662 5.90555 4.74227
threshold=1.3399274349212649 inf 4.2767944335937509 -1.1986435651779173 -3.8704005479812618 -0.8513788878917693 -5.2783150672912589
decision_type=2 8 10 2 2 2 2
left_child=1 3 -3 -1 6 -6 -2
right_child=4 2 -4 -5 5 -7 -8
leaf_value=-5.3606638011298491e-05 -0.00039513458142345664 0.00061952734027773723 0.0050027259466364467 1.8247188601008793e-05 -0.00011554843988722723 -3.8737547457121274e-05 -0.00020905234275766591
leaf_weight=248525 9397 3045 117 2074146 97723 111090 29295
leaf_count=248525 9397 3045 117 2074146 97723 111090 29295
internal_value=6.09575e-07 1.16095e-05 0.000783167 1.05588e-05 -0.000102758 -7.4685e-05 -0.000254255
internal_weight=2.57334e+06 2.32583e+06 3162 2.32267e+06 247505 208813 38692
internal_count=2573338 2325833 3162 2322671 247505 208813 38692
is_linear=0
shrinkage=0.00720685


Tree=51
num_leaves=8
num_cat=0
split_feature=1 0 0 10 17 6 2
split_gain=57.3973 18.0182 16.689 10.6529 6.62306 4.91511 4.29053
threshold=1.3399274349212649 -3.4389593601226802 0.59917762875556957 inf 0.11545475199818613 -0.8513788878917693 1.9333788752555849
decision_type=2 2 2 8 2 2 8
left_child=2 4 3 -1 -2 -3 -4
right_child=1 5 6 -5 -6 -7 -8
leaf_value=7.6813950089670064e-08 -0.00010614434842587201 -0.00011312803100558805 4.707083641103678e-05 0.00050661700698999019 -0.00028612566313072386 -4.1194592788530264e-05 0.00075991043512873061
leaf_weight=1828316 15603 91130 498382 2158 33260 107580 438
leaf_count=1828316 15603 91130 498382 2158 33260 107580 438
internal_value=-3.44299e-07 -0.000104673 1.07445e-05 6.74264e-07 -0.000228657 -7.41844e-05 4.76983e-05
internal_weight=2.57687e+06 247573 2.32929e+06 1.83047e+06 48863 198710 498820
internal_count=2576867 247573 2329294 1830474 48863 198710 498820
is_linear=0
shrinkage=0.00720685


Tree=52
num_leaves=8
num_cat=0
split_feature=1 18 0 0 18 2 0
split_gain=55.8852 25.1462 20.187 19.9634 6.62129 5.12279 4.16095
threshold=1.3399274349212649 -1.230498671531677 -3.8704005479812618 0.58125826716423046 -2.3551638126373287 0.15318032354116443 -5.2783150672912589
decision_type=2 2 2 2 2 10 2
left_child=1 4 6 -3 -1 -4 -2
right_child=2 3 5 -5 -6 -7 -8
leaf_value=0.00013319801427800736 -0.00038689689224639522 6.5133330575686462e-06 -1.4500767151868216e-05 6.0244564014927252e-05 -6.8656463813928333e-05 -9.64126329706059e-05 -0.0002124241105274639
leaf_weight=8773 9364 1639202 53289 459912 221942 155013 29389
leaf_count=8773 9364 1639202 53289 459912 221942 155013 29389
internal_value=-4.92723e-07 1.04363e-05 -0.000103558 1.82858e-05 -6.09803e-05 -7.54578e-05 -0.000254592
internal_weight=2.57688e+06 2.32983e+06 247055 2.09911e+06 230715 208302 38753
internal_count=2576884 2329829 247055 2099114 230715 208302 38753
is_linear=0
shrinkage=0.00720685


Tree=53
num_leaves=8
num_cat=0
split_feature=1 5 11 18 0 23 0
split_gain=55.5548 29.3478 38.4737 22.4726 21.0847 7.61023 5.13645
threshold=1.3399274349212649 inf 3.5520852804183964 -1.1986435651779173 -3.8704005479812618 -1.3413437008857725 -5.2783150672912589
decision_type=2 8 10 2 2 10 2
left_child=1 3 -3 -1 6 -6 -2
right_child=4 2 -4 -5 5 -7 -8
leaf_value=-5.4709358767286476e-05 -0.00040296468847987886 0.00051968075681490568 0.0040671270095788328 1.7791923736264956e-05 0.00023101598330492931 -8.0091685501535503e-05 -0.00020975718211867033
leaf_weight=248638 9448 2926 167 2076544 4166 204770 29365
leaf_count=248638 9448 2926 167 2076544 4166 204770 29365
internal_value=5.50562e-08 1.09725e-05 0.000712409 1.00391e-05 -0.000102544 -7.38873e-05 -0.000256798
internal_weight=2.57602e+06 2.32828e+06 3093 2.32518e+06 247749 208936 38813
internal_count=2576024 2328275 3093 2325182 247749 208936 38813
is_linear=0
shrinkage=0.00720685


Tree=54
num_leaves=8
num_cat=0
split_feature=1 18 5 0 18 0 6
split_gain=52.7527 22.4752 21.6111 15.2913 7.38898 5.11485 4.0873
threshold=1.566372871398926 -1.230498671531677 inf -3.8704005479812618 -2.1183674335479732 -5.2783150672912589 -0.79031062126159657
decision_type=2 2 8 2 2 2 2
left_child=1 4 -3 5 -1 -2 -5
right_child=3 2 -4 6 -6 -7 -8
leaf_value=7.8121394780401179e-05 -0.00039373776882555564 1.4951165298151338e-05 0.00063740254393616913 -0.00012131111366422993 -7.0278150473372173e-05 -0.00019998374602901839 -4.3399560419396195e-05
leaf_weight=18950 9355 2159295 2900 74892 216637 29077 65615
leaf_count=18950 9355 2159295 2900 74892 216637 29077 65615
internal_value=-4.04918e-07 8.50312e-06 1.57863e-05 -0.000119772 -5.83409e-05 -0.000247156 -8.49281e-05
internal_weight=2.57672e+06 2.39778e+06 2.1622e+06 178939 235587 38432 140507
internal_count=2576721 2397782 2162195 178939 235587 38432 140507
is_linear=0
shrinkage=0.00720685


Tree=55
num_leaves=8
num_cat=0
split_feature=1 23 11 0 0 23 0
split_gain=52.6414 28.3661 40.5404 18.2942 14.9792 5.7326 5.38301
threshold=1.5312022566795351 inf 4.2767944335937509 0.59917762875556957 -3.8704005479812618 -1.2490976452827451 -5.2783150672912589
decision_type=2 8 8 2 2 10 2
left_child=1 3 -3 -1 6 -6 -2
right_child=4 2 -4 -5 5 -7 -8
leaf_value=-2.2227073975725887e-06 -0.00039300677269103529 0.00051953628875577658 0.0045858913088661132 4.6849787792308979e-05 0.00017558937921380646 -9.1254572263465785e-05 -0.00019453557843686369
leaf_weight=1886053 9391 3037 132 498959 4304 145809 29085
leaf_count=1886053 9391 3037 132 498959 4304 145809 29085
internal_value=-2.0461e-07 8.94908e-06 0.000690238 8.04356e-06 -0.000116121 -8.36025e-05 -0.000242986
internal_weight=2.57677e+06 2.38818e+06 3169 2.38501e+06 188589 150113 38476
internal_count=2576770 2388181 3169 2385012 188589 150113 38476
is_linear=0
shrinkage=0.00720685


Tree=56
num_leaves=8
num_cat=0
split_feature=0 23 0 11 6 0 23
split_gain=51.9006 24.2553 23.1583 23.1413 10.2163 6.71884 2.97318
threshold=-2.4011611938476558 inf 0.43756395578384405 2.4522004127502446 -0.63269105553627003 -5.2783150672912589 -1.2490976452827451
decision_type=2 8 2 8 2 2 8
left_child=4 2 -2 -3 5 -1 -6
right_child=1 3 -4 -5 6 -7 -8
leaf_value=-0.000407253166477257 -1.0021635445796191e-05 0.00041132144989918505 3.6859322933167607e-05 0.0023281323803882059 0.00034389257857723034 -0.00018968113136839671 -5.8214176329223855e-05
leaf_weight=8475 1672817 2834 813371 369 998 56664 21736
leaf_count=8475 1672817 2834 813371 369 998 56664 21736
internal_value=4.70654e-08 6.12332e-06 5.31574e-06 0.000632776 -0.000172088 -0.000217995 -4.05474e-05
internal_weight=2.57726e+06 2.48939e+06 2.48619e+06 3203 87873 65139 22734
internal_count=2577264 2489391 2486188 3203 87873 65139 22734
is_linear=0
shrinkage=0.00720685


Tree=57
num_leaves=8
num_cat=0
split_feature=0 23 0 17 17 15 0
split_gain=51.8727 34.0563 24.5844 18.5545 6.12814 3.04833 2.76603
threshold=-3.4389593601226802 inf 0.38427285850048071 1.3624635934829714 0.72432765364646923 -0.54021084308624256 -5.2783150672912589
decision_type=2 8 2 2 2 2 2
left_child=4 2 -2 -3 5 -1 -6
right_child=1 3 -4 -5 6 -7 -8
leaf_value=-0.00023486798219804627 -1.3766588333100106e-05 0.00053475520103607379 3.2791226347878373e-05 0.0021740144801888771 -0.00046262355707240427 -7.9129130962651281e-05 -0.00027440412410592244
leaf_weight=12896 1590133 2829 935700 410 5248 13222 17892
leaf_count=12896 1590133 2829 935700 410 5248 13222 17892
internal_value=-8.33173e-08 4.42803e-06 3.48084e-06 0.000742837 -0.000231707 -0.000156033 -0.000317109
internal_weight=2.57833e+06 2.52907e+06 2.52583e+06 3239 49258 26118 23140
internal_count=2578330 2529072 2525833 3239 49258 26118 23140
is_linear=0
shrinkage=0.00720685


Tree=58
num_leaves=8
num_cat=0
split_feature=1 5 18 0 3 6 0
split_gain=51.7497 24.8145 21.1021 18.4655 11.3583 5.16443 4.70093
threshold=1.3399274349212649 inf -1.230498671531677 -3.8704005479812618 -1.2916912436485288 -1.5030373334884641 -5.2783150672912589
decision_type=2 8 2 2 10 2 2
left_child=1 2 -1 6 -3 -5 -2
right_child=3 4 -4 5 -6 -7 -8
leaf_value=-5.6007850696081816e-05 -0.00038436210097706782 0.00089276650794593317 1.6708257309981966e-05 -0.00012649103469678758 -0.00013960601335742106 -4.8596927159892095e-05 -0.0001989533829044247
leaf_weight=230022 9367 2389 2096359 63723 720 144367 29404
leaf_count=230022 9367 2389 2096359 63723 720 144367 29404
internal_value=-1.3619e-07 1.03784e-05 9.51839e-06 -9.93564e-05 0.000653706 -7.24509e-05 -0.000243757
internal_weight=2.57635e+06 2.32949e+06 2.32638e+06 246861 3109 208090 38771
internal_count=2576351 2329490 2326381 246861 3109 208090 38771
is_linear=0
shrinkage=0.00720685


Tree=59
num_leaves=8
num_cat=0
split_feature=0 5 0 17 17 0 6
split_gain=48.6634 25.1077 23.5957 9.42874 5.60289 4.5453 1.45128
threshold=-3.4389593601226802 inf 0.50076347589492809 1.2654229402542116 -0.30293373763561243 -5.2783150672912589 -0.031881881877779954
decision_type=2 8 2 2 2 2 2
left_child=4 2 -2 -3 6 -6 -1
right_child=1 3 -4 -5 5 -7 -8
leaf_value=-0.00011233788924708025 -9.7663995196316069e-06 0.00047040668613904915 3.9898611387268655e-05 0.0015240862513386738 -0.0004158842131146604 -0.0002233723815583996 0.00010821528711082609
leaf_weight=7502 1843543 2595 680153 531 7971 31751 1952
leaf_count=7502 1843543 2595 680153 531 7971 31751 1952
internal_value=4.84567e-08 4.41832e-06 3.61865e-06 0.000649805 -0.000224485 -0.000262013 -6.67905e-05
internal_weight=2.576e+06 2.52682e+06 2.5237e+06 3126 49176 39722 9454
internal_count=2575998 2526822 2523696 3126 49176 39722 9454
is_linear=0
shrinkage=0.00720685


Tree=60
num_leaves=8
num_cat=0
split_feature=1 0 0 9 19 17 9
split_gain=49.1904 17.7424 12.927 12.7254 11.6862 5.49701 2.91184
threshold=1.5312022566795351 0.52122321724891674 -3.8704005479812618 0.011121708899736406 -1.7138787508010862 -0.2813881635665893 0.55532667040824901
decision_type=2 2 2 8 8 2 10
left_child=1 4 5 -3 -1 -2 -4
right_child=2 3 6 -5 -6 -7 -8
leaf_value=0.00030600378076039465 -5.142091582416785e-05 2.1301765057374316e-05 -6.4456373809924754e-05 9.2656805981905404e-05 -4.0216174474768559e-06 -0.00027133664935280954 -0.00014015760864832707
leaf_weight=6337 7282 460057 116013 180837 1740553 31201 34164
leaf_count=6337 7282 460057 116013 180837 1740553 31201 34164
internal_value=1.50745e-07 9.00229e-06 -0.000111879 4.14357e-05 -2.89679e-06 -0.000229726 -8.16787e-05
internal_weight=2.57644e+06 2.38778e+06 188660 640894 1.74689e+06 38483 150177
internal_count=2576444 2387784 188660 640894 1746890 38483 150177
is_linear=0
shrinkage=0.00720685


Tree=61
num_leaves=8
num_cat=0
split_feature=1 5 11 0 0 5 17
split_gain=49.0146 28.9334 42.6653 18.3905 12.5893 7.17726 1.71923
threshold=1.5312022566795351 inf 2.4522004127502446 0.63064393401145946 -5.2783150672912589 1.4413665533065798 0.42786380648612982
decision_type=2 8 10 2 2 10 2
left_child=1 3 -3 -1 6 -6 -2
right_child=4 2 -4 -5 5 -7 -8
leaf_value=-1.7417192016807045e-06 -0.00023767687395370688 0.00039948955620783358 0.0030488593020587826 4.9485219430427033e-05 -7.1726438911466712e-05 -0.00017647725799766159 -0.00044084694425946402
leaf_weight=1935370 3366 2737 356 448300 133012 45628 6078
leaf_count=1935370 3366 2737 356 448300 133012 45628 6078
internal_value=-3.0184e-08 8.79663e-06 0.000705274 7.8926e-06 -0.000112041 -9.84827e-05 -0.000368467
internal_weight=2.57485e+06 2.38676e+06 3093 2.38367e+06 188084 178640 9444
internal_count=2574847 2386763 3093 2383670 188084 178640 9444
is_linear=0
shrinkage=0.00720685


Tree=62
num_leaves=8
num_cat=0
split_feature=1 23 18 0 3 23 9
split_gain=48.4883 26.8402 21.2843 16.9748 11.371 8.44968 5.32427
threshold=1.3399274349212649 inf -1.230498671531677 -3.4389593601226802 -1.3279948830604551 -1.2755849361419676 0.33902944624423986
decision_type=2 8 2 2 10 8 10
left_child=1 2 -1 6 -3 -5 -2
right_child=3 4 -4 5 -6 -7 -8
leaf_value=-5.6343639935691947e-05 -0.00014207559747622903 0.00090742067763043151 1.666515742935458e-05 0.00022893603673142967 -7.8065896024110722e-05 -7.3641267270149977e-05 -0.00029275268110192504
leaf_weight=230175 24755 2455 2095559 4914 808 194108 23986
leaf_count=230175 24755 2455 2095559 4914 808 194108 23986
internal_value=1.59329e-07 1.03561e-05 9.43954e-06 -9.56907e-05 0.00066343 -6.61692e-05 -0.00021623
internal_weight=2.57676e+06 2.329e+06 2.32573e+06 247763 3263 199022 48741
internal_count=2576760 2328997 2325734 247763 3263 199022 48741
is_linear=0
shrinkage=0.00720685


Tree=63
num_leaves=8
num_cat=0
split_feature=1 23 11 9 1 23 9
split_gain=45.2499 22.5756 37.8608 14.0147 13.389 7.9871 4.09482
threshold=1.3399274349212649 inf 4.2767944335937509 0.013932886067777874 2.2168112993240361 -1.1288465857505796 0.30875527858734136
decision_type=2 8 8 10 2 10 8
left_child=1 3 -3 -1 5 -2 -6
right_child=4 2 -4 -5 6 -7 -8
leaf_value=-4.1805784074524125e-06 0.00015554616020202082 0.00046154335778580665 0.0046060066678090478 3.2443381232660303e-05 -0.0001258562961312933 -7.263529028099523e-05 -0.00024565950112523236
leaf_weight=1464693 8336 3068 118 862086 29175 179774 30122
leaf_count=1464693 8336 3068 118 862086 29175 179774 30122
internal_value=3.79007e-07 1.02191e-05 0.000616369 9.38882e-06 -9.22897e-05 -6.25227e-05 -0.000186718
internal_weight=2.57737e+06 2.32996e+06 3186 2.32678e+06 247407 188110 59297
internal_count=2577372 2329965 3186 2326779 247407 188110 59297
is_linear=0
shrinkage=0.00720685


Tree=64
num_leaves=8
num_cat=0
split_feature=1 5 11 0 0 5 17
split_gain=48.1049 26.096 30.2339 18.8731 13.7418 7.19468 1.88057
threshold=1.5312022566795351 inf 3.8608552217483525 0.58125826716423046 -5.2783150672912589 1.4413665533065798 0.62367922067642223
decision_type=2 8 10 2 2 10 2
left_child=1 3 -3 -1 6 -6 -2
right_child=4 2 -4 -5 5 -7 -8
leaf_value=-3.2645105047724977e-06 -0.00025851587083015897 0.00051201125209931477 0.0040103512455178809 4.549462392676203e-05 -7.0151554334894257e-05 -0.0001745236658506625 -0.00046622993013259169
leaf_weight=1855411 3865 3070 133 530108 133455 46172 5483
leaf_count=1855411 3865 3070 133 530108 133455 46172 5483
internal_value=-3.13073e-07 8.44369e-06 0.000658422 7.57071e-06 -0.000111002 -9.69807e-05 -0.000380387
internal_weight=2.5777e+06 2.38872e+06 3203 2.38552e+06 188975 179627 9348
internal_count=2577697 2388722 3203 2385519 188975 179627 9348
is_linear=0
shrinkage=0.00720685


Tree=65
num_leaves=8
num_cat=0
split_feature=1 0 19 11 0 2 22
split_gain=45.2091 20.0513 13.8615 10.2179 8.76915 3.92161 1.86541
threshold=1.9396908283233645 0.52122321724891674 -1.7138787508010862 4.2767944335937509 -5.2783150672912589 0.36790320277214056 1.4834862351417544
decision_type=2 2 8 8 2 10 10
left_child=1 2 -1 -3 6 -6 -2
right_child=4 3 -4 -5 5 -7 -8
leaf_value=0.00031182793457540224 -0.00038052083058983418 3.759741914993284e-05 -7.4045952316941702e-06 0.00031265939900171466 -4.7427899132997553e-05 -0.00015706255776132771 0.00013649262956419157
leaf_weight=7091 9084 633738 1831240 7092 22729 66618 377
leaf_count=7091 9084 633738 1831240 7092 22729 66618 377
internal_value=-9.70844e-08 5.92802e-06 -6.17305e-06 4.0642e-05 -0.00015127 -0.000129174 -0.000359905
internal_weight=2.57797e+06 2.47916e+06 1.83833e+06 640830 98808 89347 9461
internal_count=2577969 2479161 1838331 640830 98808 89347 9461
is_linear=0
shrinkage=0.00720685


Tree=66
num_leaves=8
num_cat=0
split_feature=0 18 0 6 18 6 0
split_gain=43.66 23.005 20.4513 10.6192 7.64446 4.26035 3.48815
threshold=-2.0650651454925533 -1.230498671531677 0.58125826716423046 -2.3023613691329952 -2.3551638126373287 -0.031881881877779954 -5.2783150672912589
decision_type=2 2 2 2 2 2 2
left_child=3 4 -3 6 -2 -5 -1
right_child=1 2 -4 5 -6 -7 -8
leaf_value=-0.00039653564531200408 0.00014292074715375046 2.7344865470678328e-06 5.6708506604424013e-05 -0.00011987691425365065 -6.8597280374083116e-05 1.2361515425709645e-05 -0.00020784833238063404
leaf_weight=6037 9229 1769524 459254 52875 230434 16634 32439
leaf_count=6037 9229 1769524 459254 52875 230434 16634 32439
internal_value=4.36456e-07 6.64159e-06 1.38562e-05 -0.000141406 -6.04515e-05 -8.82312e-05 -0.000237464
internal_weight=2.57643e+06 2.46844e+06 2.22878e+06 107985 239663 69509 38476
internal_count=2576426 2468441 2228778 107985 239663 69509 38476
is_linear=0
shrinkage=0.00720685


Tree=67
num_leaves=8
num_cat=0
split_feature=0 0 6 19 2 6 0
split_gain=42.2429 16.9467 13.2712 12.3649 5.09343 5.08425 3.83435
threshold=-1.6965916156768797 0.52122321724891674 -2.3023613691329952 -1.7138787508010862 2.1663235425949101 0.077223580330610289 -5.2783150672912589
decision_type=2 2 2 8 10 2 2
left_child=2 3 6 -2 -3 -4 -1
right_child=1 4 5 -5 -6 -7 -8
leaf_value=-0.00039592993339086525 0.00030391443743029475 3.9021823529112537e-05 -0.00010264325019186805 -4.9151847161417408e-06 0.001014839717012712 2.4596866210365774e-05 -0.0001994616847949146
leaf_weight=5986 6758 639198 72898 1790315 277 21011 37406
leaf_count=5986 6758 639198 72898 1790315 277 21011 37406
internal_value=6.53395e-07 7.58417e-06 -0.000122339 -3.75364e-06 3.94461e-05 -7.41746e-05 -0.000226573
internal_weight=2.57385e+06 2.43655e+06 137301 1.79707e+06 639475 93909 43392
internal_count=2573849 2436548 137301 1797073 639475 93909 43392
is_linear=0
shrinkage=0.00720685


Tree=68
num_leaves=8
num_cat=0
split_feature=1 5 11 0 0 22 0
split_gain=45.2526 24.2712 32.1246 16.542 15.3223 5.06926 4.88603
threshold=1.3399274349212649 inf 3.5520852804183964 -3.4389593601226802 0.6436506211757661 0.26113012433052069 -5.2783150672912589
decision_type=2 8 10 2 2 10 2
left_child=1 4 -3 6 -1 -5 -2
right_child=3 2 -4 5 -6 -7 -8
leaf_value=2.9673015560193032e-07 -0.00035988459004739168 0.00046191588150784922 0.0035594585531497792 -8.7602114228020102e-05 4.8010743139136629e-05 -8.5667756349935944e-06 -0.00017647105237840867
leaf_weight=1896910 9332 2923 184 137679 428528 60748 39391
leaf_count=1896910 9332 2923 184 137679 428528 60748 39391
internal_value=9.8598e-08 9.94005e-06 0.00064639 -9.26231e-05 9.08942e-06 -6.34059e-05 -0.000211607
internal_weight=2.5757e+06 2.32854e+06 3107 247150 2.32544e+06 198427 48723
internal_count=2575695 2328545 3107 247150 2325438 198427 48723
is_linear=0
shrinkage=0.00720685


Tree=69
num_leaves=8
num_cat=0
split_feature=1 5 6 9 20 22 1
split_gain=45.6654 23.4835 13.7746 12.9213 8.73392 6.13162 2.30566
threshold=1.3399274349212649 inf -2.922256231307983 0.013932886067777874 1.0765956044197085 0.022059496492147449 2.5207208395004277
decision_type=2 8 2 8 10 10 2
left_child=1 3 6 -1 -3 -4 -2
right_child=2 4 5 -5 -6 -7 -8
leaf_value=-4.2179775182809922e-06 -0.00018204022670853103 -0.00023875885220290868 -0.000103561396807363 3.0941143095503411e-05 0.00079456114095072846 -2.454139983050319e-05 -0.00030381296693325784
leaf_weight=1461429 26971 505 120777 863790 2662 88286 11534
leaf_count=1461429 26971 505 120777 863790 2662 88286 11534
internal_value=-2.06396e-07 9.68802e-06 -9.32635e-05 8.8432e-06 0.000629761 -7.01921e-05 -0.000218524
internal_weight=2.57595e+06 2.32839e+06 247568 2.32522e+06 3167 209063 38505
internal_count=2575954 2328386 247568 2325219 3167 209063 38505
is_linear=0
shrinkage=0.00720685


Tree=70
num_leaves=8
num_cat=0
split_feature=1 5 11 11 1 23 21
split_gain=41.9577 22.9045 24.5282 13.3431 10.2884 6.61896 2.64858
threshold=1.5312022566795351 inf 2.4522004127502446 1.5495562553405764 2.6776560544967656 -1.2755849361419676 -2.0795365571975704
decision_type=2 8 10 8 2 8 2
left_child=1 3 -3 -1 5 -2 -6
right_child=4 2 -4 -5 6 -7 -8
leaf_value=2.7092324836985578e-06 0.00018839533684182334 0.00038655571147372332 0.0023350644948224599 6.8215972462502665e-05 0.00052870706550771655 -9.2535570687615146e-05 -0.00026667108434639706
leaf_weight=2208037 4474 2717 382 174245 219 163836 19787
leaf_count=2208037 4474 2717 382 174245 219 163836 19787
internal_value=1.30196e-07 8.30616e-06 0.000627386 7.50057e-06 -0.000103433 -8.50667e-05 -0.000257938
internal_weight=2.5737e+06 2.38538e+06 3099 2.38228e+06 188316 168310 20006
internal_count=2573697 2385381 3099 2382282 188316 168310 20006
is_linear=0
shrinkage=0.00720685


Tree=71
num_leaves=7
num_cat=0
split_feature=5 18 13 17 18 22
split_gain=23.4826 20.7422 19.7558 12.4291 7.72259 7.45323
threshold=inf -1.2148865461349485 0.85062119364738475 2.4199732542037968 -2.3551638126373287 2.0679033994674687
decision_type=8 2 10 2 2 10
left_child=1 4 -3 5 -1 -2
right_child=3 2 -4 -5 -6 -7
leaf_value=0.00013806522220248437 0.00048454043927159582 1.6612407632435249e-05 -3.6241655677915947e-05 0.0034038689911628597 -7.0118667064962399e-05 0.0026620921919300639
leaf_weight=9616 3060 1859435 457722 80 245662 83
leaf_count=9616 3060 1859435 457722 80 245662 83
internal_value=1.4966e-07 -6.20694e-07 6.1718e-06 0.000614835 -6.22761e-05 0.000542836
internal_weight=2.57566e+06 2.57244e+06 2.31716e+06 3223 255278 3143
internal_count=2575658 2572435 2317157 3223 255278 3143
is_linear=0
shrinkage=0.00720685


Tree=72
num_leaves=8
num_cat=0
split_feature=0 5 11 18 17 0 22
split_gain=39.5369 22.8284 21.9206 20.9695 6.03504 4.56888 1.15773
threshold=-3.1030888557434078 inf 2.4522004127502446 -1.230498671531677 -0.30293373763561243 -5.2783150672912589 2.0679033994674687
decision_type=2 8 10 2 2 2 10
left_child=4 3 -3 -2 6 -6 -1
right_child=1 2 -4 -5 5 -7 -8
leaf_value=-5.1875106977444956e-05 -5.9784190398384784e-05 0.00039492236389081177 0.0022456827490873899 1.0660264421888375e-05 -0.00037672922730594503 -0.00018855680306064672 0.00035455401570738882
leaf_weight=11474 242944 2819 376 2271860 8098 38901 375
leaf_count=11474 242944 2819 376 2271860 8098 38901 375
internal_value=3.12861e-07 4.6285e-06 0.000613334 3.85491e-06 -0.000184342 -0.000220987 -3.89829e-05
internal_weight=2.57685e+06 2.518e+06 3195 2.5148e+06 58848 46999 11849
internal_count=2576847 2517999 3195 2514804 58848 46999 11849
is_linear=0
shrinkage=0.00720685


Tree=73
num_leaves=8
num_cat=0
split_feature=1 23 0 0 19 5 22
split_gain=41.2059 21.4658 18.4501 9.75953 6.85989 5.17103 1.36899
threshold=1.7850565910339358 inf 0.52122321724891674 -5.2783150672912589 1.6912307143211367 1.3966124057769778 1.5716469883918764
decision_type=2 8 2 2 10 8 10
left_child=1 2 -1 6 -3 -5 -2
right_child=3 4 -4 5 -6 -7 -8
leaf_value=-6.2642144726050196e-06 -0.00036572383720539538 -5.9014126333580554e-05 3.8745485777865561e-05 -7.815928096398814e-05 0.00076092501401276607 -0.00018329291082652517 7.2197988875999058e-05
leaf_weight=1805423 9162 667 640942 84221 2575 34154 386
leaf_count=1805423 9162 667 640942 84221 2575 34154 386
internal_value=-2.79926e-07 6.30498e-06 5.52822e-06 -0.000126374 0.000592257 -0.000108494 -0.000348012
internal_weight=2.57753e+06 2.44961e+06 2.44636e+06 127923 3242 118375 9548
internal_count=2577530 2449607 2446365 127923 3242 118375 9548
is_linear=0
shrinkage=0.00720685


Tree=74
num_leaves=8
num_cat=0
split_feature=1 5 9 6 3 9 4
split_gain=41.3071 18.5999 11.7531 8.48507 7.41495 3.79573 1.90214
threshold=1.7850565910339358 inf 0.016917715780436996 -3.2345613241195674 -1.3279948830604551 0.58440399169921886 -0.071290500462055192
decision_type=2 8 10 2 10 8 10
left_child=1 2 -1 6 -3 -5 -2
right_child=3 4 -4 5 -6 -7 -8
leaf_value=-6.2737874887319384e-06 -0.00020947961492899183 0.00075356443496628518 2.6386795078022318e-05 -6.8894878978140213e-05 -5.7759104908812567e-05 -0.00016514114981026922 -0.00035630449292676754
leaf_weight=1531739 19222 2413 913580 72736 772 30087 6022
leaf_count=1531739 19222 2413 913580 72736 772 30087 6022
internal_value=4.58648e-08 6.6453e-06 5.92832e-06 -0.000126127 0.000556944 -9.7059e-05 -0.000244518
internal_weight=2.57657e+06 2.4485e+06 2.44532e+06 128067 3185 102823 25244
internal_count=2576571 2448504 2445319 128067 3185 102823 25244
is_linear=0
shrinkage=0.00720685


Tree=75
num_leaves=8
num_cat=0
split_feature=1 5 11 18 1 22 17
split_gain=44.8156 25.9711 34.1867 20.3823 11.2672 4.84923 3.4601
threshold=1.3399274349212649 inf 2.4522004127502446 -1.1986435651779173 2.2168112993240361 0.022059496492147449 0.68453881144523632
decision_type=2 8 10 2 2 8 2
left_child=1 3 -3 -1 5 -2 -6
right_child=4 2 -4 -5 6 -7 -8
leaf_value=-5.2606919590782256e-05 -9.9851043140366621e-05 0.0003831033572911901 0.0026726723113343694 1.6428856264726406e-05 -0.00012692395619916545 -2.6580688272263567e-05 -0.00023723781466929454
leaf_weight=248704 98001 2773 385 2078258 31468 90001 27837
leaf_count=248704 98001 2773 385 2078258 31468 90001 27837
internal_value=1.46527e-07 9.93685e-06 0.000662954 9.05033e-06 -9.20972e-05 -6.47752e-05 -0.000178707
internal_weight=2.57743e+06 2.33012e+06 3158 2.32696e+06 247307 188002 59305
internal_count=2577427 2330120 3158 2326962 247307 188002 59305
is_linear=0
shrinkage=0.00720685


Tree=76
num_leaves=8
num_cat=0
split_feature=0 23 0 18 17 0 17
split_gain=38.107 22.5668 21.7391 14.3017 5.9076 3.28119 0.937431
threshold=-3.4389593601226802 -1.6597641706466673 0.346126139163971 2.7024387121200566 -0.30293373763561243 -5.2783150672912589 -1.1219339370727537
decision_type=2 10 2 2 2 2 2
left_child=4 3 -3 -2 6 -6 -1
right_child=1 2 -4 -5 5 -7 -8
leaf_value=7.682535376081369e-05 0.00019288002373667702 -1.4446649920103616e-05 2.8703063080017554e-05 0.00081750268508770207 -0.00036762405404335501 -0.00020412483127771124 -8.2105804564549343e-05
leaf_weight=2677 10459 1492578 1021421 2327 8001 31417 6878
leaf_count=2677 10459 1492578 1021421 2327 8001 31417 6878
internal_value=7.61642e-07 4.62082e-06 3.08478e-06 0.000306613 -0.00019835 -0.00023732 -3.75726e-05
internal_weight=2.57576e+06 2.52678e+06 2.514e+06 12786 48973 39418 9555
internal_count=2575758 2526785 2513999 12786 48973 39418 9555
is_linear=0
shrinkage=0.00720685


Tree=77
num_leaves=8
num_cat=0
split_feature=1 18 23 1 23 18 17
split_gain=42.9046 20.8697 23.4408 11.818 6.54187 5.443 4.30866
threshold=1.3696327209472658 -1.1063227653503416 inf 2.2168112993240361 -1.2755849361419676 -2.1183674335479732 -0.027983541600406166
decision_type=2 2 8 2 10 2 2
left_child=1 5 -3 4 -2 -1 -5
right_child=3 2 -4 6 -6 -7 -8
leaf_value=7.3486242320380512e-05 0.00020894288270365734 1.6513124713962891e-05 0.00066648840742901687 -8.4314137163153481e-05 -7.0325371717680388e-05 -5.3912350757611027e-05 -0.00021993096306340015
leaf_weight=18533 4468 2028144 2885 17104 173343 289293 42179
leaf_count=18533 4468 2028144 2885 17104 173343 289293 42179
internal_value=-3.08868e-07 9.05569e-06 1.74367e-05 -9.2687e-05 -6.33068e-05 -4.62419e-05 -0.000180806
internal_weight=2.57595e+06 2.33886e+06 2.03103e+06 237094 177811 307826 59283
internal_count=2575949 2338855 2031029 237094 177811 307826 59283
is_linear=0
shrinkage=0.00720685


Tree=78
num_leaves=8
num_cat=0
split_feature=0 5 11 0 17 0 15
split_gain=39.7939 28.618 64.2814 20.6419 5.50556 3.85455 1.74548
threshold=-3.4389593601226802 inf 3.5520852804183964 0.32067291438579565 -0.30293373763561243 -5.2783150672912589 -0.88168916106224049
decision_type=2 8 10 2 2 2 2
left_child=4 3 -3 -2 6 -6 -1
right_child=1 2 -4 -5 5 -7 -8
leaf_value=-0.00021985444932858135 -1.4629588838421775e-05 0.00044637413033582219 0.0050062297780745476 2.6997432694347545e-05 -0.00038136816180276702 -0.0002044737306852969 7.2729214897433118e-06
leaf_weight=2318 1437907 2919 169 1086012 8025 31591 7256
leaf_count=2318 1437907 2919 169 1086012 8025 31591 7256
internal_value=1.78592e-07 4.13048e-06 0.000697388 3.28201e-06 -0.000202835 -0.000240316 -4.77314e-05
internal_weight=2.5762e+06 2.52701e+06 3088 2.52392e+06 49190 39616 9574
internal_count=2576197 2527007 3088 2523919 49190 39616 9574
is_linear=0
shrinkage=0.00720685


Tree=79
num_leaves=8
num_cat=0
split_feature=6 23 11 11 5 11 6
split_gain=37.5239 22.727 37.3244 13.6958 7.70141 10.2872 7.10592
threshold=-1.5030373334884641 inf 3.2682789564132695 1.2546670436859133 inf 3.5520852804183964 -3.2345613241195674
decision_type=2 8 8 10 8 10 2
left_child=4 3 -3 -2 6 -6 -1
right_child=1 2 -4 -5 5 -7 -8
leaf_value=-0.00019106837348724964 1.111776388750612e-06 0.00048091890696049368 0.0045753523147805909 6.0034758700233743e-05 0.00033573313864216552 0.0031197688165059316 -8.0917395309443597e-05
leaf_weight=40440 2184570 2648 120 226088 467 80 122757
leaf_count=40440 2184570 2648 120 226088 467 80 122757
internal_value=2.24553e-07 7.38755e-06 0.000659932 6.63801e-06 -0.00010535 0.000747627 -0.000108214
internal_weight=2.57717e+06 2.41343e+06 2768 2.41066e+06 163744 547 163197
internal_count=2577170 2413426 2768 2410658 163744 547 163197
is_linear=0
shrinkage=0.00720685


Tree=80
num_leaves=8
num_cat=0
split_feature=0 5 11 18 6 17 2
split_gain=36.4983 25.6653 52.5841 19.9701 8.26966 4.90091 2.44935
threshold=-2.4011611938476558 inf 3.5520852804183964 -1.1986435651779173 -0.60999837517738331 0.64757677912712108 2.1663235425949101
decision_type=2 8 10 2 2 2 10
left_child=4 3 -3 -2 5 -1 -6
right_child=1 2 -4 -5 6 -7 -8
leaf_value=-0.00012050572884957278 -5.473945064737073e-05 0.00042210325779495553 0.0043725943792343952 1.1978019042705388e-05 -3.3373725376472708e-05 -0.00024546831121301645 0.0005978770418527845
leaf_weight=31684 260270 2981 185 2225528 22044 33583 323
leaf_count=31684 260270 2981 185 2225528 22044 33583 323
internal_value=7.28871e-07 5.81853e-06 0.000654187 4.99248e-06 -0.000143825 -0.000184808 -2.42319e-05
internal_weight=2.5766e+06 2.48896e+06 3166 2.4858e+06 87634 65267 22367
internal_count=2576598 2488964 3166 2485798 87634 65267 22367
is_linear=0
shrinkage=0.00720685


Tree=81
num_leaves=8
num_cat=0
split_feature=6 18 23 18 6 23 23
split_gain=36.5115 21.8905 23.9869 7.3729 6.64574 7.47299 4.17404
threshold=-1.5030373334884641 -1.1986435651779173 inf -2.3551638126373287 -3.2345613241195674 inf 0.81738144159317028
decision_type=2 2 8 2 2 8 8
left_child=4 3 -3 -2 6 -6 -1
right_child=1 2 -4 -5 5 -7 -8
leaf_value=-0.0002288809461107573 0.00014123029931609817 1.3447742175646573e-05 0.00072363751938513598 -6.3660768694449426e-05 -8.1161177896276436e-05 0.00097200078792559954 -6.3675027477725989e-05
leaf_weight=29640 9470 2153878 2472 247480 122620 350 10853
leaf_count=29640 9470 2153878 2472 247480 122620 350 10853
internal_value=-2.90755e-07 6.76961e-06 1.42622e-05 -5.61088e-05 -0.000104527 -7.8156e-05 -0.000184605
internal_weight=2.57676e+06 2.4133e+06 2.15635e+06 256950 163463 122970 40493
internal_count=2576763 2413300 2156350 256950 163463 122970 40493
is_linear=0
shrinkage=0.00720685


Tree=82
num_leaves=8
num_cat=0
split_feature=1 5 11 9 6 22 20
split_gain=40.4137 22.0366 30.6541 12.962 12.7756 4.28253 3.71215
threshold=1.3399274349212649 inf 2.4522004127502446 0.013932886067777874 -1.4368457794189451 0.30160386860370642 2.8665776252746586
decision_type=2 8 10 10 2 10 10
left_child=1 3 -3 -1 5 -2 -6
right_child=4 2 -4 -5 6 -7 -8
leaf_value=-4.6867895354843669e-06 -0.00018483626659546114 0.00034448891127367653 0.0025048385173236263 3.0544256271781442e-05 -3.717144325833426e-05 -7.6098782358747708e-05 -0.00016927589155677698
leaf_weight=1464240 67037 2780 388 861514 142195 26154 11978
leaf_count=1464240 67037 2780 388 861514 142195 26154 11978
internal_value=-1.20643e-07 9.18193e-06 0.000609753 8.36361e-06 -8.77038e-05 -0.000154321 -4.7436e-05
internal_weight=2.57629e+06 2.32892e+06 3168 2.32575e+06 247364 93191 154173
internal_count=2576286 2328922 3168 2325754 247364 93191 154173
is_linear=0
shrinkage=0.00720685


Tree=83
num_leaves=8
num_cat=0
split_feature=1 23 18 6 18 23 22
split_gain=39.738 23.6267 18.8875 11.9652 10.7273 8.73485 3.05379
threshold=1.3399274349212649 inf -1.2148865461349485 -2.922256231307983 2.7024387121200566 -1.2490976452827451 0.25307594239711767
decision_type=2 8 2 2 2 10 8
left_child=1 2 -1 6 -3 -5 -2
right_child=3 4 -4 5 -6 -7 -8
leaf_value=-5.2229426902226213e-05 -0.00024784704495089488 -5.6631638304077936e-05 1.5406875887259214e-05 0.00019694802646076431 0.00088590773906160024 -7.3561843134886868e-05 -0.00011055779092749321
leaf_weight=239006 26077 860 2086256 6395 2314 202212 12429
leaf_count=239006 26077 860 2086256 6395 2314 202212 12429
internal_value=8.09312e-08 9.30304e-06 8.45473e-06 -8.68145e-05 0.000630576 -6.52682e-05 -0.000203537
internal_weight=2.57555e+06 2.32844e+06 2.32526e+06 247113 3174 208607 38506
internal_count=2575549 2328436 2325262 247113 3174 208607 38506
is_linear=0
shrinkage=0.00720685


Tree=84
num_leaves=8
num_cat=0
split_feature=0 5 0 17 17 0 15
split_gain=36.3756 23.3123 20.314 19.1945 5.92622 3.53479 2.15464
threshold=-3.4389593601226802 inf 0.32067291438579565 1.6499601602554324 0.11545475199818613 -5.2783150672912589 -0.54828837513923634
decision_type=2 8 2 2 2 2 2
left_child=4 2 -2 -3 6 -6 -1
right_child=1 3 -4 -5 5 -7 -8
leaf_value=-0.00016629292013195965 -1.5006490618844579e-05 0.00044119207994839884 2.6280640934415021e-05 0.0023745606150854495 -0.00039167194528786725 -0.00021021222881714472 3.240605424028607e-06
leaf_weight=7510 1438401 2890 1086457 293 7067 26455 8084
leaf_count=7510 1438401 2890 1086457 293 7067 26455 8084
internal_value=-2.37305e-07 3.5367e-06 2.75953e-06 0.000619821 -0.000194485 -0.000248478 -7.84095e-05
internal_weight=2.57716e+06 2.52804e+06 2.52486e+06 3183 49116 33522 15594
internal_count=2577157 2528041 2524858 3183 49116 33522 15594
is_linear=0
shrinkage=0.00720685


Tree=85
num_leaves=8
num_cat=0
split_feature=5 11 17 20 11 2 9
split_gain=19.6752 37.9603 42.9108 18.5394 14.9936 9.39257 5.60603
threshold=inf 3.5520852804183964 1.2429513335227969 1.6433287858963015 1.2947806715965273 0.14326214045286181 0.50716578960418712
decision_type=8 10 2 8 10 10 10
left_child=3 6 -3 4 -1 -5 -2
right_child=1 2 -4 5 -6 -7 -8
leaf_value=-5.2274908824760676e-07 0.00053306968832169299 0.00061249186675469271 0.0076775755893026699 -5.3596005718104555e-06 6.2351009164104913e-05 -0.00011166019384506193 -0.00025131252686547015
leaf_weight=2175837 2348 100 80 70623 216607 111071 592
leaf_count=2175837 2348 100 80 70623 216607 111071 592
internal_value=5.33074e-07 0.000572406 0.00377635 -1.60267e-07 5.16972e-06 -7.03424e-05 0.000375087
internal_weight=2.57726e+06 3120 180 2.57414e+06 2.39244e+06 181694 2940
internal_count=2577258 3120 180 2574138 2392444 181694 2940
is_linear=0
shrinkage=0.00720685


Tree=86
num_leaves=8
num_cat=0
split_feature=0 18 5 6 18 2 0
split_gain=35.9254 20.6579 22.8658 13.1492 6.14177 5.75964 5.24414
threshold=-1.6965916156768797 -1.182566165924072 inf -0.81955134868621815 -2.1183674335479732 2.1663235425949101 -3.8704005479812618
decision_type=2 2 8 2 2 8 2
left_child=3 4 -3 6 -2 -5 -1
right_child=1 2 -4 5 -6 -7 -8
leaf_value=-0.00024167245314870941 7.180637059007925e-05 1.3486622573101521e-05 0.00066035365086657214 -2.9078503754599018e-05 -6.2396733906371754e-05 0.00068360545882608281 -0.00012479452775588721
leaf_weight=31063 19072 2167994 2841 50305 248154 595 55693
leaf_count=31063 19072 2167994 2841 50305 248154 595 55693
internal_value=5.77728e-07 6.97322e-06 1.43335e-05 -0.000112694 -5.28183e-05 -2.07345e-05 -0.000166645
internal_weight=2.57572e+06 2.43806e+06 2.17084e+06 137656 267226 50900 86756
internal_count=2575717 2438061 2170835 137656 267226 50900 86756
is_linear=0
shrinkage=0.00720685


Tree=87
num_leaves=8
num_cat=0
split_feature=1 23 11 0 0 23 15
split_gain=37.2217 23.8689 40.8842 15.84 10.3174 7.00764 4.44351
threshold=1.4923069477081301 inf 4.2767944335937509 0.58125826716423046 -3.8704005479812618 -1.2755849361419676 -0.55649748444557179
decision_type=2 8 8 2 2 10 2
left_child=1 3 -3 -1 6 -6 -2
right_child=4 2 -4 -5 5 -7 -8
leaf_value=-2.8414000126780851e-06 -0.00027878789970424347 0.00047140637322373811 0.0048486366815353177 4.1879602617674738e-05 0.00022036987314044915 -7.6939433521644422e-05 -0.00012425171460962451
leaf_weight=1844329 19013 3110 114 529448 4228 156424 19660
leaf_count=1844329 19013 3110 114 529448 4228 156424 19660
internal_value=4.24521e-08 7.97496e-06 0.000627567 7.13319e-06 -9.45542e-05 -6.91135e-05 -0.000200233
internal_weight=2.57633e+06 2.377e+06 3224 2.37378e+06 199325 160652 38673
internal_count=2576326 2377001 3224 2373777 199325 160652 38673
is_linear=0
shrinkage=0.00720685


Tree=88
num_leaves=8
num_cat=0
split_feature=0 23 18 14 0 23 15
split_gain=34.8793 21.2715 19.4306 8.3469 7.75966 3.58627 3.11771
threshold=-2.0650651454925533 inf -1.230498671531677 -0.68442478775978077 -3.8704005479812618 -1.2755849361419676 -0.55649748444557179
decision_type=2 8 2 2 2 8 2
left_child=4 2 -2 -3 6 -6 -1
right_child=1 3 -4 -5 5 -7 -8
leaf_value=-0.00027383164671417889 -5.7164129792178751e-05 0.00045068180262483262 1.1087226345330507e-05 0.0015595628702210016 0.00023424989202212884 -8.9710217903697426e-05 -0.00014494782884038869
leaf_weight=19178 240010 2838 2225591 402 1822 67239 19837
leaf_count=19178 240010 2838 2225591 402 1822 67239 19837
internal_value=-3.37157e-07 5.21035e-06 4.44338e-06 0.000588687 -0.000127061 -8.11599e-05 -0.000208307
internal_weight=2.57692e+06 2.46884e+06 2.4656e+06 3240 108076 69061 39015
internal_count=2576917 2468841 2465601 3240 108076 69061 39015
is_linear=0
shrinkage=0.00720685


Tree=89
num_leaves=8
num_cat=0
split_feature=0 18 0 18 5 0 11
split_gain=34.9927 20.3089 20.2964 7.42829 3.73454 2.34948 1.7151
threshold=-3.4389593601226802 -1.230498671531677 0.59917762875556957 -2.1183674335479732 1.3533195257186892 -5.2783150672912589 -0.32781934738159174
decision_type=2 2 2 2 10 2 8
left_child=4 3 -3 -2 5 -1 -6
right_child=1 2 -4 -5 6 -7 -8
leaf_value=-0.00027803361342620345 7.495504265230312e-05 -2.0682855447060105e-07 5.4655487592465106e-05 -7.0892319760467126e-05 -0.00021648054144583694 -0.00011290771191796469 -0.00035942927565583521
leaf_weight=5434 19737 1850543 431996 223718 11272 25379 7118
leaf_count=5434 19737 1850543 431996 223718 11272 25379 7118
internal_value=-2.05085e-07 3.50267e-06 1.01765e-05 -5.90681e-05 -0.000190552 -0.000142037 -0.000271827
internal_weight=2.5752e+06 2.52599e+06 2.28254e+06 243455 49203 30813 18390
internal_count=2575197 2525994 2282539 243455 49203 30813 18390
is_linear=0
shrinkage=0.00720685


Tree=90
num_leaves=8
num_cat=0
split_feature=1 23 9 17 6 23 9
split_gain=36.4391 15.3434 12.9907 11.2836 11.1192 4.9874 4.54056
threshold=1.3399274349212649 inf 0.011121708899736406 2.4199732542037968 -0.8513788878917693 -1.2244010567665098 0.43137316405773168
decision_type=2 8 8 2 2 10 8
left_child=1 2 -1 -3 6 -6 -2
right_child=4 3 -4 -5 5 -7 -8
leaf_value=-5.3148915817895486e-06 -9.8764403036877613e-05 0.00043460035568145851 2.9857029873031548e-05 0.0030384917781763852 0.00019645494727860095 -4.2772343411279058e-05 -0.00018889444452885833
leaf_weight=1452105 83642 3114 873519 88 4712 114286 44469
leaf_count=1452105 83642 3114 873519 88 4712 114286 44469
internal_value=-2.47113e-07 8.58242e-06 7.8959e-06 0.000507045 -8.34589e-05 -3.32979e-05 -0.000130051
internal_weight=2.57594e+06 2.32883e+06 2.32562e+06 3202 247109 118998 128111
internal_count=2575935 2328826 2325624 3202 247109 118998 128111
is_linear=0
shrinkage=0.00720685


Tree=91
num_leaves=8
num_cat=0
split_feature=1 23 11 11 5 23 17
split_gain=34.1819 15.6586 29.7627 11.7829 10.1488 7.98564 3.13533
threshold=1.3399274349212649 inf 3.8608552217483525 1.2546670436859133 1.3966124057769778 -1.2755849361419676 0.28113955259323126
decision_type=2 8 8 10 10 10 2
left_child=1 3 -3 -1 5 -2 -6
right_child=4 2 -4 -5 6 -7 -8
leaf_value=2.0261059592800165e-06 0.00023460280367626257 0.00036107432005573622 0.0036937905818424602 5.6448804292935881e-05 -0.00010010779654800793 -6.2063653129105126e-05 -0.0002040707502964028
leaf_weight=2097983 4838 3012 145 229197 25806 180538 36219
leaf_count=2097983 4838 3012 145 229197 25806 180538 36219
internal_value=-4.7671e-07 8.07426e-06 0.000515212 7.38607e-06 -8.10204e-05 -5.43199e-05 -0.000160819
internal_weight=2.57774e+06 2.33034e+06 3157 2.32718e+06 247401 185376 62025
internal_count=2577738 2330337 3157 2327180 247401 185376 62025
is_linear=0
shrinkage=0.00720685


Tree=92
num_leaves=8
num_cat=0
split_feature=1 11 5 0 9 5 0
split_gain=36.4347 15.2114 21.2881 14.2987 13.1628 5.63754 2.98424
threshold=1.2056159973144533 1.5495562553405764 inf -3.8704005479812618 -0.017279525287449356 1.3533195257186892 -5.2783150672912589
decision_type=2 10 8 2 8 10 2
left_child=1 4 -3 6 -1 -5 -2
right_child=3 2 -4 5 -6 -7 -8
leaf_value=-1.1107923221942187e-05 -0.0003167827462759476 6.918466424334378e-05 0.0012828565510409377 -3.8125152918464077e-05 2.546187146456231e-05 -0.0001190283829361261 -0.00016887227980644237
leaf_weight=1238338 9320 171041 753 201187 870601 57527 29570
leaf_count=1238338 9320 171041 753 201187 870601 57527 29570
internal_value=-4.85495e-07 9.30073e-06 7.45116e-05 -7.54836e-05 3.98862e-06 -5.61151e-05 -0.000204327
internal_weight=2.57834e+06 2.28073e+06 171794 297604 2.10894e+06 258714 38890
internal_count=2578337 2280733 171794 297604 2108939 258714 38890
is_linear=0
shrinkage=0.00720685


Tree=93
num_leaves=8
num_cat=0
split_feature=6 18 5 5 18 6 11
split_gain=30.2215 19.3391 21.1397 7.90601 7.30533 6.80457 5.47145
threshold=-1.4368457794189451 -1.1986435651779173 inf inf -2.3551638126373287 -2.922256231307983 3.5520852804183964
decision_type=2 2 8 8 2 2 10
left_child=3 4 -3 5 -2 -1 -5
right_child=1 2 -4 6 -6 -7 -8
leaf_value=-0.00016501276395624741 0.00014390582545173729 1.2569994858932275e-05 0.00069245405650040419 0.00046245252038644316 -6.0450696569345572e-05 -6.5807502955513936e-05 0.0024598008001977091
leaf_weight=50905 9432 2144477 2377 476 246735 121923 83
leaf_count=50905 9432 2144477 2377 476 246735 121923 83
internal_value=-3.69399e-07 6.26079e-06 1.33231e-05 -9.22588e-05 -5.29257e-05 -9.50284e-05 0.000762712
internal_weight=2.57641e+06 2.40302e+06 2.14685e+06 173387 256167 172828 559
internal_count=2576408 2403021 2146854 173387 256167 172828 559
is_linear=0
shrinkage=0.00720685


Tree=94
num_leaves=8
num_cat=0
split_feature=1 5 0 17 0 17 22
split_gain=33.2896 22.3947 14.911 10.9806 9.76237 5.02639 4.17693
threshold=1.4923069477081301 inf 0.59917762875556957 1.6499601602554324 -3.8704005479812618 0.1542734578251839 0.25307594239711767
decision_type=2 8 2 2 2 2 10
left_child=1 2 -1 -3 5 -2 -6
right_child=4 3 -4 -5 6 -7 -8
leaf_value=-2.6242276917299327e-06 -7.1757938320691204e-05 0.00048048861271036356 4.1706256751996125e-05 0.0019734673969279558 -8.9370120381376993e-05 -0.00024842829565359983 -9.9593508829962787e-06
leaf_weight=1873782 12255 2887 499043 280 110881 26353 49879
leaf_count=1873782 12255 2887 499043 280 110881 26353 49879
internal_value=2.00831e-09 7.50764e-06 6.69918e-06 0.000613043 -8.94468e-05 -0.000192353 -6.47317e-05
internal_weight=2.57536e+06 2.37599e+06 2.37282e+06 3167 199368 38608 160760
internal_count=2575360 2375992 2372825 3167 199368 38608 160760
is_linear=0
shrinkage=0.00720685


Tree=95
num_leaves=8
num_cat=0
split_feature=1 18 23 0 23 18 17
split_gain=35.1273 20.2887 18.9183 13.5622 10.189 5.19095 4.37135
threshold=1.2056159973144533 -1.1063227653503416 inf -3.8704005479812618 -1.2755849361419676 -2.3551638126373287 -0.29195526242256159
decision_type=2 2 8 2 10 2 2
left_child=1 5 -3 6 -5 -1 -2
right_child=3 2 -4 4 -6 -7 -8
leaf_value=0.00012951810068418946 -4.021214384018772e-05 1.6757550981652338e-05 0.00060333006329540279 0.00022494084428713228 -6.2579809596726124e-05 -5.0926422624807166e-05 -0.0002363745696884497
leaf_weight=8520 7257 1975415 2859 6568 251165 293277 31578
leaf_count=8520 7257 1975415 2859 6568 251165 293277 31578
internal_value=-3.88079e-07 9.20878e-06 1.76056e-05 -7.41704e-05 -5.52518e-05 -4.58318e-05 -0.000199721
internal_weight=2.57664e+06 2.28007e+06 1.97827e+06 296568 257733 301797 38835
internal_count=2576639 2280071 1978274 296568 257733 301797 38835
is_linear=0
shrinkage=0.00720685


Tree=96
num_leaves=8
num_cat=0
split_feature=1 23 11 18 0 23 17
split_gain=31.7611 24.4873 50.2967 19.3823 12.9287 8.83866 3.40761
threshold=1.1827084422111513 inf 2.8079903125762944 -1.1063227653503416 -3.8704005479812618 -1.2755849361419676 0.17445119470357898
decision_type=2 8 10 2 2 10 2
left_child=1 3 -3 -1 6 -6 -2
right_child=4 2 -4 -5 5 -7 -8
leaf_value=-4.5480509066280671e-05 -9.4358406638772832e-05 0.00035124096709832135 0.0034748580539758402 1.6631239761600321e-05 0.00020584303519599807 -5.7729807368013369e-05 -0.00023852326188913422
leaf_weight=300847 12610 2907 294 1967384 6779 260692 26243
leaf_count=300847 12610 2907 294 1967384 6779 260692 26243
internal_value=-7.85615e-09 9.28209e-06 0.000639082 8.39302e-06 -6.88939e-05 -5.10488e-05 -0.000191738
internal_weight=2.57776e+06 2.27143e+06 3201 2.26823e+06 306324 267471 38853
internal_count=2577756 2271432 3201 2268231 306324 267471 38853
is_linear=0
shrinkage=0.00720685


Tree=97
num_leaves=8
num_cat=0
split_feature=1 18 11 6 18 1 22
split_gain=34.2203 18.1675 13.5089 9.86671 6.17271 4.20289 3.56941
threshold=1.5312022566795351 -1.182566165924072 1.5495562553405764 -2.4676564931869502 -2.1183674335479732 2.6776560544967656 0.29312993586063391
decision_type=2 2 10 2 2 2 10
left_child=1 4 -3 6 -1 -5 -2
right_child=3 2 -4 5 -6 -7 -8
leaf_value=7.6150617527718476e-05 -0.00022641681158117418 8.928111449288034e-06 7.8701303267142306e-05 -5.3607877059671231e-05 -5.9177107932863906e-05 -0.00020486263792818081 -8.4047589639156203e-05
leaf_weight=18858 32636 1968873 155506 132572 244065 10281 12711
leaf_count=18858 32636 1968873 155506 132572 244065 10281 12711
internal_value=-3.34458e-07 7.0414e-06 1.40356e-05 -9.38963e-05 -4.94705e-05 -6.4495e-05 -0.000186513
internal_weight=2.5755e+06 2.3873e+06 2.12438e+06 188200 262923 142853 45347
internal_count=2575502 2387302 2124379 188200 262923 142853 45347
is_linear=0
shrinkage=0.00720685


Tree=98
num_leaves=8
num_cat=0
split_feature=1 18 23 6 18 23 0
split_gain=35.4935 17.3258 19.2795 9.4571 7.69462 5.56513 3.28988
threshold=1.5312022566795351 -1.3026367425918577 inf -2.922256231307983 -2.1183674335479732 -1.2755849361419676 -5.2783150672912589
decision_type=2 2 8 2 2 8 2
left_child=1 4 -3 6 -1 -5 -2
right_child=3 2 -4 5 -6 -7 -8
leaf_value=8.0455153519094601e-05 -0.00036983592155241017 1.1991719003785257e-05 0.00059119490070361712 0.00018043411147096702 -7.2772467829161234e-05 -7.8747527408437354e-05 -0.00017325205518392987
leaf_weight=18835 5185 2188714 2988 4430 176727 148875 30055
leaf_count=18835 5185 2188714 2988 4430 176727 148875 30055
internal_value=-5.36248e-07 6.98207e-06 1.27816e-05 -9.57292e-05 -5.80143e-05 -7.12568e-05 -0.000202186
internal_weight=2.57581e+06 2.38726e+06 2.1917e+06 188545 195562 153305 35240
internal_count=2575809 2387264 2191702 188545 195562 153305 35240
is_linear=0
shrinkage=0.00720685


Tree=99
num_leaves=8
num_cat=0
split_feature=0 5 11 0 9 15 4
split_gain=31.4419 19.0764 27.3608 18.757 4.40804 2.79718 1.9517
threshold=-3.4389593601226802 inf 2.4522004127502446 0.52122321724891674 0.65159639716148388 -0.65003123879432667 0.94111645221710216
decision_type=2 8 10 2 10 2 10
left_child=4 3 -3 -2 5 -1 -6
right_child=1 2 -4 -5 6 -7 -8
leaf_value=-0.00020974435338939291 -8.7932171050755338e-06 0.00032198970436904503 0.0024302118227408644 3.6341316150556164e-05 -0.00025269189824196262 -7.153036525035622e-05 -0.00058783619087781421
leaf_weight=12995 1882558 2805 360 641083 16987 18340 953
leaf_count=12995 1882558 2805 360 641083 16987 18340 953
internal_value=-1.4228e-07 3.37373e-06 0.000562449 2.67235e-06 -0.000180439 -0.000128855 -0.000270527
internal_weight=2.57608e+06 2.52681e+06 3165 2.52364e+06 49275 31335 17940
internal_count=2576081 2526806 3165 2523641 49275 31335 17940
is_linear=0
shrinkage=0.00720685


Tree=100
num_leaves=8
num_cat=0
split_feature=1 23 11 11 6 23 1
split_gain=33.6574 17.089 23.1631 11.4357 10.527 5.28879 4.37335
threshold=1.3399274349212649 inf 2.4522004127502446 1.2546670436859133 -1.072731554508209 -1.4389268159866331 2.5207208395004277
decision_type=2 8 8 10 2 10 2
left_child=1 3 -3 -1 6 -6 -2
right_child=4 2 -4 -5 5 -7 -8
leaf_value=2.5212928378424239e-06 -0.0001090887235460056 0.00030768967639030058 0.0021913439891801966 5.6151290506478545e-05 0.00033064363598320635 -4.2044030911162782e-05 -0.00022268690185864754
leaf_weight=2096385 92201 2745 386 229074 2007 131207 21757
leaf_count=2096385 92201 2745 386 229074 2007 131207 21757
internal_value=3.31206e-08 8.52076e-06 0.000540512 7.80425e-06 -7.99279e-05 -3.64266e-05 -0.000130779
internal_weight=2.57576e+06 2.32859e+06 3131 2.32546e+06 247172 133214 113958
internal_count=2575762 2328590 3131 2325459 247172 133214 113958
is_linear=0
shrinkage=0.00720685


end of trees

feature_importances:
LOW_TURNOVER=158
VSTD5=72
CONSEC_UP5=71
AMIHUD_20=69
IMAX60=69
LN_TURNOVER=68
KLOW=66
CNTD10=55
OBV_CHG_20=16
Q_SALES_YOY=16
CORR20=11
BP=7
MAX_DD60=7
WVMA30=6
VOL_CV20=5
CORD5=4
RET_AMT_CORR20=2
CORR60=2
VOL_PRICE_DIVERGENCE=1
CNTD60=1

parameters:
[boosting: gbdt]
[objective: regression]
[metric: l2]
[tree_learner: serial]
[device_type: cpu]
[data_sample_strategy: bagging]
[data: ]
[valid: ]
[num_iterations: 1000]
[learning_rate: 0.00720685]
[num_leaves: 43]
[num_threads: 8]
[seed: 42]
[deterministic: 0]
[force_col_wise: 0]
[force_row_wise: 0]
[histogram_pool_size: -1]
[max_depth: 3]
[min_data_in_leaf: 76]
[min_sum_hessian_in_leaf: 0.001]
[bagging_fraction: 0.712041]
[pos_bagging_fraction: 1]
[neg_bagging_fraction: 1]
[bagging_freq: 1]
[bagging_seed: 400]
[bagging_by_query: 0]
[feature_fraction: 0.587027]
[feature_fraction_bynode: 1]
[feature_fraction_seed: 30056]
[extra_trees: 0]
[extra_seed: 12879]
[early_stopping_round: 0]
[early_stopping_min_delta: 0]
[first_metric_only: 0]
[max_delta_step: 0]
[lambda_l1: 0.0035701]
[lambda_l2: 0.944352]
[linear_lambda: 0]
[min_gain_to_split: 0]
[drop_rate: 0.1]
[max_drop: 50]
[skip_drop: 0.5]
[xgboost_dart_mode: 0]
[uniform_drop: 0]
[drop_seed: 17869]
[top_rate: 0.2]
[other_rate: 0.1]
[min_data_per_group: 100]
[max_cat_threshold: 32]
[cat_l2: 10]
[cat_smooth: 10]
[max_cat_to_onehot: 4]
[top_k: 20]
[monotone_constraints: ]
[monotone_constraints_method: basic]
[monotone_penalty: 0]
[feature_contri: ]
[forcedsplits_filename: ]
[refit_decay_rate: 0.9]
[cegb_tradeoff: 1]
[cegb_penalty_split: 0]
[cegb_penalty_feature_lazy: ]
[cegb_penalty_feature_coupled: ]
[path_smooth: 0]
[interaction_constraints: ]
[verbosity: -1]
[saved_feature_importance_type: 0]
[use_quantized_grad: 0]
[num_grad_quant_bins: 4]
[quant_train_renew_leaf: 0]
[stochastic_rounding: 1]
[linear_tree: 0]
[max_bin: 255]
[max_bin_by_feature: ]
[min_data_in_bin: 3]
[bin_construct_sample_cnt: 200000]
[data_random_seed: 175]
[is_enable_sparse: 1]
[enable_bundle: 1]
[use_missing: 1]
[zero_as_missing: 0]
[feature_pre_filter: 1]
[pre_partition: 0]
[two_round: 0]
[header: 0]
[label_column: ]
[weight_column: ]
[group_column: ]
[ignore_column: ]
[categorical_feature: ]
[forcedbins_filename: ]
[precise_float_parser: 0]
[parser_config_file: ]
[objective_seed: 16083]
[num_class: 1]
[is_unbalance: 0]
[scale_pos_weight: 1]
[sigmoid: 1]
[boost_from_average: 1]
[reg_sqrt: 0]
[alpha: 0.9]
[fair_c: 1]
[poisson_max_delta_step: 0.7]
[tweedie_variance_power: 1.5]
[lambdarank_truncation_level: 30]
[lambdarank_norm: 1]
[label_gain: ]
[lambdarank_position_bias_regularization: 0]
[eval_at: ]
[multi_error_top_k: 1]
[auc_mu_weights: ]
[num_machines: 1]
[local_listen_port: 12400]
[time_out: 120]
[machine_list_filename: ]
[machines: ]
[gpu_platform_id: -1]
[gpu_device_id: -1]
[gpu_use_dp: 0]
[num_gpu: 1]

end of parameters

pandas_categorical:[]
