tree
version=v4
num_class=1
num_tree_per_iteration=1
label_index=0
max_feature_idx=24
objective=regression
feature_names=LOW_TURNOVER LN_TURNOVER CORR20 VOL_CV20 RET_AMT_CORR20 KLOW CONSEC_UP5 CORD60 RET_VOL_CORR5 OBV_CHG_20 CORD5 AMIHUD_20 VOL_OF_VOL_20 CORR60 VOL_PRICE_DIVERGENCE BP EP CNTD10 IMAX60 WVMA30 MAX_DD60 CNTD60 Q_SALES_YOY VSTD5 NEG_SKEW_20
feature_infos=[-7.1241011619567871:3.4952042102813721] [-4.0847921371459961:5.2148456573486328] [-4.7620553970336914:7.2139749526977539] [-7.6522297859191895:2.8303630352020264] [-5.9502053260803223:4.2989411354064941] [-3.4642956256866455:6.3679933547973633] [-6.8165931701660156:3.2097949981689453] [-3.9780604839324951:5.0960111618041992] [-4.630608081817627:5.5495305061340332] [-7.6927838325500488:8.438446044921875] [-5.3193941116333008:5.0654430389404297] [-2.7165191173553467:7.8557119369506836] [-6.5609102249145508:2.9923164844512939] [-4.6960458755493164:4.7973847389221191] [-3.5200934410095215:3.4926049709320068] [-4.6799864768981934:7.3561058044433594] [-5.3626008033752441:6.8647418022155762] [-3.9836215972900391:4.5610404014587402] [-5.4872536659240723:7.1252002716064453] [-2.8432435989379883:7.4611082077026367] [-3.3956310749053955:7.472806453704834] [-3.5574913024902344:3.9521303176879883] [-4.8079228401184082:6.6073408126831055] [-4.3185825347900391:6.3860626220703125] [-4.0532684326171875:3.9028182029724121]
tree_sizes=932 967 956 980 974 939 969 977 946 966 971 975 953 976 974 975 976 979 978 959 950 944 950 954 944 969 978 971 956 974 956 957 973 975 958 953 963 982 941 945 943 924 953 947 970 935 966 981 978 968 958 962 980 968 970 959 960 978 978 956 976 945 977 947 943 960 969 956 961 941 944

Tree=0
num_leaves=8
num_cat=0
split_feature=0 18 18 0 0 6 18
split_gain=131.097 65.859 37.2321 20.3065 8.37622 7.50842 4.85189
threshold=-2.2166087627410884 -1.2607534527778623 0.35896287858486181 -3.9171921014785762 -5.3269441127777091 -0.46983677148818964 -2.2109074592590328
decision_type=2 10 10 2 2 2 8
left_child=3 6 -3 4 -1 -5 -2
right_child=1 2 -4 5 -6 -7 -8
leaf_value=0.0065517833923074706 0.007178563439067278 0.0071795695798801589 0.0071178952087836049 0.00690249757195223 0.0068036843479910951 0.0070793627592601552 0.0070146030996969776
leaf_weight=9072 9849 1442161 785187 39673 28104 18181 194097
leaf_count=9072 9849 1442161 785187 39673 28104 18181 194097
internal_value=0.00713621 0.00714648 0.00715783 0.00687362 0.0067422 0.00695808 0.00702252
internal_weight=2.52632e+06 2.43129e+06 2.22735e+06 95030 37176 57854 203946
internal_count=2526324 2431294 2227348 95030 37176 57854 203946
is_linear=0
shrinkage=1


Tree=1
num_leaves=8
num_cat=0
split_feature=0 18 18 6 0 18 24
split_gain=127.193 64.6705 34.8461 19.3664 12.906 5.20536 2.89417
threshold=-2.3967850208282466 -1.2988172173500059 0.35896287858486181 -0.60392701625823964 -5.3269441127777091 -2.2109074592590328 1.189466178417206
decision_type=2 10 10 2 2 8 8
left_child=3 5 -3 4 -1 -2 -5
right_child=1 2 -4 6 -6 -7 -8
leaf_value=-0.00061125215767336325 4.0656893211567113e-05 4.0709883660664396e-05 -1.8687832615828587e-05 -0.00012699063822520088 -0.00030093128554579995 -0.00012941667676693786 0.00011901793786111336
leaf_weight=7998 9874 1465513 789256 20413 53711 174891 2827
leaf_count=7998 9874 1465513 789256 20413 53711 174891 2827
internal_value=-2.49499e-07 9.29641e-06 1.99184e-05 -0.000274383 -0.000341161 -0.000120327 -9.70605e-05
internal_weight=2.52448e+06 2.43953e+06 2.25477e+06 84949 61709 184765 23240
internal_count=2524483 2439534 2254769 84949 61709 184765 23240
is_linear=0
shrinkage=0.00720685


Tree=2
num_leaves=8
num_cat=0
split_feature=1 0 0 1 6 0 2
split_gain=126.2 34.8034 22.1986 12.362 9.00263 8.38791 6.33194
threshold=1.5709670186042788 -3.9171921014785762 0.38606782257556921 -2.1475105285644527 -0.50435161590576161 -5.3269441127777091 2.2588859796524052
decision_type=2 2 2 2 2 2 8
left_child=2 5 3 -1 -3 -2 -4
right_child=1 4 6 -5 -6 -7 -8
leaf_value=0.00084754688834362719 -0.00057655933980805261 -0.00018261439075344376 4.1111426298773896e-05 -4.5030851555609541e-06 -6.2301423758372602e-05 -0.00032341775033626095 0.00099983614829129422
leaf_weight=884 9035 82299 908706 1441823 53176 27497 357
leaf_count=884 9035 82299 908706 1441823 53176 27497 357
internal_value=-1.86926e-07 -0.000188627 1.35955e-05 -3.98043e-06 -0.000135391 -0.000386038 4.1489e-05
internal_weight=2.52378e+06 172007 2.35177e+06 1.44271e+06 135475 36532 909063
internal_count=2523777 172007 2351770 1442707 135475 36532 909063
is_linear=0
shrinkage=0.00720685


Tree=3
num_leaves=8
num_cat=0
split_feature=18 18 20 2 9 18 5
split_gain=60.7089 58.9688 44.5094 25.2121 6.31718 5.28704 1.25717
threshold=-1.2799986004829405 0.44237293303012853 0.72726237773895275 0.75795021653175365 0.44066998362541204 -2.2109074592590328 1.8767741918563845
decision_type=10 8 8 10 10 8 10
left_child=4 3 -3 -2 5 -1 -6
right_child=1 2 -4 -5 6 -7 -8
leaf_value=5.7162705476282765e-05 4.9472841898463125e-05 -1.0727049378366734e-05 -0.00013853068715586226 -2.6219878229899618e-05 -0.00023891230221858301 -0.00011803133487000275 -0.00049460950620422385
leaf_weight=9435 1263787 597163 185496 279014 15676 172636 1067
leaf_count=9435 1263787 597163 185496 279014 15676 172636 1067
internal_value=-3.98639e-07 9.93547e-06 -4.10176e-05 3.57839e-05 -0.000121273 -0.000108952 -0.000255236
internal_weight=2.52427e+06 2.32546e+06 782659 1.5428e+06 198814 182071 16743
internal_count=2524274 2325460 782659 1542801 198814 182071 16743
is_linear=0
shrinkage=0.00720685


Tree=4
num_leaves=8
num_cat=0
split_feature=1 18 0 18 6 9 18
split_gain=127.707 60.7915 35.9954 29.9024 9.38018 7.51389 4.16208
threshold=1.5337707400321963 -1.2988172173500059 -3.9171921014785762 0.34494028985500341 -1.0005525350570676 0.33799341320991522 -2.2109074592590328
decision_type=2 10 2 8 2 10 8
left_child=1 6 5 -3 -4 -2 -1
right_child=2 3 4 -5 -6 -7 -8
leaf_value=3.3647628290622618e-05 -0.00028240943446350268 4.3569465557547966e-05 -0.00019670916341863603 -1.2755790614085168e-05 -8.0555342396065104e-05 -0.00048866182380334655 -0.00012203686736759709
leaf_weight=9411 18224 1412420 66615 749219 78864 18487 170346
leaf_count=9411 18224 1412420 66615 749219 78864 18487 170346
internal_value=-8.4351e-07 1.34576e-05 -0.000184632 2.40473e-05 -0.000133743 -0.000386285 -0.000113886
internal_weight=2.52359e+06 2.3414e+06 182190 2.16164e+06 145479 36711 179757
internal_count=2523586 2341396 182190 2161639 145479 36711 179757
is_linear=0
shrinkage=0.00720685


Tree=5
num_leaves=8
num_cat=0
split_feature=1 0 5 0 0 0 23
split_gain=122.814 37.9682 26.4938 22.785 13.5197 8.95266 7.25287
threshold=1.5337707400321963 -3.9171921014785762 inf 0.35106180608272558 -0.084685381501913057 -5.3269441127777091 -1.2990594506263731
decision_type=2 2 8 2 2 2 8
left_child=2 5 3 -1 -4 -2 -3
right_child=1 6 4 -5 -6 -7 -8
leaf_value=-6.4996343180846446e-06 -0.00058508691394943519 0.000203416495231216 0.0028504178249833829 3.9017645313553966e-05 0.00059090672429643217 -0.00032355228085868018 -0.00013620008728835878
leaf_weight=1349515 9015 3342 144 990397 2730 27673 142140
leaf_count=1349515 9015 3342 144 990397 2730 27673 142140
internal_value=-4.00059e-07 -0.000180647 1.36156e-05 1.27661e-05 0.000705026 -0.000387831 -0.000128397
internal_weight=2.52496e+06 182170 2.34279e+06 2.33991e+06 2874 36688 145482
internal_count=2524956 182170 2342786 2339912 2874 36688 145482
is_linear=0
shrinkage=0.00720685


Tree=6
num_leaves=8
num_cat=0
split_feature=0 18 18 0 6 0 18
split_gain=119.657 62.4662 33.8846 21.8 7.31974 7.09662 4.56177
threshold=-2.0488433837890621 -1.2799986004829405 0.34494028985500341 -3.9171921014785762 -0.80274847149848927 -5.3269441127777091 -2.2109074592590328
decision_type=2 10 8 2 2 2 8
left_child=3 6 -3 5 -5 -1 -2
right_child=1 2 -4 4 -6 -7 -8
leaf_value=-0.00055582261775971684 3.6859132057374205e-05 4.1660273405422682e-05 -1.7138240179168042e-05 -0.00022434709934050754 -7.2274825322431565e-05 -0.00032281246733807645 -0.00012244565784728145
leaf_weight=8959 9837 1438101 787970 39983 27921 28064 183123
leaf_count=8959 9837 1438101 787970 39983 27921 28064 183123
internal_value=-2.69852e-07 1.00648e-05 2.08472e-05 -0.000238528 -0.00016182 -0.000379211 -0.000114324
internal_weight=2.52396e+06 2.41903e+06 2.22607e+06 104927 67904 37023 192960
internal_count=2523958 2419031 2226071 104927 67904 37023 192960
is_linear=0
shrinkage=0.00720685


Tree=7
num_leaves=8
num_cat=0
split_feature=1 18 0 18 2 9 18
split_gain=120.746 61.3348 34.3753 28.5565 8.59576 7.11532 3.71068
threshold=1.5337707400321963 -1.2988172173500059 -3.9171921014785762 0.35896287858486181 0.21286757290363315 0.33799341320991522 -2.2109074592590328
decision_type=2 10 2 10 10 10 8
left_child=1 6 5 -3 -4 -2 -1
right_child=2 3 4 -5 -6 -7 -8
leaf_value=2.5348455401217837e-05 -0.00027422583469462306 4.3486016258564946e-05 -3.5029586092981723e-05 -1.1709926687959578e-05 -0.00016147135078752611 -0.00047419166890363609 -0.00012179358336138516
leaf_weight=9393 18393 1422642 37714 740097 107599 18590 169971
leaf_count=9393 18393 1422642 37714 740097 107599 18590 169971
internal_value=7.12525e-08 1.39768e-05 -0.000178584 2.45978e-05 -0.000128656 -0.000374752 -0.000114088
internal_weight=2.5244e+06 2.3421e+06 182296 2.16274e+06 145313 36983 179364
internal_count=2524399 2342103 182296 2162739 145313 36983 179364
is_linear=0
shrinkage=0.00720685


Tree=8
num_leaves=8
num_cat=0
split_feature=0 1 23 0 23 17 17
split_gain=121.283 31.7065 23.7328 16.944 10.2414 7.53775 4.05111
threshold=-2.2166087627410884 0.9685284197330476 inf -4.8681304454803458 -1.2990594506263731 0.27442361414432531 0.64274322986602794
decision_type=2 2 8 2 10 2 2
left_child=3 2 -2 6 -3 -5 -1
right_child=1 4 -4 5 -6 -7 -8
leaf_value=-0.00032851655031247912 1.9105219302631462e-05 0.00022179755439776999 0.00066706891617784403 -0.00012521567983691848 -6.5347831143230516e-05 -0.00026933859481722606 -0.0005435452836828849
leaf_weight=8167 2126438 6595 2939 33983 294156 42330 10298
leaf_count=8167 2126438 6595 2939 33983 294156 42330 10298
internal_value=3.52357e-07 1.02166e-05 1.99999e-05 -0.000252567 -5.90504e-05 -0.000205162 -0.000448462
internal_weight=2.52491e+06 2.43013e+06 2.12938e+06 94778 300751 76313 18465
internal_count=2524906 2430128 2129377 94778 300751 76313 18465
is_linear=0
shrinkage=0.00720685


Tree=9
num_leaves=8
num_cat=0
split_feature=0 18 18 0 6 18 17
split_gain=115.905 61.6236 35.8999 18.2334 12.4463 5.01641 3.04511
threshold=-2.2166087627410884 -1.2799986004829405 0.35896287858486181 -5.3269441127777091 -1.0005525350570676 -2.2109074592590328 0.64274322986602794
decision_type=2 10 8 2 2 8 2
left_child=3 5 -3 6 -5 -2 -1
right_child=1 2 -4 4 -6 -7 -8
leaf_value=-0.00039691311272812933 4.4857394814265409e-05 4.1328747448896215e-05 -1.9194785698380505e-05 -0.00028583787100141926 -0.00010851700292611695 -0.00012229662127474165 -0.00066571709088190825
leaf_weight=3728 9822 1452055 783774 51464 34240 184056 5325
leaf_count=3728 9822 1452055 783774 51464 34240 184056 5325
internal_value=-2.19342e-07 9.42431e-06 2.01121e-05 -0.000247495 -0.000214998 -0.000113828 -0.00055508
internal_weight=2.52446e+06 2.42971e+06 2.23583e+06 94757 85704 193878 9053
internal_count=2524464 2429707 2235829 94757 85704 193878 9053
is_linear=0
shrinkage=0.00720685


Tree=10
num_leaves=8
num_cat=0
split_feature=1 18 0 18 6 0 18
split_gain=117.379 60.0828 34.2502 27.1363 9.02657 7.79116 3.76705
threshold=1.5337707400321963 -1.2988172173500059 -3.9171921014785762 0.27844011783599859 -0.96359926462173451 -5.3269441127777091 -2.2109074592590328
decision_type=2 10 2 10 2 2 8
left_child=1 6 5 -3 -4 -2 -1
right_child=2 3 4 -5 -6 -7 -8
leaf_value=2.760706097064634e-05 -0.00055520918755572765 4.3830864158117133e-05 -0.0001869169301127001 -9.1108870388248196e-06 -7.3195925851504017e-05 -0.00031221788379210184 -0.00012054263841310119
leaf_weight=9406 9109 1365795 68035 795885 77607 27710 170345
leaf_count=9406 9109 1365795 68035 795885 77607 27710 170345
internal_value=9.15162e-08 1.38114e-05 -0.000175968 2.43388e-05 -0.00012632 -0.000372347 -0.00011279
internal_weight=2.52389e+06 2.34143e+06 182461 2.16168e+06 145642 36819 179751
internal_count=2523892 2341431 182461 2161680 145642 36819 179751
is_linear=0
shrinkage=0.00720685


Tree=11
num_leaves=8
num_cat=0
split_feature=1 18 0 18 0 23 20
split_gain=112.325 57.7141 31.1187 27.2007 7.09536 6.59351 4.27777
threshold=1.5337707400321963 -1.2988172173500059 -3.9171921014785762 0.24026805907487872 -5.3269441127777091 -1.2690669894218443 -0.52550318837165821
decision_type=2 10 2 8 2 8 8
left_child=1 6 4 -3 -2 -4 -1
right_child=2 3 5 -5 -6 -7 -8
leaf_value=-0.00015393316784694297 -0.00053499759976158171 4.3168978613318769e-05 0.00016826993638993944 -9.458254815536203e-06 -0.00030293025311426948 -0.00013366648704785837 -8.2295876641690118e-05
leaf_weight=72736 9100 1338837 3858 824054 27621 141546 106976
leaf_count=72736 9100 1338837 3858 824054 27621 141546 106976
internal_value=-5.96328e-07 1.2807e-05 -0.000172997 2.31182e-05 -0.000360453 -0.000125654 -0.000111291
internal_weight=2.52473e+06 2.3426e+06 182125 2.16289e+06 36721 145404 179712
internal_count=2524728 2342603 182125 2162891 36721 145404 179712
is_linear=0
shrinkage=0.00720685


Tree=12
num_leaves=8
num_cat=0
split_feature=1 18 6 23 1 23 18
split_gain=117.363 56.3375 29.764 24.3627 13.9182 5.60807 4.18407
threshold=1.3405453562736513 -1.2988172173500059 -0.92691671848297108 inf 2.3043124675750737 -1.2690669894218443 -2.2109074592590328
decision_type=2 10 2 8 2 8 8
left_child=1 6 4 -3 -2 -4 -1
right_child=2 3 5 -5 -6 -7 -8
leaf_value=4.1437919963113152e-05 -0.0001838997398563999 2.5799890357389556e-05 0.00019271458127145799 0.00070532253373142633 -0.00035810260774448723 -8.1739473322853078e-05 -0.00011572341706150495
leaf_weight=9287 83926 2104588 3996 2743 33265 118882 166967
leaf_count=9287 83926 2104588 3996 2743 33265 118882 166967
internal_value=3.97183e-07 1.63324e-05 -0.000151181 2.66847e-05 -0.00023335 -7.28126e-05 -0.000107442
internal_weight=2.52365e+06 2.28358e+06 240069 2.10733e+06 117191 122878 176254
internal_count=2523654 2283585 240069 2107331 117191 122878 176254
is_linear=0
shrinkage=0.00720685


Tree=13
num_leaves=8
num_cat=0
split_feature=1 18 18 1 6 6 18
split_gain=109.803 55.6428 27.4949 23.7354 9.17667 8.80832 4.73039
threshold=1.5337707400321963 -1.2988172173500059 0.27844011783599859 2.2122724056243901 -0.89475619792938221 -3.1896752119064327 -2.2109074592590328
decision_type=2 10 10 2 2 2 8
left_child=1 6 -3 4 -2 -5 -1
right_child=3 2 -4 5 -6 -7 -8
leaf_value=4.792953523283356e-05 -0.00018005373975722732 4.2885511911433694e-05 -1.0399900291711972e-05 -0.00043619811630136356 -5.6275623282747922e-05 -0.00023662739761783142 -0.00011743099920314045
leaf_weight=9485 59042 1365715 796147 15901 65759 41399 170259
leaf_count=9485 59042 1365715 796147 15901 65759 41399 170259
internal_value=-1.24417e-07 1.31322e-05 2.32621e-05 -0.000170588 -0.000114835 -0.000292016 -0.000108705
internal_weight=2.52371e+06 2.34161e+06 2.16186e+06 182101 124801 57300 179744
internal_count=2523707 2341606 2161862 182101 124801 57300 179744
is_linear=0
shrinkage=0.00720685


Tree=14
num_leaves=8
num_cat=0
split_feature=0 18 18 6 9 0 18
split_gain=108.848 57.4967 33.4734 17.3028 6.5695 5.87716 5.23952
threshold=-2.3967850208282466 -1.2428925037384031 0.35896287858486181 -2.6692844629287715 0.59943625330924999 -5.3269441127777091 -1.428301155567169
decision_type=2 10 10 2 10 2 10
left_child=3 6 -3 5 -5 -1 -2
right_child=1 2 -4 4 -6 -7 -8
leaf_value=-0.0006197398597666522 -0.00013337887547290399 4.0285032257067356e-05 -1.8141427349625093e-05 -0.00013295169524345842 -0.00030078705693008625 -0.00035132922262827009 -6.0945065744786189e-05
leaf_weight=5249 127419 1435164 789447 40726 17243 22024 87484
leaf_count=5249 127419 1435164 789447 40726 17243 22024 87484
internal_value=-1.68792e-07 8.67671e-06 1.95512e-05 -0.000253313 -0.000182879 -0.000403009 -0.000103893
internal_weight=2.52476e+06 2.43951e+06 2.22461e+06 85242 57969 27273 214903
internal_count=2524756 2439514 2224611 85242 57969 27273 214903
is_linear=0
shrinkage=0.00720685


Tree=15
num_leaves=8
num_cat=0
split_feature=0 18 18 0 6 0 18
split_gain=112.977 54.2648 31.5771 17.701 8.74876 5.47964 4.59604
threshold=-2.2166087627410884 -1.2428925037384031 0.35896287858486181 -4.4248018264770499 -0.0082091912627220136 -5.3269441127777091 -1.4557193517684934
decision_type=2 10 8 2 2 2 10
left_child=3 6 -3 5 -5 -1 -2
right_child=1 2 -4 4 -6 -7 -8
leaf_value=-0.00054450307268145309 -0.00013129864243780989 3.9515988366888472e-05 -1.7379903525556863e-05 -0.00022147242636303194 -1.15267512649646e-05 -0.00032751086086488419 -6.4196154924564923e-05
leaf_weight=9060 116747 1431724 784115 55050 12685 18188 97124
leaf_count=9060 116747 1431724 784115 55050 12685 18188 97124
internal_value=-7.30837e-07 8.80113e-06 1.93823e-05 -0.000244561 -0.000182156 -0.000399678 -0.000100826
internal_weight=2.52469e+06 2.42971e+06 2.21584e+06 94983 67735 27248 213871
internal_count=2524693 2429710 2215839 94983 67735 27248 213871
is_linear=0
shrinkage=0.00720685


Tree=16
num_leaves=8
num_cat=0
split_feature=1 18 0 18 2 0 18
split_gain=108.197 52.955 37.097 24.2698 8.26316 7.55662 5.0964
threshold=1.3697552680969241 -1.2428925037384031 -3.4859867095947261 0.27844011783599859 0.24082257598638537 -5.3269441127777091 -1.428301155567169
decision_type=2 10 2 10 10 2 10
left_child=1 6 5 -3 -4 -2 -1
right_child=2 3 4 -5 -6 -7 -8
leaf_value=-0.00012498058029666907 -0.00051837558538246847 4.4838934782132573e-05 -2.7112722729147695e-05 -6.0382472469668895e-06 -0.00013359881838818344 -0.00028579326826416431 -5.1876018603653973e-05
leaf_weight=121909 9014 1315907 53226 773069 131017 37232 83429
leaf_count=121909 9014 1315907 53226 773069 131017 37232 83429
internal_value=2.02127e-07 1.51555e-05 -0.000148645 2.60108e-05 -0.000102836 -0.000331137 -9.52786e-05
internal_weight=2.5248e+06 2.29431e+06 230489 2.08898e+06 184243 46246 205338
internal_count=2524803 2294314 230489 2088976 184243 46246 205338
is_linear=0
shrinkage=0.00720685


Tree=17
num_leaves=8
num_cat=0
split_feature=1 18 1 18 9 9 18
split_gain=107.667 53.577 24.6697 23.9367 7.43453 7.11269 4.20703
threshold=1.3697552680969241 -1.2607534527778623 2.2122724056243901 0.27844011783599859 0.30965749919414526 0.63243767619133007 -1.428301155567169
decision_type=2 10 2 10 10 10 10
left_child=1 6 5 -3 -4 -2 -1
right_child=2 3 4 -5 -6 -7 -8
leaf_value=-0.00012498971603176542 -8.3607321535400587e-05 4.4273251477800126e-05 -0.00020191985220981013 -6.2168611326278841e-06 -0.00036665855986405031 -0.00020304743793822774 -5.6087768495589715e-05
leaf_weight=121798 141237 1326178 30773 771340 26474 31710 73990
leaf_count=121798 141237 1326178 30773 771340 26474 31710 73990
internal_value=1.49263e-07 1.50635e-05 -0.000148433 2.5706e-05 -0.000278109 -0.000105508 -9.89516e-05
internal_weight=2.5235e+06 2.29331e+06 230194 2.09752e+06 57247 172947 195788
internal_count=2523500 2293306 230194 2097518 57247 172947 195788
is_linear=0
shrinkage=0.00720685


Tree=18
num_leaves=8
num_cat=0
split_feature=6 18 18 6 18 18 18
split_gain=76.9852 55.16 23.3614 18.4455 7.24129 6.09505 4.98749
threshold=-1.3236439824104307 -1.2988172173500059 0.27844011783599859 -2.8984599113464351 0.61801233887672435 0.66312855482101452 -2.2109074592590328
decision_type=2 10 10 2 10 10 8
left_child=3 6 -3 5 -5 -1 -2
right_child=1 2 -4 4 -6 -7 -8
leaf_value=-0.00014639003091022898 4.7390867748577778e-05 3.9478533390853279e-05 -9.8107601074300848e-06 -4.7352755647595721e-05 -0.0001510340706880032 -0.00031558169798157553 -0.00011869603883533248
leaf_weight=16627 9936 1366631 787081 72607 67528 33042 170925
leaf_count=16627 9936 1366631 787081 72607 67528 33042 170925
internal_value=-3.40313e-08 1.1314e-05 2.14656e-05 -0.000139614 -9.73154e-05 -0.000258948 -0.000109571
internal_weight=2.52438e+06 2.33457e+06 2.15371e+06 189804 140135 49669 180861
internal_count=2524377 2334573 2153712 189804 140135 49669 180861
is_linear=0
shrinkage=0.00720685


Tree=19
num_leaves=8
num_cat=0
split_feature=6 18 18 6 23 23 18
split_gain=78.2923 53.0949 23.5662 19.3248 8.63055 6.30593 4.7093
threshold=-1.3236439824104307 -1.2428925037384031 0.26569749414920812 -2.8984599113464351 inf 1.0787472724914553 -1.4557193517684934
decision_type=2 10 10 2 8 8 10
left_child=3 6 -3 5 -5 -1 -2
right_child=1 2 -4 4 -6 -7 -8
leaf_value=-0.00030775461702056619 -0.00012863858547555539 4.1037621791525563e-05 -8.5699699055563538e-06 -9.9913851610452259e-05 0.0010635347168948695 -0.00011704743669104444 -6.0072218093235234e-05
leaf_weight=37919 115112 1328464 795031 140269 331 11813 94941
leaf_count=37919 115112 1328464 795031 140269 331 11813 94941
internal_value=1.8918e-07 1.16527e-05 2.24647e-05 -0.000140358 -9.71676e-05 -0.000262459 -9.76481e-05
internal_weight=2.52388e+06 2.33355e+06 2.1235e+06 190332 140600 49732 210053
internal_count=2523880 2333548 2123495 190332 140600 49732 210053
is_linear=0
shrinkage=0.00720685


Tree=20
num_leaves=8
num_cat=0
split_feature=1 18 0 5 2 0 18
split_gain=103.625 50.858 30.2377 25.9956 7.76148 6.8548 4.5713
threshold=1.5337707400321963 -1.2428925037384031 -3.9171921014785762 inf 0.19286660850048068 -5.3269441127777091 -1.428301155567169
decision_type=2 10 2 8 10 2 10
left_child=1 6 5 -3 -4 -2 -1
right_child=2 3 4 -5 -6 -7 -8
leaf_value=-0.0001225633178049083 -0.00052107532708082149 2.2469418150502963e-05 -2.8715441322433603e-05 0.0007283828920400451 -0.00014953588589890248 -0.00029338934334824271 -5.385634852330617e-05
leaf_weight=123544 9122 2130974 37072 2712 108273 27823 84837
leaf_count=123544 9122 2130974 37072 2712 108273 27823 84837
internal_value=-1.02141e-08 1.28718e-05 -0.000165518 2.3367e-05 -0.00011872 -0.000349619 -9.45915e-05
internal_weight=2.52436e+06 2.34207e+06 182290 2.13369e+06 145345 36945 208381
internal_count=2524357 2342067 182290 2133686 145345 36945 208381
is_linear=0
shrinkage=0.00720685


Tree=21
num_leaves=8
num_cat=0
split_feature=0 23 0 6 0 0 9
split_gain=98.0952 29.7804 26.7092 17.1056 12.8251 7.31739 5.99578
threshold=-2.0488433837890621 inf 0.3338573426008225 -2.3135441541671748 -0.076635520905256257 -5.3269441127777091 0.49641615152359014
decision_type=2 8 2 2 2 2 10
left_child=3 2 -2 5 -3 -1 -5
right_child=1 4 -4 6 -6 -7 -8
leaf_value=-0.00057694838340356094 -1.2053400717127923e-05 0.0022039473773751992 3.6405913271501678e-05 -0.00010358605642369988 0.00057218566782241131 -0.00029742141206438253 -0.00024884701763502355
leaf_weight=5790 1387183 274 1028905 47532 2800 30453 21406
leaf_count=5790 1387183 274 1028905 47532 2800 30453 21406
internal_value=1.17649e-07 9.48536e-06 8.58327e-06 -0.000215337 0.000718273 -0.000342092 -0.000148694
internal_weight=2.52434e+06 2.41916e+06 2.41609e+06 105181 3074 36243 68938
internal_count=2524343 2419162 2416088 105181 3074 36243 68938
is_linear=0
shrinkage=0.00720685


Tree=22
num_leaves=8
num_cat=0
split_feature=1 18 0 23 6 0 18
split_gain=105.032 50.137 36.1989 22.9754 11.21 7.45884 4.14554
threshold=1.3405453562736513 -1.2607534527778623 -3.9171921014785762 inf -1.0005525350570676 -5.3269441127777091 -1.428301155567169
decision_type=2 10 2 8 2 2 10
left_child=1 6 5 -3 -4 -2 -1
right_child=2 3 4 -5 -6 -7 -8
leaf_value=-0.00012037780501211472 -0.00053023274488142201 2.5189993018742151e-05 -0.00016816117283524788 0.00068580737185326343 -5.9540214571672038e-05 -0.0002919799120561604 -5.194540728341832e-05
leaf_weight=121913 9032 2086461 84883 2737 117882 27956 73823
leaf_count=121913 9032 2086461 84883 2737 117882 27956 73823
internal_value=6.6527e-07 1.57226e-05 -0.000142836 2.60558e-05 -0.000105013 -0.000350171 -9.45686e-05
internal_weight=2.52469e+06 2.28493e+06 239753 2.0892e+06 202765 36988 195736
internal_count=2524687 2284934 239753 2089198 202765 36988 195736
is_linear=0
shrinkage=0.00720685


Tree=23
num_leaves=8
num_cat=0
split_feature=1 18 5 1 9 22 20
split_gain=99.5083 49.6181 23.7823 19.1876 9.05458 5.68804 4.59648
threshold=1.5337707400321963 -1.2988172173500059 inf 2.5333639383316044 0.41059145331382757 -2.2022689580917354 -0.50148117542266835
decision_type=2 10 8 2 10 8 8
left_child=1 6 -3 4 -2 -5 -1
right_child=3 2 -4 5 -6 -7 -8
leaf_value=-0.00014592245401762069 -9.585457924531272e-05 2.1089876946317871e-05 0.00070437495323152867 0.0011928246130276999 -0.00021808254475610235 -0.00034241816683622272 -7.1912841474378755e-05
leaf_weight=74979 109841 2160208 2648 125 44126 28013 104110
leaf_count=74979 109841 2160208 2648 125 44126 28013 104110
internal_value=-2.37012e-07 1.23812e-05 2.19267e-05 -0.000162512 -0.000130886 -0.000335557 -0.000102899
internal_weight=2.52405e+06 2.34194e+06 2.16286e+06 182105 153967 28138 179089
internal_count=2524050 2341945 2162856 182105 153967 28138 179089
is_linear=0
shrinkage=0.00720685


Tree=24
num_leaves=8
num_cat=0
split_feature=1 0 23 0 6 11 0
split_gain=98.6357 35.9036 20.9983 17.6007 9.97277 8.90601 6.975
threshold=1.3405453562736513 -3.9171921014785762 inf 0.42959226667881018 -0.62538212537765492 0.4174135178327561 -5.3269441127777091
decision_type=2 2 8 2 2 8 2
left_child=2 6 3 -1 -3 -4 -2
right_child=1 4 5 -5 -6 -7 -8
leaf_value=-1.6878782379033608e-06 -0.00051902122819747116 -0.0001497049533166725 0.00019879833010982717 4.0120501542988607e-05 -4.8615443201509592e-05 0.00099264811529438434 -0.00028918246310451597
leaf_weight=1469580 9066 106868 1379 811944 96420 1570 28188
leaf_count=1469580 9066 106868 1379 811944 96420 1570 28188
internal_value=-6.3967e-07 -0.000139452 1.39765e-05 1.31908e-05 -0.000101759 0.000621622 -0.000345128
internal_weight=2.52502e+06 240542 2.28447e+06 2.28152e+06 203288 2949 37254
internal_count=2525015 240542 2284473 2281524 203288 2949 37254
is_linear=0
shrinkage=0.00720685


Tree=25
num_leaves=8
num_cat=0
split_feature=0 0 23 9 0 6 6
split_gain=98.6758 27.9429 25.2108 13.7168 12.833 8.84403 1.52774
threshold=-2.6062093973159786 0.32122579216957098 -1.6508585810661314 0.10904134437441827 -5.3269441127777091 -0.41876797378063196 -3.5514920949935909
decision_type=2 2 10 10 2 2 2
left_child=4 2 -2 -3 6 -6 -1
right_child=1 3 -4 -5 5 -7 -8
leaf_value=-0.00061726703307682471 0.00037319801996677746 2.2016739382182389e-05 -1.5443929126089269e-05 8.3770381025641898e-05 -0.00026854645344692924 -7.2595864008195818e-05 -0.0004279078807344082
leaf_weight=4006 8723 817423 1380803 242163 50506 15678 4980
leaf_count=4006 8723 817423 1380803 242163 50506 15678 4980
internal_value=3.59465e-07 8.25357e-06 -1.30039e-05 3.61303e-05 -0.000256835 -0.000222131 -0.000512384
internal_weight=2.52428e+06 2.44911e+06 1.38953e+06 1.05959e+06 75170 66184 8986
internal_count=2524282 2449112 1389526 1059586 75170 66184 8986
is_linear=0
shrinkage=0.00720685


Tree=26
num_leaves=8
num_cat=0
split_feature=1 18 18 6 9 18 9
split_gain=94.8339 48.7585 24.9641 21.1507 10.5417 4.76989 4.02925
threshold=1.5337707400321963 -1.2428925037384031 0.35896287858486181 -1.0005525350570676 0.67125055193901073 -1.428301155567169 0.47649587690830236
decision_type=2 10 10 2 10 10 10
left_child=1 5 -3 4 -2 -1 -5
right_child=3 2 -4 6 -6 -7 -8
leaf_value=-0.00012111903127926977 -0.00018835290082310689 4.0759230795308911e-05 -1.1038913686205811e-05 -5.0634240186280522e-05 -0.00036261429954923186 -5.101496112108283e-05 -0.00016496592958367123
leaf_weight=123843 69654 1393408 739846 66934 24330 85020 21043
leaf_count=123843 69654 1393408 739846 66934 24330 85020 21043
internal_value=1.92783e-07 1.25057e-05 2.27948e-05 -0.000158293 -0.000233468 -9.25829e-05 -7.79827e-05
internal_weight=2.52408e+06 2.34212e+06 2.13325e+06 181961 93984 208863 87977
internal_count=2524078 2342117 2133254 181961 93984 208863 87977
is_linear=0
shrinkage=0.00720685


Tree=27
num_leaves=8
num_cat=0
split_feature=0 18 0 0 23 9 18
split_gain=91.2335 47.8203 29.4612 18.4652 6.99925 6.4156 5.3252
threshold=-2.0488433837890621 -1.2254478931427 0.35985985398292547 -3.9171921014785762 -1.2990594506263731 0.31880262494087225 -1.428301155567169
decision_type=2 10 2 2 8 10 10
left_child=3 6 -3 5 -5 -1 -2
right_child=1 2 -4 4 -6 -7 -8
leaf_value=-0.00024023472022682325 -0.00012224386783264054 -1.9803072091209234e-06 5.2099730583006869e-05 0.00032875674935946416 -0.00014895657667300091 -0.00043026405648220089 -5.1251758235183409e-05
leaf_weight=18033 126609 1336944 859589 1631 66782 18910 96872
leaf_count=18033 126609 1336944 859589 1631 66782 18910 96872
internal_value=-7.35566e-08 8.96464e-06 1.91833e-05 -0.000207678 -0.000137563 -0.000337514 -9.14715e-05
internal_weight=2.52537e+06 2.42001e+06 2.19653e+06 105356 68413 36943 223481
internal_count=2525370 2420014 2196533 105356 68413 36943 223481
is_linear=0
shrinkage=0.00720685


Tree=28
num_leaves=8
num_cat=0
split_feature=1 1 23 6 2 6 21
split_gain=95.7822 23.6186 20.5382 16.6434 9.96129 6.73146 2.92628
threshold=1.7337293624877932 0.77329072356224071 inf -2.8984599113464351 0.17287994176149371 -0.056872956454753869 -1.3298375010490415
decision_type=2 2 8 2 10 2 2
left_child=1 2 -1 6 -3 -5 -2
right_child=3 4 -4 5 -6 -7 -8
leaf_value=1.9404474118298047e-05 1.2200828768002379e-06 7.9987950520376724e-06 0.00062676136471569025 -0.00017860351582235482 -7.0174473198472684e-05 -4.5385128840829342e-05 -0.00035415526918216152
leaf_weight=2016017 1257 131342 2895 77903 238208 26370 28176
leaf_count=2016017 1257 131342 2895 77903 238208 26370 28176
internal_value=7.17481e-08 1.05797e-05 2.02757e-05 -0.000187636 -4.23908e-05 -0.000144914 -0.000338978
internal_weight=2.52217e+06 2.38846e+06 2.01891e+06 133706 369550 104273 29433
internal_count=2522168 2388462 2018912 133706 369550 104273 29433
is_linear=0
shrinkage=0.00720685


Tree=29
num_leaves=8
num_cat=0
split_feature=1 18 18 0 6 17 18
split_gain=94.6792 46.7633 27.0258 26.853 7.31956 6.66013 4.72233
threshold=1.5709670186042788 -1.2428925037384031 0.34494028985500341 -3.9171921014785762 -0.2873662263154983 0.77021127939224254 -1.428301155567169
decision_type=2 10 8 2 2 2 10
left_child=1 6 -3 5 -5 -2 -1
right_child=3 2 -4 4 -6 -7 -8
leaf_value=-0.00011853196860679757 -0.00024392057770796256 4.1510553892576486e-05 -1.2068724056713842e-05 -0.00015238155604070823 -3.9438986280394328e-05 -0.00043853612461063432 -4.8891683455769345e-05
leaf_weight=124172 19440 1388579 754722 91541 44192 17236 85332
leaf_count=124172 19440 1388579 754722 91541 44192 17236 85332
internal_value=6.52684e-07 1.25984e-05 2.26436e-05 -0.000162365 -0.00011561 -0.00033539 -9.01676e-05
internal_weight=2.52521e+06 2.3528e+06 2.1433e+06 172409 135733 36676 209504
internal_count=2525214 2352805 2143301 172409 135733 36676 209504
is_linear=0
shrinkage=0.00720685


Tree=30
num_leaves=8
num_cat=0
split_feature=1 0 0 5 9 6 9
split_gain=91.4747 28.3163 19.7598 20.4897 13.8845 7.48191 6.75003
threshold=1.5337707400321963 -3.9171921014785762 0.43415488302707678 inf 0.023835406638681892 -0.46983677148818964 0.33799341320991522
decision_type=2 2 2 8 8 2 10
left_child=2 6 3 -1 -4 -3 -2
right_child=1 5 4 -5 -6 -7 -8
leaf_value=-4.7129605095875311e-06 -0.0002365571612401081 -0.00015202744063080615 2.0699315287412304e-05 0.00060416196062412417 8.5863624701555392e-05 -4.5980383954541816e-05 -0.00043168236733073789
leaf_weight=1538229 18347 89020 558079 2875 244108 56480 18497
leaf_count=1538229 18347 89020 558079 2875 244108 56480 18497
internal_value=-5.76635e-07 -0.000156057 1.15222e-05 -3.57669e-06 4.05291e-05 -0.000110863 -0.000334526
internal_weight=2.52564e+06 182344 2.34329e+06 1.5411e+06 802187 145500 36844
internal_count=2525635 182344 2343291 1541104 802187 145500 36844
is_linear=0
shrinkage=0.00720685


Tree=31
num_leaves=8
num_cat=0
split_feature=0 0 5 6 9 0 9
split_gain=89.2723 25.3524 25.3991 16.0621 13.8883 10.0527 2.77928
threshold=-2.2166087627410884 0.34675195813179022 inf -0.60392701625823964 0.023835406638681892 -4.8681304454803458 0.63243767619133007
decision_type=2 2 8 2 10 2 10
left_child=3 2 -2 5 -3 -1 -5
right_child=1 4 -4 6 -6 -7 -8
leaf_value=-0.00043563849216808473 -1.2760151736286042e-05 1.7583575985011796e-05 0.0006648438589021918 -2.5678150461881056e-05 7.5253898815920935e-05 -0.00022815197833729673 -0.00019119532671453394
leaf_weight=15833 1426057 682554 2878 20018 317907 51856 7151
leaf_count=15833 1426057 682554 2878 20018 317907 51856 7151
internal_value=-3.83373e-07 8.08552e-06 -1.13949e-05 -0.000217277 3.5909e-05 -0.000276691 -6.92491e-05
internal_weight=2.52425e+06 2.4294e+06 1.42894e+06 94858 1.00046e+06 67689 27169
internal_count=2524254 2429396 1428935 94858 1000461 67689 27169
is_linear=0
shrinkage=0.00720685


Tree=32
num_leaves=8
num_cat=0
split_feature=0 18 1 0 6 6 18
split_gain=93.7661 47.0782 28.9851 17.7855 6.82049 6.02425 5.15365
threshold=-2.0488433837890621 -1.2988172173500059 0.7901534140110017 -3.9171921014785762 -0.12934379279613492 -3.1896752119064327 -2.2109074592590328
decision_type=2 10 2 2 2 2 8
left_child=3 6 -3 5 -5 -1 -2
right_child=1 2 -4 4 -6 -7 -8
leaf_value=-0.00045848483862880225 5.8662127794109464e-05 2.9439785845584878e-05 -4.0705445951763063e-05 -0.00018128649027761163 -1.0262802619445914e-05 -0.00026803058949332665 -0.0001110486962298865
leaf_weight=13591 9817 1870475 365797 52177 15773 23635 174089
leaf_count=13591 9817 1870475 365797 52177 15773 23635 174089
internal_value=-3.04136e-07 8.85054e-06 1.79658e-05 -0.000210959 -0.000141588 -0.000337575 -0.000101989
internal_weight=2.52535e+06 2.42018e+06 2.23627e+06 105176 67950 37226 183906
internal_count=2525354 2420178 2236272 105176 67950 37226 183906
is_linear=0
shrinkage=0.00720685


Tree=33
num_leaves=8
num_cat=0
split_feature=0 18 18 6 0 18 23
split_gain=88.1445 46.2031 27.8493 16.0099 9.29624 5.01427 3.29466
threshold=-2.0488433837890621 -1.2799986004829405 0.35896287858486181 -0.80274847149848927 -4.8681304454803458 -2.2109074592590328 -1.2990594506263731
decision_type=2 10 10 2 2 8 8
left_child=3 5 -3 4 -1 -2 -5
right_child=1 2 -4 6 -6 -7 -8
leaf_value=-0.00042669459207506078 6.0384300722493988e-05 3.6383185357973186e-05 -1.7080746337601349e-05 0.00029501520568584789 -0.00022465828937109482 -0.00010683459582819253 -9.4700726062241821e-05
leaf_weight=15165 9810 1447223 778112 1163 53797 183871 35217
leaf_count=15165 9810 1447223 778112 1163 53797 183871 35217
internal_value=-4.89938e-07 8.39696e-06 1.76889e-05 -0.000204562 -0.000269092 -9.83645e-05 -8.22342e-05
internal_weight=2.52436e+06 2.41902e+06 2.22534e+06 105342 68962 193681 36380
internal_count=2524358 2419016 2225335 105342 68962 193681 36380
is_linear=0
shrinkage=0.00720685


Tree=34
num_leaves=8
num_cat=0
split_feature=1 18 0 5 9 6 20
split_gain=84.9855 45.5418 29.2106 25.2005 8.65784 8.33651 4.86437
threshold=1.3405453562736513 -1.2428925037384031 -3.4859867095947261 inf 0.34869208931922918 -0.48695558309555048 -0.26455001533031458
decision_type=2 10 2 8 10 2 8
left_child=1 6 4 -3 -2 -4 -1
right_child=2 3 5 -5 -6 -7 -8
leaf_value=-0.00012044089272749046 -0.00019629457395523982 2.3187486952414826e-05 -0.00013137531742153516 0.00071913037622591751 -0.00039313217568391189 -3.620264318890695e-05 -4.9941795289697597e-05
leaf_weight=112090 24220 2075342 108779 2705 22292 85280 93024
leaf_count=112090 24220 2075342 108779 2705 22292 85280 93024
internal_value=4.0603e-07 1.39814e-05 -0.000128431 2.40937e-05 -0.00029064 -8.95518e-05 -8.84684e-05
internal_weight=2.52373e+06 2.28316e+06 240571 2.07805e+06 46512 194059 205114
internal_count=2523732 2283161 240571 2078047 46512 194059 205114
is_linear=0
shrinkage=0.00720685


Tree=35
num_leaves=8
num_cat=0
split_feature=1 18 5 6 1 20 1
split_gain=85.2054 44.8502 24.5521 23.0603 10.5188 4.16173 3.94807
threshold=1.3405453562736513 -1.2988172173500059 inf -1.0005525350570676 2.4087657928466801 -0.20731567591428754 2.3043124675750737
decision_type=2 10 8 2 2 8 2
left_child=1 5 -3 4 -2 -1 -5
right_child=3 2 -4 6 -6 -7 -8
leaf_value=-0.0001265877973546188 -0.00016514493318237522 2.221430178631473e-05 0.00070990193823110607 -4.7933383278086789e-05 -0.00032893683343007641 -5.5677963379102548e-05 -0.00017294522314784469
leaf_weight=101676 85969 2105509 2699 112801 26688 74484 14848
leaf_count=101676 85969 2105509 2699 112801 26688 74484 14848
internal_value=2.84892e-07 1.38642e-05 2.3095e-05 -0.0001288 -0.000203949 -9.66063e-05 -6.2476e-05
internal_weight=2.52467e+06 2.28437e+06 2.10821e+06 240306 112657 176160 127649
internal_count=2524674 2284368 2108208 240306 112657 176160 127649
is_linear=0
shrinkage=0.00720685


Tree=36
num_leaves=8
num_cat=0
split_feature=0 18 18 0 6 18 6
split_gain=81.8737 45.7857 30.5555 11.8396 8.13749 4.22162 1.80416
threshold=-2.6062093973159786 -1.2607534527778623 0.26569749414920812 -5.3269441127777091 -0.10065000876784323 -2.2109074592590328 -4.5567562580108634
decision_type=2 10 8 2 2 8 2
left_child=3 5 -3 6 -5 -2 -1
right_child=1 2 -4 4 -6 -7 -8
leaf_value=-0.00065113672672068577 4.9153019638086799e-05 3.7698293222226282e-05 -1.6975242501588271e-05 -0.0002365932281626134 -2.4455170150129587e-05 -0.0001031949644645683 -0.00041809997341257961
leaf_weight=2323 9927 1381784 862191 55005 11326 195100 6767
leaf_count=2323 9927 1381784 862191 55005 11326 195100 6767
internal_value=6.95296e-08 7.27216e-06 1.66914e-05 -0.000233805 -0.000200372 -9.58183e-05 -0.000477718
internal_weight=2.52442e+06 2.449e+06 2.24398e+06 75421 66331 205027 9090
internal_count=2524423 2449002 2243975 75421 66331 205027 9090
is_linear=0
shrinkage=0.00720685


Tree=37
num_leaves=8
num_cat=0
split_feature=1 18 6 18 1 9 18
split_gain=85.5879 45.6164 22.2258 21.8903 9.34863 5.15603 4.58787
threshold=1.3405453562736513 -1.2428925037384031 -1.1705475449562071 0.27844011783599859 2.3043124675750737 0.71513083577156078 -1.428301155567169
decision_type=2 10 2 10 2 10 10
left_child=1 6 4 -3 -2 -4 -1
right_child=2 3 5 -5 -6 -7 -8
leaf_value=-0.00011795896488221018 -0.00016483250204806874 4.103305257295309e-05 -5.0416571777617515e-05 -7.4238434268838303e-06 -0.00031453344444277342 -0.00016854510160181779 -4.8463114309817789e-05
leaf_weight=121239 71518 1311580 114971 767582 31087 23036 83200
leaf_count=121239 71518 1311580 114971 767582 31087 23036 83200
internal_value=-5.78394e-07 1.30435e-05 -0.000129861 2.31438e-05 -0.000210191 -7.01357e-05 -8.96769e-05
internal_weight=2.52421e+06 2.2836e+06 240612 2.07916e+06 102605 138007 204439
internal_count=2524213 2283601 240612 2079162 102605 138007 204439
is_linear=0
shrinkage=0.00720685


Tree=38
num_leaves=8
num_cat=0
split_feature=1 6 23 9 1 3 23
split_gain=80.8219 21.9343 19.3236 13.3452 10.9087 7.6629 5.6961
threshold=1.3405453562736513 -1.0005525350570676 inf -0.41863127052783961 2.4087657928466801 -1.3075287342071531 -1.2434021830558775
decision_type=2 2 8 8 2 10 8
left_child=2 4 3 -1 -2 -4 -3
right_child=1 6 5 -5 -6 -7 -8
leaf_value=-3.1203006449141859e-05 -0.00015976681344840528 0.0001888854821911438 0.0008270616075313691 1.9232618734141869e-05 -0.00032667397709246307 2.2383005728313019e-05 -7.0530350442481177e-05
leaf_weight=316359 86029 4558 2112 1964699 26637 867 123139
leaf_count=316359 86029 4558 2112 1964699 26637 867 123139
internal_value=-2.33206e-07 -0.000125937 1.29954e-05 1.22377e-05 -0.00019923 0.00059296 -6.12693e-05
internal_weight=2.5244e+06 240363 2.28404e+06 2.28106e+06 112666 2979 127697
internal_count=2524400 240363 2284037 2281058 112666 2979 127697
is_linear=0
shrinkage=0.00720685


Tree=39
num_leaves=8
num_cat=0
split_feature=1 1 5 1 2 5 22
split_gain=81.4978 21.1226 19.7635 12.9315 9.39935 7.1682 4.43412
threshold=1.7337293624877932 0.77329072356224071 inf 2.5333639383316044 0.12374664843082429 1.4983618855476382 -2.2022689580917354
decision_type=2 2 8 2 10 10 8
left_child=1 2 -1 5 -3 -2 -5
right_child=3 4 -4 6 -6 -7 -8
leaf_value=1.8554223980484725e-05 -0.00010144265187841542 1.1016388404952995e-05 0.00061496227174096007 0.0010854105154560463 -6.576378603507431e-05 -0.0002384320648309783 -0.00031510368811289751
leaf_weight=2016979 79086 125085 2889 117 245029 26484 28189
leaf_count=2016979 79086 125085 2889 117 245029 26484 28189
internal_value=5.43687e-07 1.02363e-05 1.94076e-05 -0.00017249 -3.98149e-05 -0.000135811 -0.000309278
internal_weight=2.52386e+06 2.38998e+06 2.01987e+06 133876 370114 105570 28306
internal_count=2523858 2389982 2019868 133876 370114 105570 28306
is_linear=0
shrinkage=0.00720685


Tree=40
num_leaves=8
num_cat=0
split_feature=1 0 23 0 0 23 9
split_gain=79.2792 30.2055 20.3947 17.203 13.6414 9.31679 5.6775
threshold=1.3405453562736513 -3.9171921014785762 inf 0.38606782257556921 -0.068946551531553255 -1.2990594506263731 0.33799341320991522
decision_type=2 2 8 2 2 8 10
left_child=2 6 3 -1 -4 -3 -2
right_child=1 5 4 -5 -6 -7 -8
leaf_value=-4.0745343008392487e-06 -0.00022494531337610005 0.00023030513654154184 0.0020663169152806424 3.6363079741871171e-05 0.00044652696879301178 -9.7802467201677353e-05 -0.0004037218939416701
leaf_weight=1372065 18435 4598 300 908032 2643 198831 18482
leaf_count=1372065 18435 4598 300 908032 2643 198831 18482
internal_value=-3.03296e-07 -0.000124804 1.28035e-05 1.20294e-05 0.000612262 -9.03853e-05 -0.000314456
internal_weight=2.52339e+06 240346 2.28304e+06 2.2801e+06 2943 203429 36917
internal_count=2523386 240346 2283040 2280097 2943 203429 36917
is_linear=0
shrinkage=0.00720685


Tree=41
num_leaves=8
num_cat=0
split_feature=6 20 5 2 6 5 20
split_gain=63.9579 13.4342 13.0439 12.157 11.8039 11.7507 3.68857
threshold=-1.5128208994865415 2.038871288299561 inf 2.2588859796524052 -3.5514920949935909 inf 0.33061277866363531
decision_type=2 8 8 10 2 8 8
left_child=4 3 -3 -2 6 -6 -1
right_child=1 2 -4 -5 5 -7 -8
leaf_value=-0.00011392754902594264 1.2092256313127109e-05 -8.3096327691357954e-05 0.00058644242739275916 0.00043979768118365724 -0.00011394296651338559 0.001184641757186177 -0.00031053311606699449
leaf_weight=6276 2261972 98057 1534 3456 128802 362 23604
leaf_count=6276 2261972 98057 1534 3456 128802 362 23604
internal_value=-2.64187e-07 9.14353e-06 -7.27777e-05 1.27449e-05 -0.000140158 -0.000110295 -0.000269244
internal_weight=2.52406e+06 2.36502e+06 99591 2.26543e+06 159044 129164 29880
internal_count=2524063 2365019 99591 2265428 159044 129164 29880
is_linear=0
shrinkage=0.00720685


Tree=42
num_leaves=8
num_cat=0
split_feature=6 18 18 18 5 2 18
split_gain=64.936 45.9517 23.3584 12.3051 10.9805 8.44333 4.13663
threshold=-1.5128208994865415 -1.2428925037384031 0.26569749414920812 0.61801233887672435 inf 0.32699438929557806 -1.428301155567169
decision_type=2 10 8 10 8 8 10
left_child=3 6 -3 5 -5 -1 -2
right_child=1 2 -4 4 -6 -7 -8
leaf_value=3.48123087779551e-05 -0.00011782741089873111 3.8137444765930165e-05 -1.0837708705398042e-05 -0.00020311699586441725 0.00093319448662456685 -0.00012887148625133297 -5.2997070447525283e-05
leaf_weight=25559 126024 1341058 812102 87861 443 45513 86012
leaf_count=25559 126024 1341058 812102 87861 443 45513 86012
internal_value=2.09107e-07 9.69709e-06 1.96656e-05 -0.000140595 -0.000197406 -7.00073e-05 -9.15296e-05
internal_weight=2.52457e+06 2.3652e+06 2.15316e+06 159376 88304 71072 212036
internal_count=2524572 2365196 2153160 159376 88304 71072 212036
is_linear=0
shrinkage=0.00720685


Tree=43
num_leaves=8
num_cat=0
split_feature=1 6 23 9 23 16 9
split_gain=79.8309 21.5026 18.8796 13.978 9.77576 6.2198 4.66755
threshold=1.3405453562736513 -2.8984599113464351 inf -0.41863127052783961 -1.2690669894218443 -0.017358861863613125 0.51891580224037182
decision_type=2 2 8 8 8 2 10
left_child=2 6 3 -1 -3 -4 -2
right_child=1 4 5 -5 -6 -7 -8
leaf_value=-3.2454805679285038e-05 -0.00022440342294008432 0.00019701787351546172 -6.8141712890146068e-05 1.9185331583520593e-05 -0.00010470797210788388 0.00074969072544142201 -0.00039316263301674348
leaf_weight=316053 23661 5738 605 1964107 197942 2390 13302
leaf_count=316053 23661 5738 605 1964107 197942 2390 13302
internal_value=-3.8031e-07 -0.000125229 1.27787e-05 1.20275e-05 -9.62069e-05 0.000584508 -0.000285145
internal_weight=2.5238e+06 240643 2.28316e+06 2.28016e+06 203680 2995 36963
internal_count=2523798 240643 2283155 2280160 203680 2995 36963
is_linear=0
shrinkage=0.00720685


Tree=44
num_leaves=8
num_cat=0
split_feature=0 0 23 9 0 9 13
split_gain=77.2932 24.3262 22.5793 14.0605 10.8448 6.74539 1.32198
threshold=-2.6062093973159786 0.29549363255500799 -1.6508585810661314 0.023835406638681892 -5.3269441127777091 0.67125055193901073 -0.56760033965110768
decision_type=2 2 10 10 2 10 10
left_child=4 2 -2 -3 6 -6 -1
right_child=1 3 -4 -5 5 -7 -8
leaf_value=-7.2798503204238779e-05 0.00035494008503834631 1.3704225990565157e-05 -1.6571127330828554e-05 6.82016455893687e-05 -0.00014991455533410161 -0.00031074025990042713 -0.00048304549113757888
leaf_weight=429 8551 756389 1318868 364328 47073 19020 8529
leaf_count=429 8551 756389 1318868 364328 47073 19020 8529
internal_value=-2.87519e-07 6.69647e-06 -1.41776e-05 3.14206e-05 -0.0002281 -0.000196201 -0.000463411
internal_weight=2.52319e+06 2.44814e+06 1.32742e+06 1.12072e+06 75051 66093 8958
internal_count=2523187 2448136 1327419 1120717 75051 66093 8958
is_linear=0
shrinkage=0.00720685


Tree=45
num_leaves=8
num_cat=0
split_feature=6 23 20 6 4 5 9
split_gain=60.9441 14.7123 15.9631 12.2387 11.8319 10.19 5.22813
threshold=-1.4458649754524229 -1.5116348862648008 2.038871288299561 -3.5514920949935909 -2.2069426774978633 inf 0.67125055193901073
decision_type=2 10 8 2 8 8 10
left_child=3 4 -3 6 -2 -5 -1
right_child=1 2 -4 5 -6 -7 -8
leaf_value=-0.00020017753707742399 0.0011127391093179772 1.1833026766448851e-05 -8.303888879124858e-05 -0.00010675112921059251 0.00016494107574168416 0.0010909336713296901 -0.0004064089598272443
leaf_weight=20442 706 2237202 96070 139350 21211 369 9287
leaf_count=20442 706 2237202 96070 139350 21211 369 9287
internal_value=1.74833e-07 9.67253e-06 7.92673e-06 -0.000131835 0.00019552 -0.00010358 -0.000264614
internal_weight=2.52464e+06 2.35519e+06 2.33327e+06 169448 21917 139719 29729
internal_count=2524637 2355189 2333272 169448 21917 139719 29729
is_linear=0
shrinkage=0.00720685


Tree=46
num_leaves=8
num_cat=0
split_feature=0 0 23 6 17 0 24
split_gain=75.5831 24.3581 20.0287 12.4239 7.41435 4.04137 2.63316
threshold=-2.3967850208282466 0.35106180608272558 -1.6508585810661314 -0.62538212537765492 0.64274322986602794 0.71387416124343883 1.2115505337715151
decision_type=2 2 10 2 2 2 8
left_child=3 2 -2 4 -1 -3 -5
right_child=1 5 -4 6 -6 -7 -8
leaf_value=-0.00018327338513609868 0.00033159216834949918 2.4773187370668661e-05 -1.3628039977098592e-05 -9.8648776058983076e-05 -0.00034212620357479585 5.5895563777197723e-05 0.00013942518463600566
leaf_weight=29361 8781 669652 1439914 20837 31789 320395 2728
leaf_count=29361 8781 669652 1439914 20837 31789 320395 2728
internal_value=-5.77022e-08 7.2935e-06 -1.15353e-05 -0.000211679 -0.000265858 3.4845e-05 -7.10826e-05
internal_weight=2.52346e+06 2.43874e+06 1.4487e+06 84715 61150 990047 23565
internal_count=2523457 2438742 1448695 84715 61150 990047 23565
is_linear=0
shrinkage=0.00720685


Tree=47
num_leaves=8
num_cat=0
split_feature=1 18 18 0 6 17 20
split_gain=77.5461 43.2674 21.7385 20.7717 5.99566 5.26784 4.26976
threshold=1.5337707400321963 -1.2988172173500059 0.27844011783599859 -3.9171921014785762 -1.0005525350570676 0.80988243222236644 -0.20731567591428754
decision_type=2 10 10 2 2 2 8
left_child=1 6 -3 5 -5 -2 -1
right_child=3 2 -4 4 -6 -7 -8
leaf_value=-0.00012694665826865916 -0.00021773280077992579 3.7314549496302446e-05 -1.0049965137599077e-05 -0.00015498571525061273 -6.2092757509795248e-05 -0.00039088305848028097 -5.5952251457271091e-05
leaf_weight=102654 20128 1366785 796620 66623 78745 16705 77012
leaf_count=102654 20128 1366785 796620 66623 78745 16705 77012
internal_value=-1.87704e-07 1.09489e-05 1.98737e-05 -0.000143402 -0.000104667 -0.000296271 -9.65162e-05
internal_weight=2.52527e+06 2.34307e+06 2.1634e+06 182201 145368 36833 179666
internal_count=2525272 2343071 2163405 182201 145368 36833 179666
is_linear=0
shrinkage=0.00720685


Tree=48
num_leaves=8
num_cat=0
split_feature=1 18 0 18 23 0 20
split_gain=74.0918 42.4862 25.3566 20.2543 8.54534 5.88728 4.40409
threshold=1.3405453562736513 -1.2428925037384031 -3.9171921014785762 0.27844011783599859 -1.2690669894218443 -5.3269441127777091 -0.20731567591428754
decision_type=2 10 2 8 8 2 8
left_child=1 6 5 -3 -4 -2 -1
right_child=2 3 4 -5 -6 -7 -8
leaf_value=-0.00011546221970652503 -0.00045397959455747327 3.9420908056226077e-05 0.00019965676726098848 -7.1775812320188154e-06 -9.6550704618425715e-05 -0.00024239462666557476 -4.7827305523350971e-05
leaf_weight=117412 9048 1311282 5190 768335 198425 27892 87104
leaf_count=117412 9048 1311282 5190 768335 198425 27892 87104
internal_value=-2.12523e-07 1.24574e-05 -0.000120516 2.22046e-05 -8.89996e-05 -0.000294231 -8.66568e-05
internal_weight=2.52469e+06 2.28413e+06 240555 2.07962e+06 203615 36940 204516
internal_count=2524688 2284133 240555 2079617 203615 36940 204516
is_linear=0
shrinkage=0.00720685


Tree=49
num_leaves=8
num_cat=0
split_feature=0 18 18 0 2 18 17
split_gain=70.8738 41.4042 27.5264 12.2986 5.85958 4.43871 3.48094
threshold=-2.3967850208282466 -1.2254478931427 0.35896287858486181 -4.8681304454803458 -0.23938082158565518 -1.428301155567169 0.64274322986602794
decision_type=2 10 10 2 8 10 2
left_child=3 5 -3 6 -5 -2 -1
right_child=1 2 -4 4 -6 -7 -8
leaf_value=-0.00025880001306969772 -0.00011431851031619444 3.5261742872067924e-05 -1.7793588719692178e-05 2.4609710073899491e-05 -0.00018427860365545422 -4.9681743969066048e-05 -0.00045861409388003323
leaf_weight=8137 127294 1426446 788745 7918 58522 97412 10227
leaf_count=8137 127294 1426446 788745 7918 58522 97412 10227
internal_value=-2.0356e-07 6.91525e-06 1.63708e-05 -0.000205017 -0.000159384 -8.62984e-05 -0.000370097
internal_weight=2.5247e+06 2.4399e+06 2.21519e+06 84804 66440 224706 18364
internal_count=2524701 2439897 2215191 84804 66440 224706 18364
is_linear=0
shrinkage=0.00720685


Tree=50
num_leaves=8
num_cat=0
split_feature=1 18 0 5 6 9 18
split_gain=70.5378 40.1109 26.857 18.8568 9.03473 7.24637 4.39295
threshold=1.1821595430374148 -1.2254478931427 -3.4859867095947261 inf -0.48695558309555048 0.56813845038414013 -1.428301155567169
decision_type=2 10 2 8 2 10 10
left_child=1 6 5 -3 -4 -2 -1
right_child=2 3 4 -5 -6 -7 -8
leaf_value=-0.00010959120618897728 -0.00019187770984378661 2.2959185726888785e-05 -0.00011553540375465937 0.00062822939830382309 -2.9032788948193277e-05 -0.00037669638082059174 -4.3138500680737165e-05
leaf_weight=119281 28485 2010013 133157 2676 118541 17974 91157
leaf_count=119281 28485 2010013 133157 2676 118541 17974 91157
internal_value=-9.42782e-08 1.38657e-05 -0.000104183 2.37642e-05 -7.4796e-05 -0.000263387 -8.08058e-05
internal_weight=2.52128e+06 2.22313e+06 298157 2.01269e+06 251698 46459 210438
internal_count=2521284 2223127 298157 2012689 251698 46459 210438
is_linear=0
shrinkage=0.00720685


Tree=51
num_leaves=8
num_cat=0
split_feature=1 0 0 1 6 0 2
split_gain=73.6565 26.9194 15.4752 11.3611 8.83764 5.83934 5.68708
threshold=1.3405453562736513 -3.9171921014785762 0.4118101447820664 -2.1475105285644527 -0.54232448339462269 -5.3269441127777091 1.8647699952125552
decision_type=2 2 2 2 2 2 8
left_child=2 5 3 -1 -3 -2 -4
right_child=1 4 6 -5 -6 -7 -8
leaf_value=0.00077939405078554351 -0.00045881663044872721 -0.00013084370363880085 3.571342838227965e-05 -2.8656294749867113e-06 -3.5372703245677348e-05 -0.00024787722981430991 0.00049975692334336755
leaf_weight=964 9012 112113 849260 1432527 91431 28002 1373
leaf_count=964 9012 112113 849260 1432527 91431 28002 1373
internal_value=-5.21479e-07 -0.000120471 1.21113e-05 -2.33904e-06 -8.79591e-05 -0.000299247 3.6463e-05
internal_weight=2.52468e+06 240558 2.28412e+06 1.43349e+06 203544 37014 850633
internal_count=2524682 240558 2284124 1433491 203544 37014 850633
is_linear=0
shrinkage=0.00720685


Tree=52
num_leaves=8
num_cat=0
split_feature=1 18 0 18 2 0 18
split_gain=70.4475 40.6072 24.507 20.9498 9.40249 5.55336 5.2033
threshold=1.3405453562736513 -1.2079108357429502 -3.9171921014785762 0.27844011783599859 0.24082257598638537 -5.3269441127777091 -1.428301155567169
decision_type=2 10 2 10 10 2 10
left_child=1 6 5 -3 -4 -2 -1
right_child=2 3 4 -5 -6 -7 -8
leaf_value=-0.00011162876768476768 -0.00044181512268281483 4.0184912841820932e-05 -8.9759635032032332e-06 -7.3486410390805356e-06 -0.00011718211921247528 -0.00023708500473662925 -4.1907054015228742e-05
leaf_weight=121447 9125 1291893 58517 767794 145215 28016 102535
leaf_count=121447 9125 1291893 58517 767794 145215 28016 102535
internal_value=7.99383e-08 1.24441e-05 -0.000117142 2.24657e-05 -8.61029e-05 -0.000287395 -7.97118e-05
internal_weight=2.52454e+06 2.28367e+06 240873 2.05969e+06 203732 37141 223982
internal_count=2524542 2283669 240873 2059687 203732 37141 223982
is_linear=0
shrinkage=0.00720685


Tree=53
num_leaves=8
num_cat=0
split_feature=0 18 18 0 9 18 9
split_gain=70.0926 41.153 28.2788 9.86085 6.23893 4.99661 1.4695
threshold=-2.6062093973159786 -1.2079108357429502 0.35896287858486181 -5.3269441127777091 0.59943625330924999 -1.428301155567169 0.9976964294910432
decision_type=2 10 10 2 10 10 10
left_child=3 5 -3 6 -5 -2 -1
right_child=1 2 -4 4 -6 -7 -8
leaf_value=-0.00036809872267128715 -0.00011391798842246592 3.623514295530556e-05 -1.7448327734401358e-05 -0.00013843349997384811 -0.00028966025797055086 -4.7190673157317981e-05 -0.00055811542956681081
leaf_weight=5717 127405 1418177 795537 45661 20547 107441 3367
leaf_count=5717 127405 1418177 795537 45661 20547 107441 3367
internal_value=6.59813e-07 7.31977e-06 1.6943e-05 -0.000215925 -0.000185369 -8.3391e-05 -0.000438582
internal_weight=2.52385e+06 2.44856e+06 2.21371e+06 75292 66208 234846 9084
internal_count=2523852 2448560 2213714 75292 66208 234846 9084
is_linear=0
shrinkage=0.00720685


Tree=54
num_leaves=8
num_cat=0
split_feature=0 18 18 6 0 18 6
split_gain=66.4382 40.2581 24.4077 14.1545 7.95836 5.10779 2.92727
threshold=-2.0488433837890621 -1.2079108357429502 0.35896287858486181 -0.83237069845199574 -5.3269441127777091 -1.428301155567169 1.7242516875267031
decision_type=2 10 10 2 2 10 2
left_child=3 5 -3 4 -1 -2 -5
right_child=1 2 -4 6 -6 -7 -8
leaf_value=-0.00045604040356842076 -0.00011278588138183897 3.565718459572819e-05 -1.4653092298184385e-05 -6.9554809195696688e-05 -0.00021062242915576303 -4.5183289589648991e-05 0.00065006501350520956
leaf_weight=7744 126442 1407670 777467 36983 60337 107326 295
leaf_count=7744 126442 1407670 777467 36983 60337 107326 295
internal_value=4.23973e-07 8.14039e-06 1.77569e-05 -0.000176733 -0.000238544 -8.1749e-05 -6.38431e-05
internal_weight=2.52426e+06 2.4189e+06 2.18514e+06 105359 68081 233768 37278
internal_count=2524264 2418905 2185137 105359 68081 233768 37278
is_linear=0
shrinkage=0.00720685


Tree=55
num_leaves=8
num_cat=0
split_feature=1 0 0 23 11 23 0
split_gain=71.642 23.3326 15.7926 15.16 8.23358 8.01519 4.45838
threshold=1.3405453562736513 -3.9171921014785762 0.43415488302707678 -1.6508585810661314 4.364784002304078 -1.2990594506263731 -5.3269441127777091
decision_type=2 2 2 10 8 8 2
left_child=2 6 3 -1 -4 -3 -2
right_child=1 5 4 -5 -6 -7 -8
leaf_value=0.00029935241155710769 -0.00042217412051221483 0.00021156630507854714 3.6388036058685312e-05 -2.8419365660641625e-06 0.00027700015871839955 -9.436385502850437e-05 -0.00023879328439905352
leaf_weight=8672 9117 4549 794899 1473072 7455 198486 28173
leaf_count=8672 9117 4549 794899 1473072 7455 198486 28173
internal_value=4.18123e-07 -0.000117942 1.28716e-05 -1.07312e-06 3.8624e-05 -8.75084e-05 -0.000283638
internal_weight=2.52442e+06 240325 2.2841e+06 1.48174e+06 802354 203035 37290
internal_count=2524423 240325 2284098 1481744 802354 203035 37290
is_linear=0
shrinkage=0.00720685


Tree=56
num_leaves=8
num_cat=0
split_feature=0 0 23 6 11 23 0
split_gain=66.5523 22.3744 19.4421 13.3985 8.83437 6.34421 4.62048
threshold=-2.0488433837890621 0.35106180608272558 -1.6508585810661314 -2.1706140041351314 4.364784002304078 -1.2990594506263731 -5.3269441127777091
decision_type=2 2 10 2 8 8 2
left_child=3 2 -2 6 -3 -5 -1
right_child=1 4 -4 5 -6 -7 -8
leaf_value=-0.00046742756069252965 0.00032618491204307152 3.259438758514879e-05 -1.2142859511330346e-05 0.00029243965046550586 0.00027420072851807491 -0.00012689985871278757 -0.00024965621672126741
leaf_weight=5983 8876 982433 1420505 1929 7923 64525 32863
leaf_count=5983 8876 982433 1420505 1929 7923 64525 32863
internal_value=4.81335e-07 8.1997e-06 -1.00417e-05 -0.000176881 3.45276e-05 -0.000114723 -0.000283208
internal_weight=2.52504e+06 2.41974e+06 1.42938e+06 105300 990356 66454 38846
internal_count=2525037 2419737 1429381 105300 990356 66454 38846
is_linear=0
shrinkage=0.00720685


Tree=57
num_leaves=8
num_cat=0
split_feature=0 18 18 6 17 18 23
split_gain=65.6847 39.0322 23.8217 13.4657 6.96857 4.90749 4.25751
threshold=-2.0488433837890621 -1.2079108357429502 0.35896287858486181 -1.0401030182838438 0.51361033320426952 -1.428301155567169 -1.2690669894218443
decision_type=2 10 10 2 2 10 8
left_child=3 5 -3 4 -1 -2 -5
right_child=1 2 -4 6 -6 -7 -8
leaf_value=-0.00015447627208345154 -0.00011154845811287433 3.4567779255073239e-05 -1.5108752814592187e-05 0.0002990089141359711 -0.00030769694791683155 -4.5208191643962714e-05 -9.0690409120211586e-05
leaf_weight=26721 126473 1408953 778342 1509 36457 106848 40830
leaf_count=26721 126473 1408953 778342 1509 36457 106848 40830
internal_value=-2.34062e-07 7.43865e-06 1.68905e-05 -0.000176249 -0.000242896 -8.11687e-05 -7.67942e-05
internal_weight=2.52613e+06 2.42062e+06 2.1873e+06 105517 63178 233321 42339
internal_count=2526133 2420616 2187295 105517 63178 233321 42339
is_linear=0
shrinkage=0.00720685


Tree=58
num_leaves=8
num_cat=0
split_feature=1 18 0 0 6 9 20
split_gain=65.0506 37.4316 23.6725 17.4233 7.51724 6.68218 4.06722
threshold=1.2302513122558596 -1.2988172173500059 -3.4859867095947261 0.54412949085235607 -0.86302575469017018 0.49641615152359014 -0.47751282155513758
decision_type=2 10 2 2 2 10 8
left_child=1 6 5 -3 -4 -2 -1
right_child=2 3 4 -5 -6 -7 -8
leaf_value=-0.00012773054547410325 -0.00017919948304951012 9.6162607365254412e-06 -0.00012136364230294051 5.7867573431356063e-05 -3.8655289033308052e-05 -0.00035463523891835614 -5.7507178104396964e-05
leaf_weight=76459 27253 1551642 99135 518600 134533 19241 97428
leaf_count=76459 27253 1551642 99135 518600 134533 19241 97428
internal_value=2.46488e-07 1.3173e-05 -0.000103296 2.17033e-05 -7.37452e-05 -0.000251808 -8.83854e-05
internal_weight=2.52429e+06 2.24413e+06 280162 2.07024e+06 233668 46494 173887
internal_count=2524291 2244129 280162 2070242 233668 46494 173887
is_linear=0
shrinkage=0.00720685


Tree=59
num_leaves=8
num_cat=0
split_feature=0 0 5 9 6 9 17
split_gain=65.2733 21.1999 17.8886 13.6675 12.515 5.6536 5.17447
threshold=-2.3967850208282466 0.33816781640052801 inf 0.023835406638681892 -2.8984599113464351 0.67125055193901073 0.64274322986602794
decision_type=2 2 8 10 2 10 2
left_child=4 2 -2 -3 6 -6 -1
right_child=1 3 -4 -5 5 -7 -8
leaf_value=-0.00020383901961526342 -1.2146902659831213e-05 1.4027331613104447e-05 0.00055820278008615186 7.0641735984698956e-05 -9.7368895204025119e-05 -0.00025251509284421119 -0.00041863626277233287
leaf_weight=9623 1416129 694443 2861 325185 43751 16917 14773
leaf_count=9623 1416129 694443 2861 325185 43751 16917 14773
internal_value=1.70391e-07 7.0158e-06 -1.09966e-05 3.20832e-05 -0.000196072 -0.000140634 -0.000333922
internal_weight=2.52368e+06 2.43862e+06 1.41899e+06 1.01963e+06 85064 60668 24396
internal_count=2523682 2438618 1418990 1019628 85064 60668 24396
is_linear=0
shrinkage=0.00720685


Tree=60
num_leaves=8
num_cat=0
split_feature=1 0 0 9 19 9 17
split_gain=65.8259 24.3625 13.8605 12.8649 8.48241 6.49404 5.59906
threshold=1.2059779763221743 -3.9171921014785762 0.43415488302707678 0.12830629944801333 -1.6610651016235349 0.49641615152359014 0.75671586394310009
decision_type=2 2 2 10 8 10 2
left_child=2 6 4 -4 -1 -3 -2
right_child=1 5 3 -5 -6 -7 -8
leaf_value=0.00028816174217824892 -0.00019086670443696285 -5.8547135194155113e-05 2.2219543666409921e-05 9.4071470211268604e-05 -1.7266498417350304e-06 -0.00014854625883080068 -0.00036781947950039899
leaf_weight=5261 19603 199736 639675 162254 1427356 52611 17657
leaf_count=5261 19603 199736 639675 162254 1427356 52611 17657
internal_value=-4.82309e-07 -0.000102712 1.27671e-05 3.67574e-05 -6.61885e-07 -7.73113e-05 -0.00027473
internal_weight=2.52415e+06 289607 2.23455e+06 801929 1.43262e+06 252347 37260
internal_count=2524153 289607 2234546 801929 1432617 252347 37260
is_linear=0
shrinkage=0.00720685


Tree=61
num_leaves=8
num_cat=0
split_feature=1 0 5 0 0 2 17
split_gain=68.7363 22.7476 19.348 15.3707 14.7838 8.58346 5.4533
threshold=1.3405453562736513 -3.9171921014785762 inf 0.43415488302707678 -0.068946551531553255 0.21286757290363315 0.80988243222236644
decision_type=2 2 8 2 2 10 2
left_child=2 6 3 -1 -4 -3 -2
right_child=1 5 4 -5 -6 -7 -8
leaf_value=-2.3832829468209052e-06 -0.00020072036848289211 -1.1009987573529931e-05 0.0022179551030047056 3.6815117981867784e-05 0.00043711065297877391 -0.00011543282233832976 -0.00037663934522946596
leaf_weight=1479021 20145 56787 266 800941 2616 146007 16780
leaf_count=1479021 20145 56787 266 800941 2616 146007 16780
internal_value=-5.77291e-08 -0.00011615 1.2133e-05 1.13869e-05 0.000602159 -8.61923e-05 -0.000280672
internal_weight=2.52256e+06 239719 2.28284e+06 2.27996e+06 2882 202794 36925
internal_count=2522563 239719 2282844 2279962 2882 202794 36925
is_linear=0
shrinkage=0.00720685


Tree=62
num_leaves=8
num_cat=0
split_feature=1 18 0 18 23 9 18
split_gain=63.8938 37.7231 26.0863 19.0518 9.67418 6.82966 4.36296
threshold=1.2059779763221743 -1.2254478931427 -3.4859867095947261 0.26569749414920812 -1.2990594506263731 0.59943625330924999 -1.428301155567169
decision_type=2 10 2 10 8 10 10
left_child=1 6 5 -3 -4 -2 -1
right_child=2 3 4 -5 -6 -7 -8
leaf_value=-0.00010718783593822563 -0.00018912279148936887 3.9782530272153911e-05 0.00023090681287358527 -5.9656247056928156e-06 -7.7549139553677139e-05 -0.00036957294907237953 -4.1059572248331262e-05
leaf_weight=119468 28881 1270666 5400 752979 237880 17496 91521
leaf_count=119468 28881 1270666 5400 752979 237880 17496 91521
internal_value=1.44901e-07 1.31989e-05 -0.000100563 2.27601e-05 -7.07015e-05 -0.000257205 -7.85037e-05
internal_weight=2.52429e+06 2.23463e+06 289657 2.02364e+06 243280 46377 210989
internal_count=2524291 2234634 289657 2023645 243280 46377 210989
is_linear=0
shrinkage=0.00720685


Tree=63
num_leaves=8
num_cat=0
split_feature=1 23 1 9 11 23 9
split_gain=62.6733 17.6974 16.1358 13.5111 10.5747 6.72097 5.91132
threshold=1.3405453562736513 inf 2.2122724056243901 -0.41863127052783961 0.52070933580398571 -1.2690669894218443 0.30965749919414526
decision_type=2 8 2 8 8 8 10
left_child=1 3 5 -1 -3 -2 -4
right_child=2 4 6 -5 -6 -7 -8
leaf_value=-3.3142628873920924e-05 0.00019341872108205601 0.00013773381755688874 -0.00014860469458279418 1.7621455572544732e-05 0.00099050267839887406 -8.4976794036706416e-05 -0.00029519604538206666
leaf_weight=316097 4620 1517 30908 1965900 1504 177999 26577
leaf_count=316097 4620 1517 30908 1965900 1504 177999 26577
internal_value=-3.19009e-07 1.13196e-05 -0.000111081 1.05897e-05 0.000562469 -7.79327e-05 -0.000216382
internal_weight=2.52512e+06 2.28502e+06 240104 2.282e+06 3021 182619 57485
internal_count=2525122 2285018 240104 2281997 3021 182619 57485
is_linear=0
shrinkage=0.00720685


Tree=64
num_leaves=8
num_cat=0
split_feature=0 1 5 9 3 23 5
split_gain=60.8917 21.5892 17.5393 12.5212 9.56994 7.45035 3.86912
threshold=-2.0488433837890621 0.77329072356224071 inf 0.59943625330924999 1.3861171007156374 -1.2990594506263731 1.4983618855476382
decision_type=2 2 8 10 8 8 10
left_child=3 2 -2 5 -3 -1 -5
right_child=1 4 -4 6 -6 -7 -8
leaf_value=0.0003330683585784567 1.6310386222561746e-05 -4.4515530878592473e-05 0.00058030555284805079 -0.0002333480594960141 0.00030087582201794398 -0.00012955341462191381 -0.00040262403430855207
leaf_weight=1854 2017834 395208 2867 21287 4210 71603 10465
leaf_count=1854 2017834 395208 2867 21287 4210 71603 10465
internal_value=1.62318e-07 7.54095e-06 1.71109e-05 -0.000169566 -4.08742e-05 -0.000117873 -0.00028915
internal_weight=2.52533e+06 2.42012e+06 2.0207e+06 105209 399418 73457 31752
internal_count=2525328 2420119 2020701 105209 399418 73457 31752
is_linear=0
shrinkage=0.00720685


Tree=65
num_leaves=8
num_cat=0
split_feature=1 0 0 1 11 2 0
split_gain=59.3649 16.1082 15.5832 13.529 8.88196 6.39484 4.49785
threshold=1.5337707400321963 -3.9171921014785762 0.43415488302707678 -2.1475105285644527 4.364784002304078 0.26899148523807531 -5.3269441127777091
decision_type=2 2 2 2 8 10 2
left_child=2 6 3 -1 -4 -3 -2
right_child=1 5 4 -5 -6 -7 -8
leaf_value=0.00083567370752470407 -0.00039929511089941875 -1.3402011305770368e-05 3.407050917205704e-05 -3.3007772706270807e-06 0.0002817666896537605 -0.00012007132570326946 -0.00021388337064145039
leaf_weight=998 9022 40414 794111 1540765 7590 105117 27563
leaf_count=998 9022 40414 794111 1540765 7590 105117 27563
internal_value=9.03587e-07 -0.000124435 1.0644e-05 -2.75717e-06 3.64159e-05 -9.04497e-05 -0.000259616
internal_weight=2.52558e+06 182116 2.34346e+06 1.54176e+06 801701 145531 36585
internal_count=2525580 182116 2343464 1541763 801701 145531 36585
is_linear=0
shrinkage=0.00720685


Tree=66
num_leaves=8
num_cat=0
split_feature=0 18 0 9 6 18 6
split_gain=57.702 38.8351 23.8203 10.2189 6.88194 4.58243 4.12783
threshold=-2.6062093973159786 -1.2607534527778623 0.34675195813179022 0.59943625330924999 -0.62538212537765492 -2.2109074592590328 -3.5514920949935909
decision_type=2 10 2 10 2 8 2
left_child=3 5 -3 4 -1 -2 -5
right_child=1 2 -4 6 -6 -7 -8
leaf_value=-0.00018963612457441553 6.2745563374729636e-05 -4.1015240146373081e-06 4.3838017283310846e-05 -0.0004703718140032928 -2.4641946700260352e-06 -9.6237856226419972e-05 -0.00025985936069521527
leaf_weight=36293 9893 1347217 896606 6570 14193 195126 18378
leaf_count=36293 9893 1347217 896606 6570 14193 195126 18378
internal_value=3.31798e-07 6.37934e-06 1.50546e-05 -0.000195989 -0.000137018 -8.85659e-05 -0.000315314
internal_weight=2.52428e+06 2.44884e+06 2.24382e+06 75434 50486 205019 24948
internal_count=2524276 2448842 2243823 75434 50486 205019 24948
is_linear=0
shrinkage=0.00720685


Tree=67
num_leaves=8
num_cat=0
split_feature=0 0 6 19 0 2 2
split_gain=57.1373 17.4558 14.2075 10.9036 8.95058 6.41631 3.59517
threshold=-1.7981104254722593 0.3817370086908341 -0.43502788245677942 -1.6610651016235349 -3.9171921014785762 1.8647699952125552 2.2588859796524052
decision_type=2 2 2 8 2 8 8
left_child=2 3 4 -2 -1 -3 -4
right_child=1 5 6 -5 -6 -7 -8
leaf_value=-0.00029748737670299159 0.0002986721210373667 3.1670611545988315e-05 -3.5159051623629904e-05 -8.7956332737421982e-06 -0.00014609385174234001 0.00049264974426695585 0.0006706630914323638
leaf_weight=31256 6014 916183 34401 1473993 57786 1570 378
leaf_count=31256 6014 916183 34401 1473993 57786 1570 378
internal_value=-2.95118e-08 7.76635e-06 -0.000150993 -7.54603e-06 -0.00019924 3.24597e-05 -2.7469e-05
internal_weight=2.52158e+06 2.39776e+06 123821 1.48001e+06 89042 917753 34779
internal_count=2521581 2397760 123821 1480007 89042 917753 34779
is_linear=0
shrinkage=0.00720685


Tree=68
num_leaves=8
num_cat=0
split_feature=1 0 0 5 9 2 9
split_gain=59.0899 20.5499 14.2875 14.5799 13.2563 7.75577 6.17261
threshold=1.3405453562736513 -3.4859867095947261 0.43415488302707678 inf 0.023835406638681892 0.23139057308435443 0.30965749919414526
decision_type=2 2 2 8 10 10 10
left_child=2 6 3 -1 -4 -3 -2
right_child=1 5 4 -5 -6 -7 -8
leaf_value=-3.2446637751361428e-06 -0.00016143154663186788 -3.8854768147724283e-06 1.6147820467124982e-05 0.00051101529500776851 7.9878068195673497e-05 -0.00010436398542932754 -0.00032791096494884023
leaf_weight=1479444 23250 56168 557538 2868 243582 137762 23029
leaf_count=1479444 23250 56168 557538 2868 243582 137762 23029
internal_value=-3.07183e-07 -0.000107827 1.10035e-05 -2.24932e-06 3.55252e-05 -7.52627e-05 -0.000244279
internal_weight=2.52364e+06 240209 2.28343e+06 1.48231e+06 801120 193930 46279
internal_count=2523641 240209 2283432 1482312 801120 193930 46279
is_linear=0
shrinkage=0.00720685


Tree=69
num_leaves=8
num_cat=0
split_feature=1 5 6 1 6 9 9
split_gain=59.122 14.9721 14.1535 12.7631 7.92494 6.50734 4.00422
threshold=1.6092709898948672 inf -2.8984599113464351 0.77329072356224071 -0.86302575469017018 0.38386715948581701 0.76732543110847484
decision_type=2 8 2 2 2 10 10
left_child=1 3 6 -1 -3 -4 -2
right_child=2 4 5 -5 -6 -7 -8
leaf_value=1.5360141678676629e-05 -0.00021774209417546904 0.0011757382908195648 -6.567229503395761e-05 -3.2328034840884477e-05 0.00030921034362886546 -0.00017594270224158777 -0.00039613201519381593
leaf_weight=2017286 22958 721 90293 340723 2283 40159 9140
leaf_count=2017286 22958 721 90293 340723 2283 40159 9140
internal_value=-3.56322e-08 9.11724e-06 -0.000132979 8.46937e-06 0.000517501 -9.96197e-05 -0.00026855
internal_weight=2.52356e+06 2.36101e+06 162550 2.35801e+06 3004 130452 32098
internal_count=2523563 2361013 162550 2358009 3004 130452 32098
is_linear=0
shrinkage=0.00720685


Tree=70
num_leaves=8
num_cat=0
split_feature=1 1 5 11 23 16 22
split_gain=57.0877 16.2558 14.4955 8.60515 8.58726 7.05252 3.50562
threshold=1.2059779763221743 2.2122724056243901 inf 1.5406979918479922 -1.2990594506263731 -0.0065289067570120088 -2.2022689580917354
decision_type=2 2 8 8 10 2 8
left_child=2 4 3 -1 -2 -4 -3
right_child=1 6 5 -5 -6 -7 -8
leaf_value=7.6303325943523444e-06 0.00022276900952352495 0.00062819218310733883 0.00013944105862754994 6.1278347952944322e-05 -7.4956092850083083e-05 0.00084873952263338031 -0.00020750489513357339
leaf_weight=2061403 5145 261 1361 167940 226658 1566 57258
leaf_count=2061403 5145 261 1361 167940 226658 1566 57258
internal_value=-7.83761e-09 -9.5257e-05 1.23373e-05 1.16718e-05 -6.83469e-05 0.000519089 -0.000203702
internal_weight=2.52159e+06 289322 2.23227e+06 2.22934e+06 231803 2927 57519
internal_count=2521592 289322 2232270 2229343 231803 2927 57519
is_linear=0
shrinkage=0.00720685


end of trees

feature_importances:
LOW_TURNOVER=114
IMAX60=108
LN_TURNOVER=60
CONSEC_UP5=57
OBV_CHG_20=42
VSTD5=35
KLOW=22
CORR20=17
CNTD10=11
MAX_DD60=11
AMIHUD_20=6
Q_SALES_YOY=3
VOL_CV20=2
EP=2
WVMA30=2
NEG_SKEW_20=2
RET_AMT_CORR20=1
CORR60=1
CNTD60=1

parameters:
[boosting: gbdt]
[objective: regression]
[metric: l2]
[tree_learner: serial]
[device_type: cpu]
[data_sample_strategy: bagging]
[data: ]
[valid: ]
[num_iterations: 1000]
[learning_rate: 0.00720685]
[num_leaves: 43]
[num_threads: 8]
[seed: 42]
[deterministic: 0]
[force_col_wise: 0]
[force_row_wise: 0]
[histogram_pool_size: -1]
[max_depth: 3]
[min_data_in_leaf: 76]
[min_sum_hessian_in_leaf: 0.001]
[bagging_fraction: 0.712041]
[pos_bagging_fraction: 1]
[neg_bagging_fraction: 1]
[bagging_freq: 1]
[bagging_seed: 400]
[bagging_by_query: 0]
[feature_fraction: 0.587027]
[feature_fraction_bynode: 1]
[feature_fraction_seed: 30056]
[extra_trees: 0]
[extra_seed: 12879]
[early_stopping_round: 0]
[early_stopping_min_delta: 0]
[first_metric_only: 0]
[max_delta_step: 0]
[lambda_l1: 0.0035701]
[lambda_l2: 0.944352]
[linear_lambda: 0]
[min_gain_to_split: 0]
[drop_rate: 0.1]
[max_drop: 50]
[skip_drop: 0.5]
[xgboost_dart_mode: 0]
[uniform_drop: 0]
[drop_seed: 17869]
[top_rate: 0.2]
[other_rate: 0.1]
[min_data_per_group: 100]
[max_cat_threshold: 32]
[cat_l2: 10]
[cat_smooth: 10]
[max_cat_to_onehot: 4]
[top_k: 20]
[monotone_constraints: ]
[monotone_constraints_method: basic]
[monotone_penalty: 0]
[feature_contri: ]
[forcedsplits_filename: ]
[refit_decay_rate: 0.9]
[cegb_tradeoff: 1]
[cegb_penalty_split: 0]
[cegb_penalty_feature_lazy: ]
[cegb_penalty_feature_coupled: ]
[path_smooth: 0]
[interaction_constraints: ]
[verbosity: -1]
[saved_feature_importance_type: 0]
[use_quantized_grad: 0]
[num_grad_quant_bins: 4]
[quant_train_renew_leaf: 0]
[stochastic_rounding: 1]
[linear_tree: 0]
[max_bin: 255]
[max_bin_by_feature: ]
[min_data_in_bin: 3]
[bin_construct_sample_cnt: 200000]
[data_random_seed: 175]
[is_enable_sparse: 1]
[enable_bundle: 1]
[use_missing: 1]
[zero_as_missing: 0]
[feature_pre_filter: 1]
[pre_partition: 0]
[two_round: 0]
[header: 0]
[label_column: ]
[weight_column: ]
[group_column: ]
[ignore_column: ]
[categorical_feature: ]
[forcedbins_filename: ]
[precise_float_parser: 0]
[parser_config_file: ]
[objective_seed: 16083]
[num_class: 1]
[is_unbalance: 0]
[scale_pos_weight: 1]
[sigmoid: 1]
[boost_from_average: 1]
[reg_sqrt: 0]
[alpha: 0.9]
[fair_c: 1]
[poisson_max_delta_step: 0.7]
[tweedie_variance_power: 1.5]
[lambdarank_truncation_level: 30]
[lambdarank_norm: 1]
[label_gain: ]
[lambdarank_position_bias_regularization: 0]
[eval_at: ]
[multi_error_top_k: 1]
[auc_mu_weights: ]
[num_machines: 1]
[local_listen_port: 12400]
[time_out: 120]
[machine_list_filename: ]
[machines: ]
[gpu_platform_id: -1]
[gpu_device_id: -1]
[gpu_use_dp: 0]
[num_gpu: 1]

end of parameters

pandas_categorical:[]
