tree
version=v4
num_class=1
num_tree_per_iteration=1
label_index=0
max_feature_idx=25
objective=regression
feature_names=LOW_TURNOVER LN_TURNOVER INTRADAY_REV10 CORD20 RET_AMT_CORR20 VOL_CV20 CORD60 MACD_LINE AMIHUD_20 REV60 RET_VOL_CORR5 CORD5 CORR60 VOL_OF_VOL_20 VOL_PRICE_DIVERGENCE BP UP_DOWN_RATIO20 EP MAX_DD60 CURRENT_RATIO NEG_SKEW_20 VSTD5 CNTD5 Q_SALES_YOY CNTD60 ROE_YOY
feature_infos=[-6.6657333374023438:3.6056969165802002] [-4.0847921371459961:4.1020030975341797] [-5.7672796249389648:4.414677619934082] [-3.824613094329834:3.4779374599456787] [-3.494281530380249:3.8683738708496094] [-6.7287721633911133:2.8821535110473633] [-3.710458517074585:3.9259741306304932] [-7.7306256294250488:7.1439361572265625] [-2.8458011150360107:7.265955924987793] [-5.8076047897338867:5.0236539840698242] [-3.207127571105957:3.697425365447998] [-3.7214336395263672:3.294628381729126] [-4.3501482009887695:3.5021579265594482] [-6.5609102249145508:3.1194338798522949] [-3.4253454208374023:3.5982351303100586] [-4.8315534591674805:7.3778591156005859] [-4.2242236137390137:8.1822996139526367] [-5.4863119125366211:7.2269930839538574] [-3.4542796611785889:6.9394841194152832] [-2.4230296611785889:6.8983535766601562] [-4.0532684326171875:3.8508138656616211] [-3.5602200031280518:6.2015190124511719] [-4.6177153587341309:4.2828583717346191] [-4.8106241226196289:7.0048236846923828] [-3.5736846923828125:3.6893355846405029] [-7.7171740531921387:7.1373438835144043]
tree_sizes=947 961 937 949 953 972 949 972 949 967 975 953 949 986 967 968 951 974 950 966 969 948 961 951 969 968 959 948 946 962 972 950 966 948 951 973 967 966 950 970 954 937 979 984 945 940 949 972 955 943 951 961 971 954 977 970 971 942 965 964 963 951 970 949 964 955 968 978 973 961 961 964 961 962 963 979 964 972

Tree=0
num_leaves=8
num_cat=0
split_feature=1 2 1 7 2 1 2
split_gain=122.931 32.0977 21.7413 11.0029 9.66278 5.6112 5.08392
threshold=1.6900678873062136 -1.9818097352981565 0.7909819781780244 1.5032096505165102 -0.5871371030807494 2.3609969615936284 -0.40585836768150324
decision_type=2 2 2 2 2 2 2
left_child=2 5 3 -1 -4 -2 -3
right_child=1 6 4 -5 -6 -7 -8
leaf_value=0.00048944877415222352 0.00015085255244887233 0.00027309934935836397 0.00037432131953229076 0.00038909237078151899 0.00045350888912624619 -2.531869245791851e-05 0.00037803309606698987
leaf_weight=1888892 22748 49631 126933 58499 216620 16005 46407
leaf_count=1888892 22748 49631 126933 58499 216620 16005 46407
internal_value=0.000464664 0.000253155 0.000477109 0.000486434 0.000424251 7.8083e-05 0.000323803
internal_weight=2.42574e+06 134791 2.29094e+06 1.94739e+06 343553 38753 96038
internal_count=2425735 134791 2290944 1947391 343553 38753 96038
is_linear=0
shrinkage=1


Tree=1
num_leaves=8
num_cat=0
split_feature=7 15 18 11 18 18 18
split_gain=42.4065 21.3716 16.4313 12.3881 9.49598 9.11363 2.46814
threshold=1.0418766736984255 -0.13278328627347943 0.79363057017326366 inf 2.0529246330261235 3.3031595945358281 -1.3508642911911009
decision_type=2 2 10 8 10 10 10
left_child=1 4 6 -3 -1 -4 -2
right_child=2 3 5 -5 -6 -7 -8
leaf_value=-1.0775820989022636e-05 8.6641953597903508e-05 2.8789894412725606e-05 -0.00018578798527975747 0.00071805013342318344 -0.00012908231195227516 -0.00053231160642579667 -6.6869741406445365e-05
leaf_weight=1081631 5790 1150574 54160 1355 36424 4251 89694
leaf_count=1081631 5790 1150574 54160 1355 36424 4251 89694
internal_value=-3.32928e-08 7.81558e-06 -0.000115805 2.96013e-05 -1.46301e-05 -0.000211016 -5.756e-05
internal_weight=2.42388e+06 2.26998e+06 153895 1.15193e+06 1.11806e+06 58411 95484
internal_count=2423879 2269984 153895 1151929 1118055 58411 95484
is_linear=0
shrinkage=0.00720685


Tree=2
num_leaves=8
num_cat=0
split_feature=1 7 21 9 1 9 17
split_gain=123.26 21.0434 21.3262 18.4999 7.70621 5.65074 3.27593
threshold=1.7357463240623476 1.3033215999603274 inf -1.052156865596771 2.4857174158096318 2.2468783855438237 0.24795800447463992
decision_type=2 2 8 8 2 10 2
left_child=1 2 -1 4 -2 -5 -3
right_child=3 6 -4 5 -6 -7 -8
leaf_value=1.6514476601876808e-05 -0.0002699012605073014 -0.00011462163092696257 0.00068682884816281668 -0.00015420929844215002 -0.00046668392889044201 0.00047581511223086776 -1.7288781074421261e-05
leaf_weight=2198645 35683 73769 2467 73564 14556 746 23741
leaf_count=2198645 35683 73769 2467 73564 14556 746 23741
internal_value=7.1177e-07 1.26765e-05 1.72661e-05 -0.000220102 -0.000326924 -0.000147878 -9.09244e-05
internal_weight=2.42317e+06 2.29862e+06 2.20111e+06 124549 50239 74310 97510
internal_count=2423171 2298622 2201112 124549 50239 74310 97510
is_linear=0
shrinkage=0.00720685


Tree=3
num_leaves=8
num_cat=0
split_feature=1 1 21 1 7 7 7
split_gain=123.567 23.313 19.6213 15.4107 11.2985 7.32013 4.84479
threshold=1.7357463240623476 0.49821889400482183 inf 2.3609969615936284 0.76284751296043407 0.62058025598526012 0.26579372584819799
decision_type=2 2 8 2 2 2 2
left_child=1 2 -1 5 -3 -2 -5
right_child=3 4 -4 6 -6 -7 -8
leaf_value=2.3843769019754501e-05 -0.00012725689176549596 -1.6065995791738641e-05 0.00063880501646460929 -0.00024503555229762208 -0.00011149661998448146 -0.00027734636006761964 -0.00040865967647594434
leaf_weight=1745613 63478 475953 2698 16156 74526 22992 22496
leaf_count=1745613 63478 475953 2698 16156 74526 22992 22496
internal_value=-8.98964e-08 1.19149e-05 2.47931e-05 -0.000220646 -2.8986e-05 -0.000167168 -0.000340275
internal_weight=2.42391e+06 2.29879e+06 1.74831e+06 125122 550479 86470 38652
internal_count=2423912 2298790 1748311 125122 550479 86470 38652
is_linear=0
shrinkage=0.00720685


Tree=4
num_leaves=8
num_cat=0
split_feature=1 1 15 21 7 7 7
split_gain=118.992 20.301 17.496 20.0696 10.855 6.93743 4.50223
threshold=1.5650154352188113 2.2593480348587041 -0.12539760023355481 inf 1.3033215999603274 0.3738210797309876 0.38261003792285925
decision_type=2 2 2 8 2 2 2
left_child=2 5 4 -4 -1 -2 -3
right_child=1 6 3 -5 -6 -7 -8
leaf_value=-8.2733508166661587e-07 -9.3378021040847341e-05 -0.0002442204988400022 3.219193755389411e-05 0.00068933800715205939 -9.5225253109259907e-05 -0.00020942288233260451 -0.0003839168356894883
leaf_weight=1047569 73187 24637 1142539 2418 67336 42180 23348
leaf_count=1047569 73187 24637 1142539 2418 67336 42180 23348
internal_value=2.14633e-07 -0.000187625 1.37925e-05 3.35803e-05 -6.52871e-06 -0.000135807 -0.000312199
internal_weight=2.42321e+06 163352 2.25986e+06 1.14496e+06 1.1149e+06 115367 47985
internal_count=2423214 163352 2259862 1144957 1114905 115367 47985
is_linear=0
shrinkage=0.00720685


Tree=5
num_leaves=8
num_cat=0
split_feature=1 2 2 25 1 1 1
split_gain=117.142 30.6782 20.7912 10.9071 10.4252 7.23352 4.47176
threshold=1.6900678873062136 -1.6630463004112241 -0.68273788690567005 0.016938700340688232 0.92545902729034435 2.4857174158096318 2.3609969615936284
decision_type=2 2 2 10 2 2 2
left_child=2 5 4 -4 -1 -2 -3
right_child=1 6 3 -5 -6 -7 -8
leaf_value=-1.5161981204492608e-05 -0.00029553138535660001 -9.8954661313639715e-05 3.0209777994469475e-06 3.7197635516918878e-05 -0.00010345791572151386 -0.00048869674712548642 -0.00022150356357756898
leaf_weight=249499 32531 67204 926524 1017748 96245 14589 20089
leaf_count=249499 32531 67204 926524 1017748 96245 14589 20089
internal_value=-3.82785e-07 -0.000207155 1.17539e-05 2.09111e-05 -3.97413e-05 -0.000355347 -0.00012716
internal_weight=2.42443e+06 134413 2.29002e+06 1.94427e+06 345744 47120 87293
internal_count=2424429 134413 2290016 1944272 345744 47120 87293
is_linear=0
shrinkage=0.00720685


Tree=6
num_leaves=8
num_cat=0
split_feature=1 2 0 21 9 0 9
split_gain=116.891 28.8026 27.8278 16.7886 8.97749 8.86948 6.21746
threshold=1.7357463240623476 -1.9818097352981565 0.4316209107637406 inf 1.121832609176636 -4.2638485431671134 -0.91480895876884449
decision_type=2 2 2 8 8 2 8
left_child=2 5 3 -1 -4 -2 -3
right_child=1 6 4 -5 -6 -7 -8
leaf_value=-7.5667540958866751e-06 -0.00052553560180767101 -0.00022680347618428339 5.4871267452779233e-05 0.00055594878666076356 -2.3789509041248632e-05 -0.00029568463762419769 -9.9728812722953611e-05
leaf_weight=1514000 14183 30748 697762 2750 84481 22653 57209
leaf_count=1514000 14183 30748 697762 2750 84481 22653 57209
internal_value=-1.98636e-07 -0.000215011 1.14618e-05 -6.54469e-06 4.6376e-05 -0.000384196 -0.000144154
internal_weight=2.42379e+06 124793 2.29899e+06 1.51675e+06 782243 36836 87957
internal_count=2423786 124793 2298993 1516750 782243 36836 87957
is_linear=0
shrinkage=0.00720685


Tree=7
num_leaves=8
num_cat=0
split_feature=1 2 0 2 0 0 17
split_gain=116.6 33.4427 24.918 12.7783 11.3926 6.15746 5.17377
threshold=1.603351414203644 -1.9818097352981565 0.45018507540225988 -0.5871371030807494 -4.2638485431671134 -3.7393279075622554 -0.80038720369338978
decision_type=2 2 2 2 2 2 2
left_child=2 4 3 -1 -2 -3 -4
right_child=1 5 6 -5 -6 -7 -8
leaf_value=-4.4703613074097587e-05 -0.00052989799730356892 -0.00024035235362562717 -3.1976346983491671e-07 6.5452625652364614e-06 -0.00027987178162814042 -0.00010226307435492359 5.4364233437827204e-05
leaf_weight=319651 14473 20537 104555 1206331 27373 91487 639429
leaf_count=319651 14473 20537 104555 1206331 27373 91487 639429
internal_value=-5.31521e-07 -0.00019252 1.24825e-05 -4.18996e-06 -0.000366357 -0.000127581 4.66793e-05
internal_weight=2.42384e+06 153870 2.26997e+06 1.52598e+06 41846 112024 743984
internal_count=2423836 153870 2269966 1525982 41846 112024 743984
is_linear=0
shrinkage=0.00720685


Tree=8
num_leaves=8
num_cat=0
split_feature=0 0 21 0 17 23 20
split_gain=112.785 29.2147 17.3888 16.6564 5.28734 5.17864 4.6201
threshold=-2.259845376014709 0.4316209107637406 inf -4.2638485431671134 -0.80038720369338978 0.060245845466852195 1.1730349659919741
decision_type=2 2 8 2 2 8 8
left_child=3 2 -2 5 -3 -1 -5
right_child=1 4 -4 6 -6 -7 -8
leaf_value=-0.00047996298727568293 -9.101025874767684e-06 -1.5808348308793616e-07 0.00055794248727668067 -0.00019936413245372843 5.3526838264553985e-05 -0.00028814910392793583 5.4071781806926697e-05
leaf_weight=15939 1549927 111024 2813 55134 672092 13518 4007
leaf_count=15939 1549927 111024 2813 55134 672092 13518 4007
internal_value=4.53792e-07 1.00269e-05 -8.07339e-06 -0.000251936 4.59158e-05 -0.000391951 -0.000182192
internal_weight=2.42445e+06 2.33586e+06 1.55274e+06 88598 783116 29457 59141
internal_count=2424454 2335856 1552740 88598 783116 29457 59141
is_linear=0
shrinkage=0.00720685


Tree=9
num_leaves=8
num_cat=0
split_feature=1 2 1 15 2 1 9
split_gain=111.314 27.9382 22.5035 13.7704 11.6168 5.46679 5.36499
threshold=1.7357463240623476 -1.6630463004112241 0.77562212944030773 -0.12539760023355481 -0.68273788690567005 2.4857174158096318 2.2468783855438237
decision_type=2 2 2 2 2 2 10
left_child=2 5 3 -1 -4 -2 -3
right_child=1 6 4 -5 -6 -7 -8
leaf_value=5.0360562489798029e-07 -0.0002986482730544124 -0.0001340021566254265 -9.7737514272053385e-05 3.9018592129006219e-05 -1.1552042659557097e-05 -0.00046895827511871286 0.00056711155053386884
leaf_weight=904870 30336 79776 123167 1032070 238556 14462 570
leaf_count=904870 30336 79776 123167 1032070 238556 14462 570
internal_value=-1.14451e-07 -0.00020943 1.12812e-05 2.10258e-05 -4.08985e-05 -0.000353638 -0.000129021
internal_weight=2.42381e+06 125144 2.29866e+06 1.93694e+06 361723 44798 80346
internal_count=2423807 125144 2298663 1936940 361723 44798 80346
is_linear=0
shrinkage=0.00720685


Tree=10
num_leaves=8
num_cat=0
split_feature=0 0 2 2 0 2 17
split_gain=107.232 26.9349 26.4351 15.3205 8.46114 6.30139 4.93769
threshold=-1.9383842349052427 0.44534561038017279 -1.9818097352981565 -0.69987833499908436 -4.2638485431671134 -0.12782672047615048 -0.81121373176574696
decision_type=2 2 2 2 2 2 2
left_child=2 3 4 -2 -1 -4 -3
right_child=1 6 5 -5 -6 -7 -8
leaf_value=-0.00051570572912860622 -5.3717924317100223e-05 -2.8618972835892652e-07 -0.00019282409635997224 4.2974267560739424e-06 -0.0002899068803754063 -5.2555189612860692e-05 5.3317703540689273e-05
leaf_weight=14592 290438 103447 46420 1271016 21074 25926 650432
leaf_count=14592 290438 103447 46420 1271016 21074 25926 650432
internal_value=2.31528e-07 1.05861e-05 -0.000221725 -6.49372e-06 -0.0003823 -0.000142559 4.59622e-05
internal_weight=2.42334e+06 2.31533e+06 108012 1.56145e+06 35666 72346 753879
internal_count=2423345 2315333 108012 1561454 35666 72346 753879
is_linear=0
shrinkage=0.00720685


Tree=11
num_leaves=8
num_cat=0
split_feature=9 18 21 15 18 18 18
split_gain=56.0344 35.6861 19.0434 17.2121 10.1118 6.63348 4.53072
threshold=-0.91480895876884449 -0.45565836131572718 inf -0.12539760023355481 3.0273936986923222 1.2180353999137881 -1.0452624559402464
decision_type=8 10 8 2 10 8 10
left_child=1 6 3 -2 -3 -4 -1
right_child=2 4 5 -5 -6 -7 -8
leaf_value=0.00019914900185296502 -8.844343851832426e-06 -0.00011102849795346594 2.6977492940343457e-05 3.2251915435169793e-05 -0.00029506291872423678 0.00093969260539428082 4.4151531955224991e-05
leaf_weight=16434 1024292 245083 564 1095375 16554 1551 24248
leaf_count=16434 1024292 245083 564 1095375 16554 1551 24248
internal_value=-4.11686e-09 -9.17981e-05 1.3075e-05 1.23929e-05 -0.000122674 0.000696435 0.000106768
internal_weight=2.4241e+06 302319 2.12178e+06 2.11967e+06 261637 2115 40682
internal_count=2424101 302319 2121782 2119667 261637 2115 40682
is_linear=0
shrinkage=0.00720685


Tree=12
num_leaves=8
num_cat=0
split_feature=0 0 0 21 7 19 25
split_gain=106.476 26.3218 19.4519 17.0477 5.68912 5.1426 4.49752
threshold=-2.086753129959106 0.44534561038017279 -4.2638485431671134 inf 0.76284751296043407 -0.48150885105133051 0.25868403911590582
decision_type=2 2 2 8 2 8 8
left_child=2 3 6 -2 -4 -3 -1
right_child=1 5 4 -5 -6 -7 -8
leaf_value=-0.00044871799025005254 -7.4812795608293116e-06 7.3786681501206272e-05 -0.00013095363045985186 0.00055596942639764952 -0.00028926616052335594 3.2874195680446501e-05 -0.00025826429222067736
leaf_weight=19860 1568689 229389 53936 2793 15089 524327 9539
leaf_count=19860 1568689 229389 53936 2793 15089 524327 9539
internal_value=4.85309e-07 1.03132e-05 -0.00023169 -6.47951e-06 -0.000165565 4.53258e-05 -0.000386933
internal_weight=2.42362e+06 2.3252e+06 98424 1.57148e+06 69025 753716 29399
internal_count=2423622 2325198 98424 1571482 69025 753716 29399
is_linear=0
shrinkage=0.00720685


Tree=13
num_leaves=8
num_cat=0
split_feature=9 18 15 12 18 25 18
split_gain=57.5193 25.0048 19.6138 12.3117 8.2745 7.47704 3.63854
threshold=-1.4030374288558958 -0.37128064036369318 -0.12539760023355481 0.55765411257743847 3.0273936986923222 0.11761582642793657 -1.2157860994338987
decision_type=8 10 2 8 8 10 10
left_child=1 6 5 -4 -3 -2 -1
right_child=2 4 3 -5 -6 -7 -8
leaf_value=0.0003303686055226298 -2.7116248072726751e-05 -0.00013772269644756827 4.5982789738290044e-05 -5.4848357942945307e-06 -0.00031506462759360007 1.1235950545088989e-05 8.2101007188201591e-05
leaf_weight=4317 672836 139857 800526 345624 15145 434531 10580
leaf_count=4317 672836 139857 800526 345624 15145 434531 10580
internal_value=-7.67459e-08 -0.000127948 9.56385e-06 3.04626e-05 -0.000155052 -1.20668e-05 0.000154065
internal_weight=2.42342e+06 169899 2.25352e+06 1.14615e+06 155002 1.10737e+06 14897
internal_count=2423416 169899 2253517 1146150 155002 1107367 14897
is_linear=0
shrinkage=0.00720685


Tree=14
num_leaves=8
num_cat=0
split_feature=1 2 1 9 2 9 1
split_gain=109.265 28.0388 19.5542 11.6304 9.09798 5.34616 5.24586
threshold=1.6900678873062136 -1.6630463004112241 0.8903145194053651 1.121832609176636 -0.5871371030807494 -1.6367390751838682 2.3609969615936284
decision_type=2 2 2 8 2 8 2
left_child=2 6 3 -1 -4 -3 -2
right_child=1 5 4 -5 -6 -7 -8
leaf_value=2.589597801570058e-05 -0.00027955714805984666 -0.00023714692787196723 -9.4874708896529043e-05 -3.2391495419963268e-05 -1.1407265004019116e-05 -9.508730629329004e-05 -0.00043530251226706729
leaf_weight=1805913 28510 17098 110156 197218 176511 70469 18548
leaf_count=1805913 28510 17098 110156 197218 176511 70469 18548
internal_value=4.58783e-07 -0.000199075 1.21901e-05 2.01573e-05 -4.34812e-05 -0.000122828 -0.000340953
internal_weight=2.42442e+06 134625 2.2898e+06 2.00313e+06 286667 87567 47058
internal_count=2424423 134625 2289798 2003131 286667 87567 47058
is_linear=0
shrinkage=0.00720685


Tree=15
num_leaves=8
num_cat=0
split_feature=1 2 1 9 2 1 9
split_gain=106.604 29.577 17.2481 10.7465 9.25259 6.98196 5.51368
threshold=1.603351414203644 -1.5977471470832822 0.49821889400482183 1.1438923478126528 -0.68273788690567005 2.3609969615936284 2.2468783855438237
decision_type=2 2 2 8 2 2 10
left_child=2 5 3 -1 -4 -2 -3
right_child=1 6 4 -5 -6 -7 -8
leaf_value=2.9089859087112665e-05 -0.00025925981151191335 -0.00011532850056940826 -7.1004156617614575e-05 -3.330834593069983e-05 -4.2418345440131796e-06 -0.00043179735124421106 0.00052928632311185239
leaf_weight=1591441 34076 100652 152403 157545 368548 18967 693
leaf_count=1591441 34076 100652 152403 157545 368548 18967 693
internal_value=1.63556e-07 -0.000183083 1.2627e-05 2.34691e-05 -2.37731e-05 -0.000320962 -0.000110915
internal_weight=2.42432e+06 154388 2.26994e+06 1.74899e+06 520951 53043 101345
internal_count=2424325 154388 2269937 1748986 520951 53043 101345
is_linear=0
shrinkage=0.00720685


Tree=16
num_leaves=8
num_cat=0
split_feature=1 2 0 21 0 9 9
split_gain=102.31 31.6859 21.3477 15.9595 11.2972 6.88005 6.57305
threshold=1.5257102251052859 -1.9818097352981565 0.56613788008689891 inf -4.2638485431671134 1.3992629051208498 -0.91480895876884449
decision_type=2 2 2 8 2 8 8
left_child=2 4 3 -1 -2 -4 -3
right_child=1 6 5 -5 -6 -7 -8
leaf_value=-1.0688582425662726e-07 -0.00050002951009861421 -0.00018549000466307064 5.9970958001441322e-05 0.0005495569896282334 -0.00025482308829113167 -4.7182474690466544e-05 -7.5607405655925066e-05
leaf_weight=1721539 14416 41854 493073 2747 30222 33218 87158
leaf_count=1721539 14416 41854 493073 2747 30222 33218 87158
internal_value=2.67478e-08 -0.000168522 1.30317e-05 7.69082e-07 -0.000334023 5.32076e-05 -0.000111257
internal_weight=2.42423e+06 173650 2.25058e+06 1.72429e+06 44638 526291 129012
internal_count=2424227 173650 2250577 1724286 44638 526291 129012
is_linear=0
shrinkage=0.00720685


Tree=17
num_leaves=8
num_cat=0
split_feature=1 2 0 2 0 0 17
split_gain=102.926 26.9459 22.8648 12.768 7.59502 5.47022 4.71325
threshold=1.6900678873062136 -1.9818097352981565 0.44534561038017279 -0.69987833499908436 -4.2638485431671134 -4.2638485431671134 -0.82281425595283497
decision_type=2 2 2 2 2 2 2
left_child=2 4 3 -1 -2 -3 -4
right_child=1 5 6 -5 -6 -7 -8
leaf_value=-4.8928095508735913e-05 -0.00048601681965095196 -0.00025858769257649101 -2.458082971384979e-06 4.8887611370142408e-06 -0.00027697121183890681 -0.00010646241572671377 5.0606528574328407e-05
leaf_weight=280041 14436 14470 100281 1255454 24110 81019 653246
leaf_count=280041 14436 14470 100281 1255454 24110 81019 653246
internal_value=-3.36162e-07 -0.000194443 1.10299e-05 -4.92627e-06 -0.000355272 -0.000129517 4.35445e-05
internal_weight=2.42306e+06 134035 2.28902e+06 1.5355e+06 38546 95489 753527
internal_count=2423057 134035 2289022 1535495 38546 95489 753527
is_linear=0
shrinkage=0.00720685


Tree=18
num_leaves=8
num_cat=0
split_feature=1 0 0 21 9 9 9
split_gain=103.18 28.2783 20.9929 15.5967 9.58295 7.08273 5.04026
threshold=1.5257102251052859 -4.2638485431671134 0.5075928568840028 inf -0.91480895876884449 1.4345172643661501 -0.99285802245140065
decision_type=2 2 2 8 8 8 8
left_child=2 6 3 -1 -3 -4 -2
right_child=1 4 5 -5 -6 -7 -8
leaf_value=-1.9499872863169875e-06 -0.00046033600952086976 -0.00020488311758788043 5.379132012499368e-05 0.00053601512180545617 -8.3301201313263322e-05 -5.2055858309062416e-05 -0.00026945241439688421
leaf_weight=1615929 16043 53544 596913 2803 90725 34745 13024
leaf_count=1615929 16043 53544 596913 2803 90725 34745 13024
internal_value=-3.18249e-07 -0.000169746 1.2732e-05 -1.01812e-06 -0.000128426 4.7969e-05 -0.00037482
internal_weight=2.42373e+06 173336 2.25039e+06 1.61873e+06 144269 631658 29067
internal_count=2423726 173336 2250390 1618732 144269 631658 29067
is_linear=0
shrinkage=0.00720685


Tree=19
num_leaves=8
num_cat=0
split_feature=1 0 0 7 9 9 9
split_gain=96.3726 23.1578 23.0619 12.907 8.22816 7.06447 4.04812
threshold=1.6900678873062136 -4.2638485431671134 0.49784298241138464 1.3033215999603274 1.4345172643661501 -0.40221996605396265 -0.82213005423545826
decision_type=2 2 2 2 8 8 8
left_child=2 6 3 -1 -4 -3 -2
right_child=1 5 4 -5 -6 -7 -8
leaf_value=1.4017669333944951e-06 -0.00044023698379941475 -0.00019259678189719465 5.3636323706134237e-05 -9.080159091509729e-05 -5.9248869192805539e-05 -7.423227483942878e-05 -0.00026678097506427513
leaf_weight=1556414 16912 56822 614078 83061 35473 48585 11922
leaf_count=1556414 16912 56822 614078 83061 35473 48585 11922
internal_value=1.22773e-07 -0.000187551 1.1129e-05 -3.26958e-06 4.74714e-05 -0.000138041 -0.00036853
internal_weight=2.42327e+06 134241 2.28903e+06 1.63948e+06 649551 105407 28834
internal_count=2423267 134241 2289026 1639475 649551 105407 28834
is_linear=0
shrinkage=0.00720685


Tree=20
num_leaves=8
num_cat=0
split_feature=1 1 1 15 7 7 7
split_gain=98.4585 20.6363 14.4013 12.2551 6.85144 5.52635 4.33582
threshold=1.7357463240623476 0.87299153208732616 2.3609969615936284 -0.12539760023355481 0.84373471140861522 0.3738210797309876 0.29853934049606329
decision_type=2 2 2 2 2 2 2
left_child=1 3 5 -1 -3 -2 -4
right_child=2 4 6 -5 -6 -7 -8
leaf_value=7.8204133900220855e-07 -9.8727025028661766e-05 -3.0471572386808209e-05 -0.00022647722717849834 3.6578019501023823e-05 -0.00013068452182255663 -0.0002172247220441262 -0.00038015873083517728
leaf_weight=939725 52651 264891 17108 1053819 40906 33418 21561
leaf_count=939725 52651 264891 17108 1053819 40906 33418 21561
internal_value=5.5052e-07 1.12484e-05 -0.000196646 1.97044e-05 -4.38774e-05 -0.000144738 -0.000312175
internal_weight=2.42408e+06 2.29934e+06 124738 1.99354e+06 305797 86069 38669
internal_count=2424079 2299341 124738 1993544 305797 86069 38669
is_linear=0
shrinkage=0.00720685


Tree=21
num_leaves=8
num_cat=0
split_feature=1 2 1 21 2 9 1
split_gain=98.1977 21.7508 21.5561 16.0647 10.943 5.5171 4.59731
threshold=1.7853764295578005 -1.9818097352981565 0.90666449069976818 inf -0.71794217824935902 -1.5702878236770628 2.4857174158096318
decision_type=2 2 2 8 2 8 2
left_child=2 6 3 -1 -4 -3 -2
right_child=1 5 4 -5 -6 -7 -8
leaf_value=1.799355548819673e-05 -0.00029281922699619017 -0.00025167881407931473 -0.00010626760687463228 0.00056810533759718855 -1.4707949998275292e-05 -0.00010759269977312784 -0.0004644407281559491
leaf_weight=2008673 22592 17737 104822 2760 191950 62235 12654
leaf_count=2008673 22592 17737 104822 2760 191950 62235 12654
internal_value=3.94311e-08 -0.000205293 1.0289e-05 1.87487e-05 -4.70478e-05 -0.000139552 -0.000354446
internal_weight=2.42342e+06 115218 2.3082e+06 2.01143e+06 296772 79972 35246
internal_count=2423423 115218 2308205 2011433 296772 79972 35246
is_linear=0
shrinkage=0.00720685


Tree=22
num_leaves=8
num_cat=0
split_feature=0 0 0 7 9 9 9
split_gain=93.6789 25.2098 16.4717 14.703 8.75915 8.03461 4.68573
threshold=-2.086753129959106 0.4316209107637406 -4.2638485431671134 1.3033215999603274 1.5144984126091006 -0.16695813834667203 0.79341810941696178
decision_type=2 2 2 2 8 8 8
left_child=2 3 6 -2 -3 -4 -1
right_child=1 4 5 -5 -6 -7 -8
leaf_value=-0.00040498913064716807 -2.6212657125807223e-06 4.736397549679507e-05 -0.00021605711360442287 -0.00010058785965090647 -7.1477049124085937e-05 -5.4305184662747078e-05 -0.00016956223395170743
leaf_weight=23842 1459104 748891 44068 84157 33659 24999 5385
leaf_count=23842 1459104 748891 44068 84157 33659 24999 5385
internal_value=-2.78013e-07 8.93217e-06 -0.000218206 -7.96365e-06 4.22523e-05 -0.000157512 -0.00036162
internal_weight=2.4241e+06 2.32581e+06 98294 1.54326e+06 782550 69067 29227
internal_count=2424105 2325811 98294 1543261 782550 69067 29227
is_linear=0
shrinkage=0.00720685


Tree=23
num_leaves=8
num_cat=0
split_feature=1 2 2 21 9 9 1
split_gain=93.1758 25.7658 18.183 11.9713 10.3531 5.26412 5.10347
threshold=1.6900678873062136 -1.9818097352981565 -0.37283524870872492 inf 1.0630331635475161 -1.5702878236770628 2.4857174158096318
decision_type=2 2 2 8 8 8 2
left_child=2 6 3 -1 -4 -3 -2
right_child=1 5 4 -5 -6 -7 -8
leaf_value=-2.638426787066143e-05 -0.00028331179813805756 -0.00022428818246997002 2.9644462523526978e-05 0.00059102001320223438 -2.2254418870867588e-05 -9.3128916240200267e-05 -0.00045971525507657154
leaf_weight=555925 25827 20140 1501869 1635 230243 75390 12718
leaf_count=555925 25827 20140 1501869 1635 230243 75390 12718
internal_value=4.10242e-07 -0.000184246 1.12231e-05 -2.45727e-05 2.27457e-05 -0.000120783 -0.000341527
internal_weight=2.42375e+06 134075 2.28967e+06 557560 1.73211e+06 95530 38545
internal_count=2423747 134075 2289672 557560 1732112 95530 38545
is_linear=0
shrinkage=0.00720685


Tree=24
num_leaves=8
num_cat=0
split_feature=0 0 2 2 9 0 9
split_gain=93.1361 25.1822 21.9952 14.6761 8.07464 6.9271 5.52345
threshold=-2.086753129959106 0.4316209107637406 -1.3800572156906126 -0.5871371030807494 1.0464505553245547 -4.2638485431671134 -0.47562888264656061
decision_type=2 2 2 2 8 2 8
left_child=2 3 5 -2 -3 -1 -4
right_child=1 4 6 -5 -6 -7 -8
leaf_value=-0.00044020946186514796 -4.9591304637399759e-05 5.121528397960754e-05 -0.00019342037557650257 4.0017830396070486e-06 -1.8062884949928628e-05 -0.00026012619015095532 -4.4662342198625393e-05
leaf_weight=18341 340579 682875 24729 1202112 100203 28099 27251
leaf_count=18341 340579 682875 24729 1202112 100203 28099 27251
internal_value=-1.23675e-07 9.06559e-06 -0.000217274 -7.82994e-06 4.23504e-05 -0.000331256 -0.000115435
internal_weight=2.42419e+06 2.32577e+06 98420 1.54269e+06 783078 46440 51980
internal_count=2424189 2325769 98420 1542691 783078 46440 51980
is_linear=0
shrinkage=0.00720685


Tree=25
num_leaves=8
num_cat=0
split_feature=0 0 2 2 9 0 9
split_gain=92.0676 22.741 21.7926 14.853 8.26783 7.25489 6.53596
threshold=-1.9383842349052427 0.4316209107637406 -1.9818097352981565 -0.69987833499908436 1.5144984126091006 -4.2638485431671134 -0.28490504622459406
decision_type=2 2 2 2 8 2 8
left_child=2 3 5 -2 -3 -1 -4
right_child=1 4 6 -5 -6 -7 -8
leaf_value=-0.00047555294974840028 -5.342590573558622e-05 4.5949893690466164e-05 -0.00019683917670858307 4.0250902024979999e-06 -6.9545448724974928e-05 -0.00026619212770696398 -5.940377401015927e-05
leaf_weight=14574 287723 749091 39417 1245451 33637 20976 33037
leaf_count=14574 287723 749091 39417 1245451 33637 20976 33037
internal_value=-2.12151e-07 9.37969e-06 -0.000205886 -6.75646e-06 4.09865e-05 -0.000352032 -0.000134174
internal_weight=2.42391e+06 2.3159e+06 108004 1.53317e+06 782728 35550 72454
internal_count=2423906 2315902 108004 1533174 782728 35550 72454
is_linear=0
shrinkage=0.00720685


Tree=26
num_leaves=8
num_cat=0
split_feature=2 9 18 2 25 21 23
split_gain=66.5099 18.068 20.8067 17.1334 11.1478 7.06542 5.57557
threshold=-1.1750048398971555 -0.75957751274108876 -0.77057063579559315 -2.6654238700866695 0.016938700340688232 inf -0.097882587462663637
decision_type=2 8 8 2 10 8 8
left_child=3 2 -2 5 -3 -1 -5
right_child=1 4 -4 6 -6 -7 -8
leaf_value=-0.00025111699917443857 0.00013370792672455167 1.5380388253654454e-06 -6.8575528898403711e-05 -0.00012631639091039402 3.6132826785258453e-05 0.00038704746222127889 -4.6646014913031029e-05
leaf_weight=46623 29894 938439 226577 88399 998592 918 94289
leaf_count=46623 29894 938439 226577 88399 998592 918 94289
internal_value=-3.84591e-07 1.18463e-05 -4.49971e-05 -0.000116914 1.93726e-05 -0.000238786 -8.51975e-05
internal_weight=2.42373e+06 2.1935e+06 256471 230229 1.93703e+06 47541 182688
internal_count=2423731 2193502 256471 230229 1937031 47541 182688
is_linear=0
shrinkage=0.00720685


Tree=27
num_leaves=8
num_cat=0
split_feature=1 0 0 21 9 9 25
split_gain=89.6792 21.0265 19.9455 16.0416 7.45022 7.01781 4.39433
threshold=1.7357463240623476 0.49784298241138464 -4.2638485431671134 inf 1.5144984126091006 0.65616950392723095 0.25868403911590582
decision_type=2 2 2 8 8 8 8
left_child=1 3 6 -1 -3 -4 -2
right_child=2 4 5 -5 -6 -7 -8
leaf_value=-4.4188032557278016e-06 -0.00041629386611862401 5.0210810791208954e-05 -0.00017035163457223009 0.00054508236596782073 -6.7196461862963292e-05 -2.0303839277844679e-05 -0.00022634836025394085
leaf_weight=1647236 19417 620480 75586 2763 29401 20603 9390
leaf_count=1647236 19417 620480 75586 2763 29401 20603 9390
internal_value=-4.00292e-08 1.01774e-05 -0.000188036 -3.49831e-06 4.48991e-05 -0.000138213 -0.000354389
internal_weight=2.42488e+06 2.29988e+06 124996 1.65e+06 649881 96189 28807
internal_count=2424876 2299880 124996 1649999 649881 96189 28807
is_linear=0
shrinkage=0.00720685


Tree=28
num_leaves=8
num_cat=0
split_feature=0 0 2 21 9 9 0
split_gain=88.4509 23.7093 21.0861 16.5426 9.28084 5.8921 4.61766
threshold=-2.086753129959106 0.40904374420642858 -2.2039707899093623 inf 1.4345172643661501 -0.14915089309215543 -4.2638485431671134
decision_type=2 2 2 8 8 8 2
left_child=2 3 6 -2 -3 -4 -1
right_child=1 4 5 -5 -6 -7 -8
leaf_value=-0.00047387796024715007 -1.0077909268664163e-05 4.4605588065892827e-05 -0.00019819029974009819 0.0005428192631460896 -6.4813872873029679e-05 -6.2298284764322696e-05 -0.0002923539448620506
leaf_weight=13235 1490743 787400 41228 2815 42430 27713 16193
leaf_count=13235 1490743 787400 41228 2815 42430 27713 16193
internal_value=-8.3701e-07 8.1249e-06 -0.000212508 -9.03547e-06 3.90108e-05 -0.000143566 -0.000374006
internal_weight=2.42176e+06 2.32339e+06 98369 1.49356e+06 829830 68941 29428
internal_count=2421757 2323388 98369 1493558 829830 68941 29428
is_linear=0
shrinkage=0.00720685


Tree=29
num_leaves=8
num_cat=0
split_feature=1 0 0 1 9 9 25
split_gain=86.4328 20.6735 17.142 13.9447 8.22876 6.84292 4.87173
threshold=1.7853764295578005 0.4316209107637406 -4.2638485431671134 -2.0484317541122432 1.1438923478126528 0.79341810941696178 0.25392135977745062
decision_type=2 2 2 2 8 8 8
left_child=1 3 6 -1 -3 -4 -2
right_child=2 4 5 -5 -6 -7 -8
leaf_value=0.00054762041299179426 -0.00041118037136656589 4.7063640399393088e-05 -0.00017376315613208584 -7.2640411276072693e-06 -2.9796152055934996e-05 -1.1901057446854419e-05 -0.00021054180396100933
leaf_weight=2355 19297 702291 70264 1523593 80656 16812 9328
leaf_count=2355 19297 702291 70264 1523593 80656 16812 9328
internal_value=-5.92607e-07 9.03975e-06 -0.000192812 -6.40733e-06 3.91458e-05 -0.000142513 -0.000345808
internal_weight=2.4246e+06 2.3089e+06 115701 1.52595e+06 782947 87076 28625
internal_count=2424596 2308895 115701 1525948 782947 87076 28625
is_linear=0
shrinkage=0.00720685


Tree=30
num_leaves=8
num_cat=0
split_feature=1 2 7 15 1 9 18
split_gain=90.6712 31.068 16.3812 11.5181 7.21275 4.85908 2.62716
threshold=1.5257102251052859 -1.427515923976898 1.0958097577095034 -0.13278328627347943 2.4857174158096318 -2.2095899581909175 -0.68552884459495533
decision_type=2 2 2 2 2 8 10
left_child=2 4 3 -1 -2 -3 -4
right_child=1 5 6 -5 -6 -7 -8
leaf_value=-8.669316465693651e-07 -0.00024077264886102298 -0.00021805381816156533 2.2655144673712438e-06 3.2656436076172982e-05 -0.00041730764657859991 -6.8108183840610574e-05 -8.6787877754543129e-05
leaf_weight=1018191 47707 12686 20952 1115541 16074 97431 96216
leaf_count=1018191 47707 12686 20952 1115541 16074 97431 96216
internal_value=-1.45771e-07 -0.000158698 1.21036e-05 1.66595e-05 -0.000285269 -8.53846e-05 -7.08632e-05
internal_weight=2.4248e+06 173898 2.2509e+06 2.13373e+06 63781 110117 117168
internal_count=2424798 173898 2250900 2133732 63781 110117 117168
is_linear=0
shrinkage=0.00720685


Tree=31
num_leaves=8
num_cat=0
split_feature=1 0 0 21 7 23 23
split_gain=87.875 25.1743 18.0571 14.4269 7.61 4.2361 4.07376
threshold=1.5257102251052859 -4.2638485431671134 0.56613788008689891 inf 0.3738210797309876 0.060245845466852195 -1.4401865005493162
decision_type=2 2 2 8 2 8 8
left_child=2 5 3 -1 -3 -2 -4
right_child=1 4 6 -5 -6 -7 -8
leaf_value=-3.6525150522532467e-08 -0.00042954458996525202 -7.6714278980849813e-05 -6.5650564733538968e-05 0.00051946409446260123 -0.00018474776620029256 -0.00025514557404809175 5.2531438176849387e-05
leaf_weight=1720731 15747 90369 15611 2780 54166 13394 510834
leaf_count=1720731 15747 90369 15611 2780 54166 13394 510834
internal_value=2.87136e-08 -0.000156164 1.20854e-05 8.01692e-07 -0.000117202 -0.000349398 4.90268e-05
internal_weight=2.42363e+06 173676 2.24996e+06 1.72351e+06 144535 29141 526445
internal_count=2423632 173676 2249956 1723511 144535 29141 526445
is_linear=0
shrinkage=0.00720685


Tree=32
num_leaves=8
num_cat=0
split_feature=0 0 2 2 0 17 7
split_gain=78.8811 21.1833 21.1722 16.0694 8.5386 4.27723 3.78804
threshold=-1.9383842349052427 0.55542925000190746 -1.0152267217636106 -0.5871371030807494 -4.2638485431671134 -0.80038720369338978 -1.1628586649894712
decision_type=2 2 2 2 2 2 2
left_child=2 3 4 -2 -1 -3 -4
right_child=1 5 6 -5 -6 -7 -8
leaf_value=-0.0004010060172270989 -4.5599921924727798e-05 -3.2316292513143047e-06 0.00026007793909750066 8.1958274153245004e-06 -0.00021883560460933318 5.6428995064977386e-05 -9.0922394379843027e-05
leaf_weight=20442 362616 71895 1652 1409081 38611 473212 47151
leaf_count=20442 362616 71895 1652 1409081 38611 473212 47151
internal_value=4.03815e-07 9.27305e-06 -0.00019011 -2.81464e-06 -0.000281902 4.85602e-05 -7.90356e-05
internal_weight=2.42466e+06 2.3168e+06 107856 1.7717e+06 59053 545107 48803
internal_count=2424660 2316804 107856 1771697 59053 545107 48803
is_linear=0
shrinkage=0.00720685


Tree=33
num_leaves=8
num_cat=0
split_feature=1 2 0 21 0 9 9
split_gain=85.0192 28.1043 17.3486 12.395 8.39144 5.78148 5.66028
threshold=1.5650154352188113 -1.9818097352981565 0.57168307900428783 inf -4.2638485431671134 -0.91480895876884449 1.4345172643661501
decision_type=2 2 2 8 2 8 8
left_child=2 4 3 -1 -2 -3 -4
right_child=1 5 6 -5 -6 -7 -8
leaf_value=-3.3397491526276307e-07 -0.0004594111174771457 -0.0001739540581701407 5.3881776175574362e-05 0.00047990071051505289 -0.00024577666670360548 -6.7691109227662789e-05 -4.847116047739122e-05
leaf_weight=1741203 14391 39621 486882 2795 28403 80882 29778
leaf_count=1741203 14391 39621 486882 2795 28403 80882 29778
internal_value=-1.68907e-07 -0.000158976 1.13024e-05 4.35913e-07 -0.000317628 -0.000102631 4.79825e-05
internal_weight=2.42396e+06 163297 2.26066e+06 1.744e+06 42794 120503 516660
internal_count=2423955 163297 2260658 1743998 42794 120503 516660
is_linear=0
shrinkage=0.00720685


Tree=34
num_leaves=8
num_cat=0
split_feature=1 0 0 21 7 17 7
split_gain=83.2722 22.8239 18.205 14.2861 6.43619 5.10386 3.91148
threshold=1.603351414203644 -4.2638485431671134 0.4316209107637406 inf 0.40951803326606756 -0.80038720369338978 0.24749742448329928
decision_type=2 2 2 8 2 2 2
left_child=2 6 3 -1 -3 -4 -2
right_child=1 4 5 -5 -6 -7 -8
leaf_value=-4.9684711184712108e-06 -0.00024122814177120861 -8.0885935112424027e-05 -6.302986011606129e-06 0.00051021203155072288 -0.0001884879161749038 4.6447644610064597e-05 -0.00041149912879197493
leaf_weight=1484124 11670 79736 111030 2800 45264 670896 17563
leaf_count=1484124 11670 79736 111030 2800 45264 670896 17563
internal_value=-2.09435e-07 -0.00016225 1.08059e-05 -3.998e-06 -0.000119851 3.89573e-05 -0.000343537
internal_weight=2.42308e+06 154233 2.26885e+06 1.48692e+06 125000 781926 29233
internal_count=2423083 154233 2268850 1486924 125000 781926 29233
is_linear=0
shrinkage=0.00720685


Tree=35
num_leaves=8
num_cat=0
split_feature=1 2 7 15 9 1 23
split_gain=82.2757 25.7856 15.9594 10.9297 5.51826 5.36097 2.63523
threshold=1.5257102251052859 -1.7336718440055845 1.3033215999603274 -0.12539760023355481 -1.3529688715934751 2.4857174158096318 -1.4951274394989011
decision_type=2 2 2 2 8 2 10
left_child=2 5 3 -1 -3 -2 -4
right_child=1 4 6 -5 -6 -7 -8
leaf_value=-1.6259681422556208e-06 -0.00024092439628848168 -0.00018403691588557094 -0.00034555164176625059 3.0837330619176381e-05 -6.7712300081721182e-05 -0.00040538084994515814 -7.5546396148126616e-05
leaf_weight=1041763 38360 27326 1916 1115372 94199 14077 91427
leaf_count=1041763 38360 27326 1916 1115372 94199 14077 91427
internal_value=-5.05276e-07 -0.000151508 1.11673e-05 1.51596e-05 -9.38704e-05 -0.000285081 -8.10924e-05
internal_weight=2.42444e+06 173962 2.25048e+06 2.15714e+06 121525 52437 93343
internal_count=2424440 173962 2250478 2157135 121525 52437 93343
is_linear=0
shrinkage=0.00720685


Tree=36
num_leaves=8
num_cat=0
split_feature=1 0 0 7 9 9 9
split_gain=78.7879 20.9062 18.2677 11.9078 6.51491 6.0812 4.29231
threshold=1.603351414203644 -4.2638485431671134 0.56613788008689891 1.3033215999603274 -0.63274422287940968 1.4345172643661501 -0.82213005423545826
decision_type=2 2 2 2 8 8 8
left_child=2 6 3 -1 -3 -4 -2
right_child=1 4 5 -5 -6 -7 -8
leaf_value=4.7226052571315097e-06 -0.00040308398872972238 -0.00017245443805731422 5.502055229415158e-05 -8.3349009574355663e-05 -6.8040248626582205e-05 -5.0027607053091091e-05 -0.00022569813637162697
leaf_weight=1659796 17205 57412 495487 83758 67566 30376 12055
leaf_count=1659796 17205 57412 495487 83758 67566 30376 12055
internal_value=1.00869e-06 -0.000156607 1.17209e-05 4.91705e-07 -0.000116007 4.89524e-05 -0.000330012
internal_weight=2.42366e+06 154238 2.26942e+06 1.74355e+06 124978 525863 29260
internal_count=2423655 154238 2269417 1743554 124978 525863 29260
is_linear=0
shrinkage=0.00720685


Tree=37
num_leaves=8
num_cat=0
split_feature=1 0 2 2 9 0 9
split_gain=79.7443 19.6957 19.1245 13.763 7.9712 6.3368 5.16636
threshold=1.7853764295578005 0.45018507540225988 -1.9818097352981565 -0.5871371030807494 1.0630331635475161 -4.7799196243286124 -2.3534182310104366
decision_type=2 2 2 2 8 2 8
left_child=1 3 5 -1 -3 -2 -4
right_child=2 4 6 -5 -6 -7 -8
leaf_value=-4.5551669224966504e-05 -0.00047582692750387518 4.9053531021502235e-05 -0.00027309206377548674 6.3487613269133317e-06 -2.2308272487049157e-05 -0.00026275434924478112 -0.0001006752221955086
leaf_weight=338733 10212 651399 10370 1225390 92891 25013 69666
leaf_count=338733 10212 651399 10370 1225390 92891 25013 69666
internal_value=3.93132e-07 9.63042e-06 -0.000184607 -4.89102e-06 4.01472e-05 -0.000324538 -0.000123018
internal_weight=2.42367e+06 2.30841e+06 115261 1.56412e+06 744290 35225 80036
internal_count=2423674 2308413 115261 1564123 744290 35225 80036
is_linear=0
shrinkage=0.00720685


Tree=38
num_leaves=8
num_cat=0
split_feature=1 0 0 21 12 25 17
split_gain=79.7696 20.0049 16.1408 15.5374 4.78928 4.27351 3.32792
threshold=1.7357463240623476 0.4316209107637406 -4.2638485431671134 inf -1.796197175979614 0.25392135977745062 0.18467608839273456
decision_type=2 2 2 8 10 8 2
left_child=1 3 5 -1 -3 -2 -4
right_child=2 4 6 -5 -6 -7 -8
leaf_value=-6.564443482485544e-06 -0.00038908659234022886 -2.800361757777864e-05 -0.00015425769665299079 0.00053252261536195899 4.4019506901244903e-05 -0.00020156361836210353 -4.9566623428498684e-05
leaf_weight=1513926 19236 51319 76369 2781 730927 9401 19877
leaf_count=1513926 19236 51319 76369 2781 730927 9401 19877
internal_value=5.58264e-08 9.69192e-06 -0.000177332 -5.57564e-06 3.92944e-05 -0.000327536 -0.000132638
internal_weight=2.42384e+06 2.29895e+06 124883 1.51671e+06 782246 28637 96246
internal_count=2423836 2298953 124883 1516707 782246 28637 96246
is_linear=0
shrinkage=0.00720685


Tree=39
num_leaves=8
num_cat=0
split_feature=0 0 2 2 0 0 0
split_gain=76.2213 21.0245 17.0894 14.0014 6.74385 5.19111 3.09863
threshold=-2.259845376014709 0.37755854427814489 -1.1411417722702024 -0.71794217824935902 -4.2638485431671134 0.72425988316535961 -3.7393279075622554
decision_type=2 2 2 2 2 2 2
left_child=2 3 4 -2 -1 -3 -4
right_child=1 5 6 -5 -6 -7 -8
leaf_value=-0.00040240617014402393 -5.5794350953912837e-05 2.2121057401984679e-05 -0.00018549348801049126 1.01696768492779e-06 -0.00022899156217616774 5.8848491003222153e-05 -5.2917250523080547e-05
leaf_weight=19725 279784 597298 14033 1157345 28459 300413 26352
leaf_count=19725 279784 597298 14033 1157345 28459 300413 26352
internal_value=-8.22944e-07 7.04904e-06 -0.000208341 -1.00432e-05 -0.000299989 3.44117e-05 -9.89888e-05
internal_weight=2.42341e+06 2.33484e+06 88569 1.43713e+06 48184 897711 40385
internal_count=2423409 2334840 88569 1437129 48184 897711 40385
is_linear=0
shrinkage=0.00720685


Tree=40
num_leaves=8
num_cat=0
split_feature=1 0 0 21 23 23 12
split_gain=75.4508 25.279 15.0063 13.917 7.76049 4.18095 4.09026
threshold=1.3342254757881167 -4.2638485431671134 0.57168307900428783 inf -0.78089308738708485 0.060245845466852195 -1.7479932904243467
decision_type=2 2 2 8 8 8 10
left_child=2 5 3 -1 -3 -2 -4
right_child=1 4 6 -5 -6 -7 -8
leaf_value=1.7754395544239788e-06 -0.00040181529902524714 -0.00021059828178731938 -2.3918526217499002e-05 0.0005140526975792219 -7.793902655735652e-05 -0.00022843099286635411 5.2851105801866304e-05
leaf_weight=1673644 15801 26359 38990 2758 174722 13318 477325
leaf_count=1673644 15801 26359 38990 2758 174722 13318 477325
internal_value=5.08483e-08 -0.00012407 1.30816e-05 2.61854e-06 -9.53299e-05 -0.000322526 4.70537e-05
internal_weight=2.42292e+06 230200 2.19272e+06 1.6764e+06 201081 29119 516315
internal_count=2422917 230200 2192717 1676402 201081 29119 516315
is_linear=0
shrinkage=0.00720685


Tree=41
num_leaves=8
num_cat=0
split_feature=1 1 7 21 9 9 23
split_gain=74.5209 15.207 14.9565 16.159 7.41048 7.3607 2.32406
threshold=1.5650154352188113 2.3609969615936284 1.3033215999603274 inf 2.2468783855438237 -0.91480895876884449 -1.4951274394989011
decision_type=2 2 2 8 10 8 10
left_child=2 5 3 -1 -3 -2 -4
right_child=1 4 6 -5 -6 -7 -8
leaf_value=1.3996323119759649e-05 -0.00018147829054016799 -0.00028242795286960144 -0.000325627754017713 0.00059293496777989435 0.00087815122596737228 -6.7102567596486354e-05 -7.3044824484204204e-05
leaf_weight=2163944 46741 38248 1931 2506 287 77986 91960
leaf_count=2163944 46741 38248 1931 2506 287 77986 91960
internal_value=6.67601e-08 -0.000148628 1.08069e-05 1.46663e-05 -0.000273762 -0.000109966 -7.8243e-05
internal_weight=2.4236e+06 163262 2.26034e+06 2.16645e+06 38535 124727 93891
internal_count=2423603 163262 2260341 2166450 38535 124727 93891
is_linear=0
shrinkage=0.00720685


Tree=42
num_leaves=8
num_cat=0
split_feature=9 18 15 12 7 18 18
split_gain=44.2569 23.7363 17.3904 11.3225 8.44078 7.35841 4.36168
threshold=-1.3529688715934751 -0.16018269956111905 -0.12539760023355481 0.50411543250083934 1.0418766736984255 3.3031595945358281 -1.6407270431518552
decision_type=8 10 2 8 2 10 10
left_child=1 6 4 -4 -2 -3 -1
right_child=2 5 3 -5 -6 -7 -8
leaf_value=0.0004412686846487919 -7.0985894417862289e-06 -0.00012740447993862353 4.3967514315789137e-05 -4.44275693090315e-06 -9.4881816214514151e-05 -0.00033768194997972964 8.31045160254595e-05
leaf_weight=1940 1040395 148863 771949 371787 60182 9176 19605
leaf_count=1940 1040395 148863 771949 371787 60182 9176 19605
internal_value=-1.59116e-07 -0.000109023 8.55195e-06 2.82311e-05 -1.18989e-05 -0.000139616 0.000115374
internal_weight=2.4239e+06 179584 2.24431e+06 1.14374e+06 1.10058e+06 158039 21545
internal_count=2423897 179584 2244313 1143736 1100577 158039 21545
is_linear=0
shrinkage=0.00720685


Tree=43
num_leaves=8
num_cat=0
split_feature=1 1 15 12 25 12 17
split_gain=72.4309 18.1708 12.7033 7.88979 6.53319 5.20682 4.50377
threshold=1.3626156449317934 2.1661857366561894 -0.12539760023355481 0.52189981937408458 0.011151726357638838 0.70478108525276195 0.18467608839273456
decision_type=2 2 2 8 10 10 2
left_child=2 6 4 -4 -1 -3 -2
right_child=1 5 3 -5 -6 -7 -8
leaf_value=-2.4117750626071936e-05 -0.0001065493957904125 -0.00015213273877264793 4.2531328469897918e-05 1.3760731515396154e-06 1.1509099204698675e-05 -0.00029104092865410338 -1.8154936896836685e-05
leaf_weight=496740 123738 23845 774944 351760 578884 34016 39494
leaf_count=496740 123738 23845 774944 351760 578884 34016 39494
internal_value=2.87267e-07 -0.000124063 1.27709e-05 2.96826e-05 -4.94392e-06 -0.0002338 -8.51627e-05
internal_weight=2.42342e+06 221093 2.20233e+06 1.1267e+06 1.07562e+06 57861 163232
internal_count=2423421 221093 2202328 1126704 1075624 57861 163232
is_linear=0
shrinkage=0.00720685


Tree=44
num_leaves=8
num_cat=0
split_feature=0 0 21 9 0 9 19
split_gain=73.505 21.4533 13.7628 8.78112 7.96502 5.68679 3.10359
threshold=-2.6833826303482051 0.35585606098175054 inf 1.1438923478126528 -4.7799196243286124 0.75930684804916393 -0.56214627623558033
decision_type=2 2 8 8 2 8 10
left_child=4 2 -2 -3 6 -6 -1
right_child=1 3 -4 -5 5 -7 -8
leaf_value=-0.00021840898423783534 -1.225621412478622e-05 4.039621985347095e-05 0.00049012584196041599 -3.3315005724593836e-05 -0.0002203638280902726 -1.9233184603487614e-05 -0.00041751641300147161
leaf_weight=5846 1406259 852137 2837 93112 40575 8904 13387
leaf_count=5846 1406259 852137 2837 93112 40575 8904 13387
internal_value=-2.07552e-07 6.57363e-06 -1.12444e-05 3.31352e-05 -0.000232555 -0.000184171 -0.000357011
internal_weight=2.42306e+06 2.35434e+06 1.4091e+06 945249 68712 49479 19233
internal_count=2423057 2354345 1409096 945249 68712 49479 19233
is_linear=0
shrinkage=0.00720685


Tree=45
num_leaves=8
num_cat=0
split_feature=2 9 2 15 17 10 21
split_gain=55.1518 16.9098 12.7713 10.6473 9.35445 4.55153 3.33552
threshold=-1.427515923976898 -0.73967421054840077 -3.1306998729705806 -0.16898614168167111 0.26713904738426214 inf inf
decision_type=2 10 2 2 2 8 8
left_child=2 4 5 -3 -2 -1 -4
right_child=1 3 6 -5 -6 -7 -8
leaf_value=-0.00027988966485606632 -6.1787211338079534e-05 -1.4544744545610963e-06 -9.8666002491797493e-05 3.2643866379319089e-05 2.6272997970611448e-05 0.00024408424177618671 0.00050377159989461735
leaf_weight=27635 239416 855221 143698 1071569 84861 888 478
leaf_count=27635 239416 855221 143698 1071569 84861 888 478
internal_value=-1.16337e-07 9.40573e-06 -0.000124232 1.7509e-05 -3.87424e-05 -0.000263568 -9.66652e-05
internal_weight=2.42377e+06 2.25107e+06 172699 1.92679e+06 324277 28523 144176
internal_count=2423766 2251067 172699 1926790 324277 28523 144176
is_linear=0
shrinkage=0.00720685


Tree=46
num_leaves=8
num_cat=0
split_feature=0 0 21 0 23 19 23
split_gain=69.8923 19.6369 14.3165 12.0735 5.33708 4.78963 4.09423
threshold=-2.259845376014709 0.35585606098175054 inf -4.2638485431671134 -1.4401865005493162 -0.5397457182407378 -2.1129640340805049
decision_type=2 2 8 2 8 10 10
left_child=3 2 -2 5 -3 -1 -5
right_child=1 4 -4 6 -6 -7 -8
leaf_value=-0.00018453375465111828 -1.0395824994477308e-05 -6.3884749364919807e-05 0.00050056508109716166 3.0294709868693543e-05 3.625007186228274e-05 -0.00038158660386856659 -0.00016047400739788018
leaf_weight=9456 1386876 28504 2853 6576 916805 19889 52397
leaf_count=9456 1386876 28504 2853 6576 916805 19889 52397
internal_value=3.63093e-07 7.89027e-06 -9.34651e-06 -0.000198645 3.32306e-05 -0.000318098 -0.000139201
internal_weight=2.42336e+06 2.33504e+06 1.38973e+06 88318 945309 29345 58973
internal_count=2423356 2335038 1389729 88318 945309 29345 58973
is_linear=0
shrinkage=0.00720685


Tree=47
num_leaves=8
num_cat=0
split_feature=1 2 0 0 25 9 9
split_gain=69.9186 29.4679 15.096 10.696 9.00422 5.60653 4.93856
threshold=1.3342254757881167 -1.5977471470832822 0.56613788008689891 -4.2638485431671134 0.014147172681987287 1.4345172643661501 -0.91480895876884449
decision_type=2 2 2 2 10 8 8
left_child=2 3 4 -2 -1 -4 -3
right_child=1 6 5 -5 -6 -7 -8
leaf_value=-1.5201963900913236e-05 -0.00040315012753718401 -0.00012923506123434955 5.2351317066668365e-05 -0.00019351590005296752 1.8312823468636013e-05 -4.8345360882635562e-05 -4.1654445428345681e-05
leaf_weight=799741 16905 46977 495735 50136 868512 30483 116059
leaf_count=799741 16905 46977 495735 50136 868512 30483 116059
internal_value=3.30899e-07 -0.000119193 1.28623e-05 -0.000246382 2.24621e-06 4.6518e-05 -6.68906e-05
internal_weight=2.42455e+06 230077 2.19447e+06 67041 1.66825e+06 526218 163036
internal_count=2424548 230077 2194471 67041 1668253 526218 163036
is_linear=0
shrinkage=0.00720685


Tree=48
num_leaves=8
num_cat=0
split_feature=1 2 0 21 0 19 1
split_gain=70.0176 27.5534 14.2514 14.0283 10.8343 4.93182 4.86944
threshold=1.3342254757881167 -1.5977471470832822 0.57168307900428783 inf -4.2638485431671134 -0.46507243812084192 2.086256861686707
decision_type=2 2 2 8 2 10 2
left_child=2 4 3 -1 -2 -4 -3
right_child=1 6 5 -5 -6 -7 -8
leaf_value=1.0021547317230529e-06 -0.00040089723069462442 -4.7798714242021401e-05 7.7209578413797638e-05 0.00051635001567279233 -0.00018986795164723576 2.9694379451799796e-05 -0.00014139423007473201
leaf_weight=1673591 16859 125259 167913 2747 50459 349857 37519
leaf_count=1673591 16859 125259 167913 2747 50459 349857 37519
internal_value=-4.87869e-07 -0.00012009 1.20548e-05 1.84696e-06 -0.000242723 4.51037e-05 -6.93726e-05
internal_weight=2.4242e+06 230096 2.19411e+06 1.67634e+06 67318 517770 162778
internal_count=2424204 230096 2194108 1676338 67318 517770 162778
is_linear=0
shrinkage=0.00720685


Tree=49
num_leaves=8
num_cat=0
split_feature=1 1 21 0 7 7 25
split_gain=68.0483 20.2636 12.137 9.40428 7.76098 3.47432 2.68526
threshold=1.951308071613312 0.8903145194053651 inf -4.7799196243286124 0.76284751296043407 0.38261003792285925 0.25392135977745062
decision_type=2 2 8 2 2 2 8
left_child=1 2 -1 6 -3 -5 -2
right_child=3 4 -4 5 -6 -7 -8
leaf_value=1.5577489999043524e-05 -0.00040009923918920756 -2.9424132094414201e-05 0.00049723235457098587 -0.00011494529796924705 -0.0001250042965291913 -0.00021976495547423397 -0.00021646970063961003
leaf_weight=2000881 12751 281909 2720 39467 52311 28137 6129
leaf_count=2000881 12751 281909 2720 39467 52311 28137 6129
internal_value=2.21911e-07 7.56579e-06 1.62316e-05 -0.000198294 -4.43844e-05 -0.000158574 -0.000340503
internal_weight=2.4243e+06 2.33782e+06 2.0036e+06 86484 334220 67604 18880
internal_count=2424305 2337821 2003601 86484 334220 67604 18880
is_linear=0
shrinkage=0.00720685


Tree=50
num_leaves=8
num_cat=0
split_feature=1 0 0 21 9 9 9
split_gain=68.8318 19.3545 16.5375 11.8387 6.3699 5.55685 5.22867
threshold=1.5650154352188113 -3.7393279075622554 0.53387537598609935 inf 0.80591118335723888 -1.052156865596771 -0.82213005423545826
decision_type=2 2 2 8 8 8 8
left_child=2 6 3 -1 -4 -3 -2
right_child=1 5 4 -5 -6 -7 -8
leaf_value=-2.0447841402377049e-06 -0.00035785917289579629 -0.00016758965203231266 5.618139715677481e-05 0.00046898872481098775 -8.6960355713632221e-07 -6.5577716279693218e-05 -0.00018783240644476757
leaf_weight=1673045 21832 41580 450949 2775 131226 83297 16497
leaf_count=1673045 21832 41580 450949 2775 131226 83297 16497
internal_value=-9.9669e-08 -0.000143027 1.02311e-05 -1.26452e-06 4.33217e-05 -9.95456e-05 -0.000284686
internal_weight=2.4212e+06 163206 2.258e+06 1.67582e+06 582175 124877 38329
internal_count=2421201 163206 2257995 1675820 582175 124877 38329
is_linear=0
shrinkage=0.00720685


Tree=51
num_leaves=8
num_cat=0
split_feature=1 7 0 0 9 23 18
split_gain=67.7627 17.1543 15.0003 13.8189 6.97838 3.6232 3.23578
threshold=1.7853764295578005 1.0958097577095034 0.6579195261001588 -4.7799196243286124 2.2468783855438237 0.18058384954929355 0.79363057017326366
decision_type=2 2 2 2 10 8 10
left_child=1 2 -1 5 -5 -2 -3
right_child=3 6 -4 4 -6 -7 -8
leaf_value=4.9129636339637218e-06 -0.00042887752914933414 -4.8417617941586316e-05 5.4984025262959477e-05 -0.00014042598391354196 0.00057475869247255898 -0.00022658731726809005 -0.00012737401604360444
leaf_weight=1809333 11406 84869 375195 95247 713 7713 39510
leaf_count=1809333 11406 84869 375195 95247 713 7713 39510
internal_value=3.18494e-07 8.82542e-06 1.35128e-05 -0.00017036 -0.000135106 -0.000347286 -7.34997e-05
internal_weight=2.42399e+06 2.30891e+06 2.18453e+06 115079 95960 19119 124379
internal_count=2423986 2308907 2184528 115079 95960 19119 124379
is_linear=0
shrinkage=0.00720685


Tree=52
num_leaves=8
num_cat=0
split_feature=1 2 0 2 0 9 0
split_gain=68.067 23.2577 15.0676 10.0291 6.41307 5.61074 4.77072
threshold=1.5257102251052859 -1.9818097352981565 0.57168307900428783 -0.5585268735885619 -4.2638485431671134 1.3992629051208498 -4.2638485431671134
decision_type=2 2 2 2 2 8 2
left_child=2 4 3 -1 -2 -4 -3
right_child=1 6 5 -5 -6 -7 -8
leaf_value=-3.4275169019359414e-05 -0.0004037448510850561 -0.00021122976844460472 5.065982956138961e-05 8.8881857700557887e-06 -0.00021945587928558192 -4.7009453890533357e-05 -7.2993984338747865e-05
leaf_weight=350448 14553 14626 484208 1382761 30096 32605 114295
leaf_count=350448 14553 14626 484208 1382761 30096 32605 114295
internal_value=-2.63232e-07 -0.000137775 1.03446e-05 1.60698e-07 -0.000279531 4.44979e-05 -8.86784e-05
internal_weight=2.42359e+06 173570 2.25002e+06 1.73321e+06 44649 516813 128921
internal_count=2423592 173570 2250022 1733209 44649 516813 128921
is_linear=0
shrinkage=0.00720685


Tree=53
num_leaves=8
num_cat=0
split_feature=1 0 0 21 9 9 19
split_gain=64.5122 21.4521 12.5737 12.2074 7.4615 5.4635 5.00376
threshold=1.3342254757881167 -3.7393279075622554 0.6579195261001588 inf -1.4030374288558958 0.014309688471257688 -0.48150885105133051
decision_type=2 2 2 8 8 8 10
left_child=2 5 3 -1 -3 -2 -4
right_child=1 4 6 -5 -6 -7 -8
leaf_value=3.6951710067378981e-06 -0.00031976963187481118 -0.00016563625598305708 8.8648191909949204e-05 0.00047899644100609707 -5.8532096417857227e-05 -0.00012591059858129872 3.2406308935510896e-05
leaf_weight=1806009 28649 43808 119022 2810 147643 10256 265308
leaf_count=1806009 28649 43808 119022 2810 147643 10256 265308
internal_value=3.37394e-07 -0.000114393 1.23881e-05 4.43382e-06 -8.30406e-05 -0.00026867 4.98239e-05
internal_weight=2.4235e+06 230356 2.19315e+06 1.80882e+06 191451 38905 384330
internal_count=2423505 230356 2193149 1808819 191451 38905 384330
is_linear=0
shrinkage=0.00720685


Tree=54
num_leaves=8
num_cat=0
split_feature=1 2 0 2 2 0 19
split_gain=63.8385 19.0189 16.2925 12.6258 5.19506 5.08818 4.57867
threshold=1.6900678873062136 -2.2039707899093623 0.56613788008689891 -0.57287722826004017 -0.40585836768150324 -4.2638485431671134 -0.48150885105133051
decision_type=2 2 2 2 2 2 8
left_child=2 5 3 -1 -3 -2 -4
right_child=1 4 6 -5 -6 -7 -8
leaf_value=-3.9692562129122207e-05 -0.00041159010588194469 -0.0001509881640585605 7.5917151586283034e-05 8.1262894502620458e-06 -4.7214661403406258e-05 -0.00022988342963666176 2.9865159300889685e-05
leaf_weight=360511 13199 54527 161992 1402241 46361 20353 364335
leaf_count=360511 13199 54527 161992 1402241 46361 20353 364335
internal_value=-1.1128e-07 -0.000152737 8.85264e-06 -1.65343e-06 -0.000103302 -0.000301375 4.40391e-05
internal_weight=2.42352e+06 134440 2.28908e+06 1.76275e+06 100888 33552 526327
internal_count=2423519 134440 2289079 1762752 100888 33552 526327
is_linear=0
shrinkage=0.00720685


Tree=55
num_leaves=8
num_cat=0
split_feature=0 2 2 17 0 2 0
split_gain=64.4997 17.0826 17.0673 10.6644 7.28686 5.3184 3.80554
threshold=-2.086753129959106 -0.69987833499908436 -2.0902740955352779 0.21158131211996081 -0.49604792892932886 -0.11946435645222662 -4.2638485431671134
decision_type=2 2 2 2 2 2 2
left_child=2 4 6 -3 -2 -4 -1
right_child=1 3 5 -5 -6 -7 -8
leaf_value=-0.00040799805396651178 -9.1470602105073743e-05 2.847851868336387e-06 -0.0001616942117555573 3.7681503349245511e-05 -1.8509882028205521e-05 -2.5758070416379514e-05 -0.00024879637771114515
leaf_weight=13936 98779 1255556 44212 717267 253704 22586 17728
leaf_count=13936 98779 1255556 44212 717267 253704 22586 17728
internal_value=-3.9448e-07 7.25575e-06 -0.000181063 1.55125e-05 -3.89565e-05 -0.000115732 -0.000318875
internal_weight=2.42377e+06 2.32531e+06 98462 1.97282e+06 352483 66798 31664
internal_count=2423768 2325306 98462 1972823 352483 66798 31664
is_linear=0
shrinkage=0.00720685


Tree=56
num_leaves=8
num_cat=0
split_feature=0 0 2 2 9 2 0
split_gain=62.4458 17.4371 16.3798 13.3802 7.69189 5.00361 3.32276
threshold=-2.259845376014709 0.4316209107637406 -1.9818097352981565 -0.5871371030807494 0.80591118335723888 -0.15966424345970151 -4.2638485431671134
decision_type=2 2 2 2 8 2 2
left_child=2 3 6 -2 -3 -4 -1
right_child=1 4 5 -5 -6 -7 -8
leaf_value=-0.00040038730148760283 -4.6806704609171403e-05 4.6049679401296675e-05 -0.00016572243048941279 3.979926203384924e-06 -9.2585097027427219e-06 -2.4413219842514427e-05 -0.00025176878475379654
leaf_weight=14561 346915 617292 36710 1206399 165645 20164 16883
leaf_count=14561 346915 617292 36710 1206399 165645 20164 16883
internal_value=-4.95579e-07 6.61567e-06 -0.000188606 -7.36269e-06 3.43482e-05 -0.000115625 -0.000320601
internal_weight=2.42457e+06 2.33625e+06 88318 1.55331e+06 782937 56874 31444
internal_count=2424569 2336251 88318 1553314 782937 56874 31444
is_linear=0
shrinkage=0.00720685


Tree=57
num_leaves=8
num_cat=0
split_feature=1 2 21 17 8 1 9
split_gain=60.7867 28.3584 10.7118 10.7889 10.3528 6.25956 5.21642
threshold=1.279343903064728 -1.6630463004112241 inf 0.2206164747476578 0.52342635393142711 2.2593480348587041 -1.4568954706192014
decision_type=2 2 8 2 10 2 8
left_child=2 5 3 -1 -4 -2 -3
right_child=1 6 4 -5 -6 -7 -8
leaf_value=9.039424596946855e-07 -0.0001831879194784426 -0.00014171502149183706 2.3729773956006125e-05 3.4489835831910582e-05 0.00090212902463575296 -0.0003311446696657764 -4.080403143860876e-05
leaf_weight=1404815 45084 32358 1404 768534 1383 22152 149685
leaf_count=1404815 45084 32358 1404 768534 1383 22152 149685
internal_value=1.14205e-06 -0.000105458 1.33532e-05 1.27805e-05 0.000459787 -0.000231939 -5.87417e-05
internal_weight=2.42542e+06 249279 2.17614e+06 2.17335e+06 2787 67236 182043
internal_count=2425415 249279 2176136 2173349 2787 67236 182043
is_linear=0
shrinkage=0.00720685


Tree=58
num_leaves=8
num_cat=0
split_feature=0 7 0 2 18 18 2
split_gain=60.8825 18.1356 15.1193 14.4195 4.81629 4.0398 2.42839
threshold=-2.259845376014709 1.5032096505165102 0.56613788008689891 -1.1411417722702024 -0.018563892692327496 3.3031595945358281 0.2437250837683678
decision_type=2 2 2 2 10 10 2
left_child=3 2 -2 4 -1 -3 -5
right_child=1 5 -4 6 -6 -7 -8
leaf_value=-0.00013620602248807921 1.0445747476791094e-06 -8.9635162975440182e-05 4.5456946386280473e-05 -0.00012521860358379091 -0.00030817906374962201 -0.00047232170020194189 -7.4708430130457277e-06
leaf_weight=10939 1733880 83159 516777 26234 37340 1457 13927
leaf_count=10939 1733880 83159 516777 26234 37340 1457 13927
internal_value=3.18756e-07 7.34801e-06 1.12422e-05 -0.000185288 -0.000269218 -9.62301e-05 -8.43879e-05
internal_weight=2.42371e+06 2.33527e+06 2.25066e+06 88440 48279 84616 40161
internal_count=2423713 2335273 2250657 88440 48279 84616 40161
is_linear=0
shrinkage=0.00720685


Tree=59
num_leaves=8
num_cat=0
split_feature=1 7 0 0 7 19 1
split_gain=60.1796 17.4139 13.4155 10.1932 4.63089 3.982 3.93627
threshold=1.8915606141090395 1.0958097577095034 0.6579195261001588 -4.7799196243286124 0.38261003792285925 -0.56214627623558033 1.0605167746543886
decision_type=2 2 2 2 2 10 2
left_child=1 2 -1 5 -5 -2 -3
right_child=3 6 -4 4 -6 -7 -8
leaf_value=3.8090667165410864e-06 -0.00016906409463753963 -5.4808238480197261e-05 5.1142155843999116e-05 -9.3616121156871922e-05 -0.00020728300367363925 -0.00039672258803420489 -0.00015485950626263563
leaf_weight=1825989 5740 101072 374851 45230 31642 13111 25596
leaf_count=1825989 5740 101072 374851 45230 31642 13111 25596
internal_value=-1.41697e-07 7.14174e-06 1.1871e-05 -0.000177237 -0.000140406 -0.000327415 -7.5027e-05
internal_weight=2.42323e+06 2.32751e+06 2.20084e+06 95723 76872 18851 126668
internal_count=2423231 2327508 2200840 95723 76872 18851 126668
is_linear=0
shrinkage=0.00720685


Tree=60
num_leaves=8
num_cat=0
split_feature=2 15 2 2 7 21 23
split_gain=50.0752 14.3591 11.1099 10.0118 7.76099 5.9546 4.41363
threshold=-1.3345127701759336 -0.13278328627347943 -2.6654238700866695 -0.021964093670248982 1.0958097577095034 inf -0.18647133558988568
decision_type=2 2 2 2 2 8 8
left_child=2 4 5 -3 -2 -1 -4
right_child=1 3 6 -5 -6 -7 -8
leaf_value=-0.00021861300908778726 -4.1488118613269349e-06 -4.9536531875040357e-07 -0.00012615413428129161 4.3833008539937134e-05 -8.4922796017978283e-05 0.00037719818248798179 -4.5699875687110427e-05
leaf_weight=46484 1027283 418124 62101 720855 65735 887 82421
leaf_count=46484 1027283 418124 62101 720855 65735 887 82421
internal_value=4.83402e-08 9.65305e-06 -0.000111668 2.75599e-05 -9.00672e-06 -0.000207449 -8.02718e-05
internal_weight=2.42389e+06 2.232e+06 191893 1.13898e+06 1.09302e+06 47371 144522
internal_count=2423890 2231997 191893 1138979 1093018 47371 144522
is_linear=0
shrinkage=0.00720685


Tree=61
num_leaves=8
num_cat=0
split_feature=1 0 0 21 23 9 9
split_gain=59.9202 20.8208 12.5506 11.5565 6.33998 4.83577 4.78318
threshold=1.3626156449317934 -3.7393279075622554 0.6579195261001588 inf -0.78089308738708485 0.75930684804916393 1.3992629051208498
decision_type=2 2 2 8 8 8 8
left_child=2 5 3 -1 -3 -2 -4
right_child=1 4 6 -5 -6 -7 -8
leaf_value=2.2625833345894566e-06 -0.0003029651705784847 -0.00019064379066672366 5.5221963205454346e-05 0.00046845836119900874 -6.4734176626011892e-05 -9.4531941054520354e-05 -4.4951289926626872e-05
leaf_weight=1814006 31812 23922 357939 2765 157696 7067 26596
leaf_count=1814006 31812 23922 357939 2765 157696 7067 26596
internal_value=-4.56221e-07 -0.000113723 1.08893e-05 2.97236e-06 -8.13195e-05 -0.000265082 4.82934e-05
internal_weight=2.4218e+06 220497 2.20131e+06 1.81677e+06 181618 38879 384535
internal_count=2421803 220497 2201306 1816771 181618 38879 384535
is_linear=0
shrinkage=0.00720685


Tree=62
num_leaves=8
num_cat=0
split_feature=2 15 2 2 25 18 21
split_gain=48.8902 14.6488 11.6123 10.4281 7.47403 5.40118 4.23924
threshold=-1.3345127701759336 -0.12539760023355481 -3.1306998729705806 -0.27338083088397974 0.063652448356151595 -0.77057063579559315 inf
decision_type=2 2 2 2 10 10 8
left_child=2 4 6 -3 -2 -4 -1
right_child=1 3 5 -5 -6 -7 -8
leaf_value=-0.00025962171409465111 -2.6881836486763339e-05 -1.3093496652057039e-05 2.8186746328574704e-05 3.9364159946105844e-05 1.0758827773607171e-05 -0.00010193277821616494 0.00027454496759447611
leaf_weight=27687 588048 253799 18706 876764 513013 144984 793
leaf_count=27687 588048 253799 18706 876764 513013 144984 793
internal_value=-1.32125e-07 9.36607e-06 -0.000110432 2.7588e-05 -9.34405e-06 -8.70629e-05 -0.000244739
internal_weight=2.42379e+06 2.23162e+06 192170 1.13056e+06 1.10106e+06 163690 28480
internal_count=2423794 2231624 192170 1130563 1101061 163690 28480
is_linear=0
shrinkage=0.00720685


Tree=63
num_leaves=8
num_cat=0
split_feature=1 2 1 21 2 2 1
split_gain=60.7608 17.1696 14.8318 13.3328 7.66677 3.93359 3.46614
threshold=1.7357463240623476 -1.9818097352981565 0.85604393482208263 inf -0.41732220351696009 -0.490789845585823 2.6497318744659428
decision_type=2 2 2 8 2 2 2
left_child=2 6 3 -1 -4 -3 -2
right_child=1 5 4 -5 -6 -7 -8
leaf_value=1.4689959728621486e-05 -0.00024630682143870428 -0.00014914065346005411 -7.79554380003537e-05 0.0005140517537402696 -6.3469822897453322e-06 -5.2736838889966754e-05 -0.00041027707775655523
leaf_weight=1981283 28289 43319 138576 2780 176646 44638 8777
leaf_count=1981283 28289 43319 138576 2780 176646 44638 8777
internal_value=-3.19194e-07 -0.000155045 8.09404e-06 1.53899e-05 -3.78273e-05 -0.000100217 -0.000285144
internal_weight=2.42431e+06 125023 2.29928e+06 1.98406e+06 315222 87957 37066
internal_count=2424308 125023 2299285 1984063 315222 87957 37066
is_linear=0
shrinkage=0.00720685


Tree=64
num_leaves=8
num_cat=0
split_feature=1 2 0 9 9 9 0
split_gain=55.829 16.9362 14.5892 11.5748 6.41638 4.00947 3.99863
threshold=1.7357463240623476 -1.9818097352981565 0.5075928568840028 -0.75957751274108876 1.5144984126091006 0.63623687624931347 -4.7799196243286124
decision_type=2 2 2 8 8 8 2
left_child=2 6 3 -1 -4 -3 -2
right_child=1 5 4 -5 -6 -7 -8
leaf_value=-4.6398932000863101e-05 -0.00039797924894652785 -0.00012177617500400747 4.3045851705941653e-05 5.5673030993174522e-06 -6.7050004001184641e-05 -9.5940854970829868e-06 -0.00023079412484637021
leaf_weight=264541 10310 65815 601930 1404724 28809 22106 26635
leaf_count=264541 10310 65815 601930 1404724 28809 22106 26635
internal_value=4.31771e-07 -0.000147981 8.4891e-06 -2.66818e-06 3.80171e-05 -9.35709e-05 -0.000277459
internal_weight=2.42487e+06 124866 2.3e+06 1.66926e+06 630739 87921 36945
internal_count=2424870 124866 2300004 1669265 630739 87921 36945
is_linear=0
shrinkage=0.00720685


Tree=65
num_leaves=8
num_cat=0
split_feature=1 0 0 21 9 9 9
split_gain=58.9725 21.2914 12.2878 11.8187 7.11861 6.19334 5.83162
threshold=1.3342254757881167 -3.7393279075622554 0.57168307900428783 inf -0.91480895876884449 -0.82213005423545826 1.5144984126091006
decision_type=2 2 2 8 8 8 8
left_child=2 5 3 -1 -3 -2 -4
right_child=1 4 6 -5 -6 -7 -8
leaf_value=1.2478708762649703e-06 -0.00034215297220116389 -0.0001399170760866962 4.7671968507759226e-05 0.00047290253754710072 -4.7079237461488713e-05 -0.00015840465928716066 -6.5199615075200621e-05
leaf_weight=1674612 22224 64805 491856 2763 126905 16682 24981
leaf_count=1674612 22224 64805 491856 2763 126905 16682 24981
internal_value=-3.02509e-08 -0.000109659 1.14919e-05 2.02507e-06 -7.84625e-05 -0.000263372 4.22162e-05
internal_weight=2.42483e+06 230616 2.19421e+06 1.67738e+06 191710 38906 516837
internal_count=2424828 230616 2194212 1677375 191710 38906 516837
is_linear=0
shrinkage=0.00720685


Tree=66
num_leaves=8
num_cat=0
split_feature=1 2 7 9 1 23 23
split_gain=57.5266 23.1752 11.6435 9.35859 6.47891 5.22638 2.24748
threshold=1.279343903064728 -1.6630463004112241 1.5032096505165102 1.1438923478126528 2.3609969615936284 -0.70715022087097157 -1.4951274394989011
decision_type=2 2 2 10 2 8 10
left_child=2 4 3 -1 -2 -3 -4
right_child=1 5 6 -5 -6 -7 -8
leaf_value=1.950833706132516e-05 -0.00017483216921809858 -0.00015565250379499275 -0.00037542711107563454 -3.3890923021792227e-05 -0.00033346881237360845 -4.5829911169593895e-05 -7.3115112315066583e-05
leaf_weight=1916200 48693 26314 1300 187107 18437 155539 70456
leaf_count=1916200 48693 26314 1300 187107 18437 155539 70456
internal_value=-2.0028e-07 -0.000103967 1.16781e-05 1.4758e-05 -0.000218406 -6.1722e-05 -7.85973e-05
internal_weight=2.42405e+06 248983 2.17506e+06 2.10331e+06 67130 181853 71756
internal_count=2424046 248983 2175063 2103307 67130 181853 71756
is_linear=0
shrinkage=0.00720685


Tree=67
num_leaves=8
num_cat=0
split_feature=0 0 2 2 19 2 0
split_gain=57.6052 15.1001 14.8758 10.9093 5.02107 4.52765 4.14316
threshold=-1.9383842349052427 0.49784298241138464 -2.2039707899093623 -0.64885613322257985 -0.48150885105133051 -0.39491359889507288 -4.2638485431671134
decision_type=2 2 2 2 8 2 2
left_child=2 3 6 -2 -3 -4 -1
right_child=1 4 5 -5 -6 -7 -8
leaf_value=-0.00039454335643235956 -4.1692197612045922e-05 6.7205983576368482e-05 -0.00015652839122140517 5.0363806055492158e-06 2.3690335416308455e-05 -4.4305085856431804e-05 -0.00022534756355267789
leaf_weight=13031 321616 198384 44483 1343377 450384 32183 17781
leaf_count=13031 321616 198384 44483 1343377 450384 32183 17781
internal_value=-7.37028e-08 7.50263e-06 -0.000163174 -3.98988e-06 3.69969e-05 -0.000109421 -0.000296915
internal_weight=2.42124e+06 2.31376e+06 107478 1.66499e+06 648768 76666 30812
internal_count=2421239 2313761 107478 1664993 648768 76666 30812
is_linear=0
shrinkage=0.00720685


Tree=68
num_leaves=8
num_cat=0
split_feature=0 0 2 2 9 9 0
split_gain=53.4784 15.3851 12.6655 11.2581 8.69924 3.84169 3.73168
threshold=-2.259845376014709 0.33430971205234533 -1.5977471470832822 -1.1069578528404234 0.80591118335723888 -0.28490504622459406 -4.2638485431671134
decision_type=2 2 2 2 8 8 2
left_child=2 3 6 -2 -3 -4 -1
right_child=1 4 5 -5 -6 -7 -8
leaf_value=-0.00035263695449593919 -6.4798252254666088e-05 3.8876906772346092e-05 -0.00015624437141616995 -1.3956805911010962e-06 -1.4377270500482353e-05 -2.9043454164222726e-05 -0.00020966544049264881
leaf_weight=16826 165989 793409 26923 1176040 199346 22756 21743
leaf_count=16826 165989 793409 26923 1176040 199346 22756 21743
internal_value=9.13865e-08 6.67383e-06 -0.000174059 -9.23769e-06 2.81834e-05 -9.79808e-05 -0.000272046
internal_weight=2.42303e+06 2.33478e+06 88248 1.34203e+06 992755 49679 38569
internal_count=2423032 2334784 88248 1342029 992755 49679 38569
is_linear=0
shrinkage=0.00720685


Tree=69
num_leaves=8
num_cat=0
split_feature=7 15 21 18 19 18 7
split_gain=26.4774 13.1909 13.8708 10.2225 7.27914 6.23365 2.16333
threshold=0.99343475699424755 -0.12539760023355481 inf 0.79363057017326366 -0.31241357326507563 3.3031595945358281 2.9396500587463383
decision_type=2 2 8 10 8 10 2
left_child=1 4 -3 6 -1 -5 -2
right_child=3 2 -4 5 -6 -7 -8
leaf_value=1.1447751616506178e-05 -2.7916758224007145e-05 2.274708415711949e-05 0.00061281005618667769 -0.0001422993868213672 -2.6034834102963749e-05 -0.00042516991405988186 -0.00011025137926271345
leaf_weight=449259 81750 1137580 2072 56326 671038 4359 20790
leaf_count=449259 81750 1137580 2072 56326 671038 4359 20790
internal_value=1.55195e-07 6.5575e-06 2.38204e-05 -8.8488e-05 -1.10036e-05 -0.000162625 -4.46112e-05
internal_weight=2.42317e+06 2.25995e+06 1.13965e+06 163225 1.1203e+06 60685 102540
internal_count=2423174 2259949 1139652 163225 1120297 60685 102540
is_linear=0
shrinkage=0.00720685


Tree=70
num_leaves=8
num_cat=0
split_feature=1 2 0 2 9 0 9
split_gain=52.3386 15.8064 14.6089 10.1872 7.38343 4.70968 4.28994
threshold=1.7357463240623476 -1.9818097352981565 0.4316209107637406 -0.5585268735885619 1.0464505553245547 -4.7799196243286124 2.2468783855438237
decision_type=2 2 2 2 8 2 10
left_child=2 5 3 -1 -4 -2 -3
right_child=1 6 4 -5 -6 -7 -8
leaf_value=-3.9693958511049571e-05 -0.00040009770145563216 -9.5207863768677784e-05 4.1735041110174231e-05 4.99555587730528e-06 -2.4618121092366457e-05 -0.00021827489864541765 0.0005173198613020719
leaf_weight=342275 10247 87296 681827 1172400 99857 26649 597
leaf_count=342275 10247 87296 681827 1172400 99857 26649 597
internal_value=1.44152e-07 -0.000143595 7.95532e-06 -5.10305e-06 3.32586e-05 -0.000268782 -9.10416e-05
internal_weight=2.42115e+06 124789 2.29636e+06 1.51468e+06 781684 36896 87893
internal_count=2421148 124789 2296359 1514675 781684 36896 87893
is_linear=0
shrinkage=0.00720685


Tree=71
num_leaves=8
num_cat=0
split_feature=1 1 0 0 23 9 19
split_gain=55.1777 16.8672 9.81519 8.93961 7.65928 5.4155 4.05914
threshold=1.951308071613312 0.90666449069976818 0.56055402755737316 -4.7799196243286124 -0.78089308738708485 2.2468783855438237 -0.63333052396774281
decision_type=2 2 2 2 8 10 10
left_child=1 2 -1 6 -3 -5 -2
right_child=3 4 -4 5 -6 -7 -8
leaf_value=4.6668526244128255e-06 -0.00014351223880598721 -0.00013219243138223207 4.068821242742423e-05 -0.00014597601738619033 -2.8149537813421484e-05 0.00058751770318888989 -0.00038158156002825866
leaf_weight=1475030 5091 42217 535533 66828 283750 526 13830
leaf_count=1475030 5091 42217 535533 66828 283750 526 13830
internal_value=-1.44019e-07 6.46484e-06 1.42615e-05 -0.000179126 -4.16249e-05 -0.000140239 -0.000317537
internal_weight=2.4228e+06 2.33653e+06 2.01056e+06 86275 325967 67354 18921
internal_count=2422805 2336530 2010563 86275 325967 67354 18921
is_linear=0
shrinkage=0.00720685


Tree=72
num_leaves=8
num_cat=0
split_feature=1 7 25 9 9 1 17
split_gain=53.0898 14.9563 10.2737 9.99117 4.76237 4.5508 2.11236
threshold=1.7357463240623476 1.3033215999603274 0.016938700340688232 -1.0828466415405271 2.2468783855438237 2.8777644634246831 0.25735862553119665
decision_type=2 2 10 8 10 2 2
left_child=1 2 -1 5 -5 -2 -3
right_child=3 6 -4 4 -6 -7 -8
leaf_value=-3.918016046318932e-06 -0.00020000127371045718 -9.7510856199458303e-05 2.7265538506136171e-05 -9.7391398556516379e-05 0.00047232309010202163 -0.00042827836108708627 -1.9028652642129682e-05
leaf_weight=1041562 44580 74155 1159737 74685 769 5050 23445
leaf_count=1041562 44580 74155 1159737 74685 769 5050 23445
internal_value=7.72767e-07 8.64013e-06 1.25108e-05 -0.000143819 -9.15789e-05 -0.000223237 -7.86589e-05
internal_weight=2.42398e+06 2.2989e+06 2.2013e+06 125084 75454 49630 97600
internal_count=2423983 2298899 2201299 125084 75454 49630 97600
is_linear=0
shrinkage=0.00720685


Tree=73
num_leaves=8
num_cat=0
split_feature=0 7 0 0 9 23 22
split_gain=57.6592 15.9839 12.7465 8.58518 6.76485 2.72151 2.05152
threshold=-2.259845376014709 1.3033215999603274 0.49281801283359533 -5.2456641197204581 0.46977795660495764 -1.4951274394989011 0.59102582931518566
decision_type=2 2 2 2 8 10 2
left_child=3 2 -2 6 -5 -3 -1
right_child=1 5 -4 4 -6 -7 -8
leaf_value=-0.00026549946181844876 -6.0304730050033902e-07 -0.00032483415388977899 3.7372781385188616e-05 -0.00019122034122774024 -2.8627732019146995e-05 -7.6175740716565146e-05 -0.00047518372084589459
leaf_weight=4367 1588762 2339 645595 61535 16953 99666 5461
leaf_count=4367 1588762 2339 645595 61535 16953 99666 5461
internal_value=-4.90869e-07 6.34201e-06 1.03697e-05 -0.00018125 -0.000156102 -8.18807e-05 -0.000382049
internal_weight=2.42468e+06 2.33636e+06 2.23436e+06 88316 78488 102005 9828
internal_count=2424678 2336362 2234357 88316 78488 102005 9828
is_linear=0
shrinkage=0.00720685


Tree=74
num_leaves=8
num_cat=0
split_feature=1 1 7 9 25 7 18
split_gain=52.8755 14.3026 10.6966 10.3201 9.38061 5.88391 2.129
threshold=1.3342254757881167 2.1661857366561894 1.3033215999603274 2.2468783855438237 0.011151726357638838 0.65552267432212841 3.3031595945358281
decision_type=2 2 2 10 10 2 10
left_child=2 5 4 -3 -1 -2 -4
right_child=1 3 6 -5 -6 -7 -8
leaf_value=-2.2760502328172356e-06 -4.8819440761569218e-05 -0.00021009062318131118 -6.3578394957872092e-05 0.00092115193542017116 2.8224048029998733e-05 -0.00015105421983094489 -0.00044179804875074376
leaf_weight=977671 134576 57625 87480 421 1128040 37355 779
leaf_count=977671 134576 57625 87480 421 1128040 37355 779
internal_value=-9.26759e-08 -0.000104057 1.08051e-05 -0.000201871 1.4063e-05 -7.10326e-05 -6.69217e-05
internal_weight=2.42395e+06 229977 2.19397e+06 58046 2.10571e+06 171931 88259
internal_count=2423947 229977 2193970 58046 2105711 171931 88259
is_linear=0
shrinkage=0.00720685


Tree=75
num_leaves=8
num_cat=0
split_feature=1 2 15 2 7 2 1
split_gain=52.3424 18.6097 11.808 12.098 7.21891 3.91088 3.51637
threshold=1.5257102251052859 -1.9818097352981565 -0.11823026463389395 -0.058724151924252503 1.3033215999603274 -0.40585836768150324 2.2593480348587041
decision_type=2 2 2 2 2 2 2
left_child=2 6 4 -4 -1 -3 -2
right_child=1 5 3 -5 -6 -7 -8
leaf_value=-2.8823737907234705e-06 -0.00019194896094689557 -0.00011640760249779605 -5.7967683675678613e-06 4.321621307891618e-05 -8.0168975196320868e-05 -3.7084248546016165e-05 -0.00032107087618333098
leaf_weight=1050608 25554 64602 409456 724175 66758 64531 19185
leaf_count=1050608 25554 64602 409456 724175 66758 64531 19185
internal_value=-1.79986e-07 -0.000120656 9.12586e-06 2.55132e-05 -7.50002e-06 -7.67685e-05 -0.000247325
internal_weight=2.42487e+06 173872 2.251e+06 1.13363e+06 1.11737e+06 129133 44739
internal_count=2424869 173872 2250997 1133631 1117366 129133 44739
is_linear=0
shrinkage=0.00720685


Tree=76
num_leaves=8
num_cat=0
split_feature=9 18 15 21 18 25 18
split_gain=33.8569 31.7167 11.5692 14.2012 8.9754 5.82424 2.74322
threshold=-0.75957751274108876 -0.72761127352714527 -0.13278328627347943 inf 1.3263869285583498 0.063652448356151595 -1.6407270431518552
decision_type=8 8 2 8 8 10 10
left_child=1 6 5 -4 -3 -2 -1
right_child=2 4 3 -5 -6 -7 -8
leaf_value=0.00027985865397976706 -2.3365623454478887e-05 -6.0104528927153282e-05 2.5961847922816637e-05 0.00069147248828617803 -0.00013913310652006826 1.195178983752068e-05 0.00010367082496999958
leaf_weight=5285 531559 214187 1075113 1667 114568 446014 34894
leaf_count=5285 531559 214187 1075113 1667 114568 446014 34894
internal_value=-7.18564e-07 -6.42852e-05 1.06972e-05 2.69928e-05 -8.76456e-05 -7.25216e-06 0.000126853
internal_weight=2.42329e+06 368934 2.05435e+06 1.07678e+06 328755 977573 40179
internal_count=2423287 368934 2054353 1076780 328755 977573 40179
is_linear=0
shrinkage=0.00720685


Tree=77
num_leaves=8
num_cat=0
split_feature=1 2 7 25 1 17 17
split_gain=49.7497 23.9018 11.1533 8.88057 6.09573 3.27502 1.93996
threshold=1.2270459532737734 -1.3345127701759336 1.3033215999603274 0.016938700340688232 2.3609969615936284 0.01640306040644646 0.20271046459674838
decision_type=2 2 2 10 2 2 2
left_child=2 4 3 -1 -2 -3 -4
right_child=1 5 6 -5 -6 -7 -8
leaf_value=-7.6638265829808685e-07 -0.0001561213052756071 -6.6641633627841223e-05 -8.9783219134224483e-05 2.9130324896639158e-05 -0.00029629223764300681 -1.3010047912254311e-06 -1.1777994170693024e-05
leaf_weight=977966 66094 120619 62624 1092538 21312 59494 22513
leaf_count=977966 66094 120619 62624 1092538 21312 59494 22513
internal_value=1.81208e-07 -9.25145e-05 1.1685e-05 1.50091e-05 -0.000190302 -4.50589e-05 -6.91568e-05
internal_weight=2.42316e+06 267519 2.15564e+06 2.0705e+06 87406 180113 85137
internal_count=2423160 267519 2155641 2070504 87406 180113 85137
is_linear=0
shrinkage=0.00720685


end of trees

feature_importances:
LOW_TURNOVER=112
LN_TURNOVER=88
REV60=81
INTRADAY_REV10=80
MACD_LINE=40
VSTD5=35
MAX_DD60=26
Q_SALES_YOY=17
BP=16
EP=15
ROE_YOY=15
CURRENT_RATIO=10
CORR60=6
AMIHUD_20=1
RET_VOL_CORR5=1
CORD5=1
NEG_SKEW_20=1
CNTD5=1

parameters:
[boosting: gbdt]
[objective: regression]
[metric: l2]
[tree_learner: serial]
[device_type: cpu]
[data_sample_strategy: bagging]
[data: ]
[valid: ]
[num_iterations: 1000]
[learning_rate: 0.00720685]
[num_leaves: 43]
[num_threads: 8]
[seed: 42]
[deterministic: 0]
[force_col_wise: 0]
[force_row_wise: 0]
[histogram_pool_size: -1]
[max_depth: 3]
[min_data_in_leaf: 76]
[min_sum_hessian_in_leaf: 0.001]
[bagging_fraction: 0.712041]
[pos_bagging_fraction: 1]
[neg_bagging_fraction: 1]
[bagging_freq: 1]
[bagging_seed: 400]
[bagging_by_query: 0]
[feature_fraction: 0.587027]
[feature_fraction_bynode: 1]
[feature_fraction_seed: 30056]
[extra_trees: 0]
[extra_seed: 12879]
[early_stopping_round: 0]
[early_stopping_min_delta: 0]
[first_metric_only: 0]
[max_delta_step: 0]
[lambda_l1: 0.0035701]
[lambda_l2: 0.944352]
[linear_lambda: 0]
[min_gain_to_split: 0]
[drop_rate: 0.1]
[max_drop: 50]
[skip_drop: 0.5]
[xgboost_dart_mode: 0]
[uniform_drop: 0]
[drop_seed: 17869]
[top_rate: 0.2]
[other_rate: 0.1]
[min_data_per_group: 100]
[max_cat_threshold: 32]
[cat_l2: 10]
[cat_smooth: 10]
[max_cat_to_onehot: 4]
[top_k: 20]
[monotone_constraints: ]
[monotone_constraints_method: basic]
[monotone_penalty: 0]
[feature_contri: ]
[forcedsplits_filename: ]
[refit_decay_rate: 0.9]
[cegb_tradeoff: 1]
[cegb_penalty_split: 0]
[cegb_penalty_feature_lazy: ]
[cegb_penalty_feature_coupled: ]
[path_smooth: 0]
[interaction_constraints: ]
[verbosity: -1]
[saved_feature_importance_type: 0]
[use_quantized_grad: 0]
[num_grad_quant_bins: 4]
[quant_train_renew_leaf: 0]
[stochastic_rounding: 1]
[linear_tree: 0]
[max_bin: 255]
[max_bin_by_feature: ]
[min_data_in_bin: 3]
[bin_construct_sample_cnt: 200000]
[data_random_seed: 175]
[is_enable_sparse: 1]
[enable_bundle: 1]
[use_missing: 1]
[zero_as_missing: 0]
[feature_pre_filter: 1]
[pre_partition: 0]
[two_round: 0]
[header: 0]
[label_column: ]
[weight_column: ]
[group_column: ]
[ignore_column: ]
[categorical_feature: ]
[forcedbins_filename: ]
[precise_float_parser: 0]
[parser_config_file: ]
[objective_seed: 16083]
[num_class: 1]
[is_unbalance: 0]
[scale_pos_weight: 1]
[sigmoid: 1]
[boost_from_average: 1]
[reg_sqrt: 0]
[alpha: 0.9]
[fair_c: 1]
[poisson_max_delta_step: 0.7]
[tweedie_variance_power: 1.5]
[lambdarank_truncation_level: 30]
[lambdarank_norm: 1]
[label_gain: ]
[lambdarank_position_bias_regularization: 0]
[eval_at: ]
[multi_error_top_k: 1]
[auc_mu_weights: ]
[num_machines: 1]
[local_listen_port: 12400]
[time_out: 120]
[machine_list_filename: ]
[machines: ]
[gpu_platform_id: -1]
[gpu_device_id: -1]
[gpu_use_dp: 0]
[num_gpu: 1]

end of parameters

pandas_categorical:[]
