tree
version=v4
num_class=1
num_tree_per_iteration=1
label_index=0
max_feature_idx=24
objective=regression
feature_names=LOW_TURNOVER LN_TURNOVER CORR20 VOL_CV20 RET_AMT_CORR20 KLOW CONSEC_UP5 CORD60 RET_VOL_CORR5 OBV_CHG_20 CORD5 AMIHUD_20 VOL_OF_VOL_20 CORR60 VOL_PRICE_DIVERGENCE BP EP CNTD10 IMAX60 WVMA30 MAX_DD60 CNTD60 Q_SALES_YOY VSTD5 NEG_SKEW_20
feature_infos=[-7.241234302520752:3.3891110420227051] [-8.1787328720092773:4.1919116973876953] [-4.2632193565368652:3.3574132919311523] [-5.9118919372558594:3.118323802947998] [-3.6396040916442871:4.0971097946166992] [-3.5172429084777832:6.8366236686706543] [-6.179908275604248:3.5131809711456299] [-3.9778172969818115:3.9455034732818604] [-3.1734192371368408:4.052701473236084] [-7.7425122261047363:8.349726676940918] [-3.9346733093261719:3.1851253509521484] [-2.651986837387085:6.31689453125] [-5.8616580963134766:3.6010286808013916] [-4.3961620330810547:3.6825263500213623] [-3.0395708084106445:3.5310735702514648] [-3.5236430168151855:6.0014796257019043] [-4.8434014320373535:6.8770403861999512] [-3.7959654331207275:3.733090877532959] [-3.461355447769165:4.4457516670227051] [-2.7460095882415771:6.1199431419372559] [-2.9909489154815674:5.4671392440795898] [-3.6416504383087158:3.7595434188842773] [-3.6743443012237549:7.5532336235046387] [-3.4639503955841064:6.6459097862243652] [-3.8844139575958252:4.1599020957946777]
tree_sizes=1326 1357 1383 1379 1381 1383 1370 1372 1362 1368 1356 1366 1341 1359 1371 1367 1339 1367 1401 1388 1358 1371 1371 1353 1379 1388 1369 1406 1352 1387 1374 1381 1359 1392

Tree=0
num_leaves=12
num_cat=0
split_feature=6 2 7 6 11 6 12 20 11 11 11
split_gain=30.738 21.3543 9.3726 7.89495 6.92446 6.41622 3.55077 3.28191 3.69701 3.12504 2.88972
threshold=-1.9541740417480467 0.30291727185249334 inf -0.3087285161018371 -0.89868974685668934 -3.6804323196411128 0.73041391372680675 -0.51915311813354481 0.35667039453983312 -0.085737176239490495 -0.62865233421325672
decision_type=2 8 8 2 8 2 10 8 8 10 10
left_child=5 4 3 -3 -2 -1 -5 -6 -9 -4 -7
right_child=1 2 9 6 7 10 -8 8 -10 -11 -12
leaf_value=0.002946867824216712 0.0031048701660552325 0.0030823071606969534 0.0030422637801993746 0.0031097930707002291 0.0031290179031516117 0.0030017603060142704 0.0031384460841462191 0.0031395070601999428 0.0031645139600732608 0.0029119828142628876 0.003069504659280989
leaf_weight=19436 172615 262864 15650 555748 455173 23366 150440 567473 226558 7460 66070
leaf_count=19436 172615 262864 15650 555748 455173 23366 150440 567473 226558 7460 66070
internal_value=0.00311905 0.00312293 0.0031043 0.00310679 0.00313593 0.00303305 0.0031159 0.00314022 0.00314664 0.00300017 0.0030518
internal_weight=2.52285e+06 2.41398e+06 992162 969052 1.42182e+06 108872 706188 1.2492e+06 794031 23110 89436
internal_count=2522853 2413981 992162 969052 1421819 108872 706188 1249204 794031 23110 89436
is_linear=0
shrinkage=1


Tree=1
num_leaves=12
num_cat=0
split_feature=6 8 13 6 13 21 6 5 15 9 15
split_gain=30.3664 15.8139 8.13516 6.47555 5.41919 4.1735 3.47702 3.42619 2.05447 2.04248 1.95757
threshold=-1.9541740417480467 -0.77797544002532948 inf -3.6804323196411128 0.11094890907406808 0.015300787985324861 0.10024125501513483 1.0124061703681948 0.367144525051117 0.51493963599205028 1.7718589901924136
decision_type=2 10 8 2 8 2 2 10 2 10 2
left_child=3 2 6 -1 8 -4 -2 -6 -3 10 -5
right_child=1 4 5 9 7 -7 -8 -9 -10 -11 -12
leaf_value=-0.00017200869513941066 -2.5272952298789678e-05 2.4784321908761893e-05 -3.3611974357906872e-05 -5.8805964789541386e-05 5.7513541555971171e-06 -0.00017704761909794717 2.5190203631493618e-06 -2.6380236208738514e-05 7.7540613853371606e-06 -0.00010389030721974801 4.6829969587771665e-05
leaf_weight=19451 370353 687747 9595 56391 775411 13236 184614 102898 270286 27796 5240
leaf_count=19451 370353 687747 9595 56391 775411 13236 184614 102898 270286 27796 5240
internal_value=7.27094e-09 3.86245e-06 -2.00102e-05 -8.5465e-05 1.13743e-05 -0.000116807 -1.60263e-05 1.98604e-06 1.99805e-05 -6.66301e-05 -4.98108e-05
internal_weight=2.52302e+06 2.41414e+06 577798 108878 1.83634e+06 22831 554967 878309 958033 89427 61631
internal_count=2523018 2414140 577798 108878 1836342 22831 554967 878309 958033 89427 61631
is_linear=0
shrinkage=0.00523217


Tree=2
num_leaves=12
num_cat=0
split_feature=6 4 7 6 6 2 12 2 12 15 12
split_gain=30.1176 21.6255 9.07861 6.66126 6.40174 3.33784 3.6584 3.16481 2.9378 2.89895 2.82529
threshold=-1.9541740417480467 -0.12821917980909345 inf -0.48170316219329828 -3.6804323196411128 -0.45284664630889887 0.25060898065567022 0.099008880555629744 0.73748883605003368 0.018127950839698318 -3.3229986429214473
decision_type=2 10 8 2 2 8 8 8 8 2 10
left_child=4 2 3 -2 -1 6 10 -5 -9 -8 -3
right_child=1 5 -4 7 -6 -7 9 8 -10 -11 -12
leaf_value=-0.00017116192424107411 -3.3728291153642042e-05 -9.6656217940919683e-05 -0.00011542047548488235 1.0511122984888352e-05 -6.6377951067955895e-05 1.1634670870839596e-05 3.1327049160161842e-05 -1.645461508734201e-05 1.2161500879853951e-05 -1.1413201769764557e-06 4.7384624739881978e-05
leaf_weight=19448 256752 3787 22923 295670 89420 715413 172591 467921 124268 133436 221416
leaf_count=19448 256752 3787 22923 295670 89420 715413 172591 467921 124268 133436 221416
internal_value=2.00802e-08 3.85921e-06 -1.23218e-05 -1.02562e-05 -8.51054e-05 1.9014e-05 2.89503e-05 -3.46759e-06 -1.04483e-05 1.71674e-05 4.49584e-05
internal_weight=2.52304e+06 2.41418e+06 1.16753e+06 1.14461e+06 108868 1.24664e+06 531230 887859 592189 306027 225203
internal_count=2523045 2414177 1167534 1144611 108868 1246643 531230 887859 592189 306027 225203
is_linear=0
shrinkage=0.00523217


Tree=3
num_leaves=12
num_cat=0
split_feature=2 5 11 10 2 15 16 5 11 11 16
split_gain=29.9521 13.8664 8.3763 5.15083 4.0072 3.57588 2.47961 3.38655 7.45363 2.42299 2.28507
threshold=0.42519605159759527 1.2219829559326174 -0.85740995407104481 0.90504851937294017 -0.32856142520904535 -0.86283022165298451 -0.067676316946744905 1.2219829559326174 0.33016170561313635 0.33016170561313635 -1.0683403015136717
decision_type=8 8 8 8 8 2 2 10 10 8 2
left_child=2 3 5 10 -4 -1 -3 8 -8 -6 -2
right_child=1 6 4 -5 9 -7 7 -9 -10 -11 -12
leaf_value=-5.4537330227888799e-05 -3.6452381306108544e-05 -8.2510013548845986e-05 2.7232310172732408e-05 -3.8915284871761017e-05 2.789286399188312e-06 -4.6406320878388888e-06 -4.4376818854275283e-05 -5.6151394339183288e-05 0.00028314533315201536 2.4420707916744756e-05 -2.843321662666872e-06
leaf_weight=50875 62076 102057 704832 174499 466749 173290 6484 61525 2689 203655 514087
leaf_count=50875 62076 102057 704832 174499 466749 173290 6484 61525 2689 203655 514087
internal_value=-1.13615e-08 -2.37381e-05 1.36868e-05 -1.40102e-05 1.85213e-05 -1.59687e-05 -6.60033e-05 -4.21626e-05 5.15705e-05 9.3617e-06 -6.46583e-06
internal_weight=2.52282e+06 923417 1.5994e+06 750662 1.37524e+06 224165 172755 70698 9173 670404 576163
internal_count=2522818 923417 1599401 750662 1375236 224165 172755 70698 9173 670404 576163
is_linear=0
shrinkage=0.00523217


Tree=4
num_leaves=12
num_cat=0
split_feature=1 1 6 4 9 20 22 23 1 6 1
split_gain=77.333 25.6311 21.356 14.1226 7.30811 6.77642 6.63442 4.30688 11.3239 4.12236 3.56602
threshold=-0.23068659752607343 -3.4203196763992305 -2.4347604513168331 -0.12821917980909345 0.014768406748771669 -0.14284062385559079 -0.015680633485317227 0.38769212365150457 -4.1045525074005118 -3.6804323196411128 -0.39086142182350153
decision_type=2 2 2 8 10 8 8 10 2 2 2
left_child=1 7 9 6 5 -5 -4 -1 -9 -2 -3
right_child=2 10 3 4 -6 -7 -8 8 -10 -11 -12
leaf_value=-7.1663809364534969e-05 -0.00017627086738632045 5.7571023557508722e-05 -4.3395999957759594e-05 -2.9146086405193129e-05 2.2639228055567982e-05 6.5405775280270757e-06 -1.3744566005915889e-05 0.0070010055001656366 0.00045032543337031924 -8.5022320195935399e-05 2.8211513745292379e-05
leaf_weight=50734 18947 576701 481815 281739 260421 301533 361786 6.9999999999999991 67 47893 141083
leaf_count=50734 18947 576701 481815 281739 260421 301533 361786 7 67 47893 141083
internal_value=-1.11086e-09 4.37621e-05 -1.91769e-05 -1.55427e-05 -4.05422e-07 -1.06959e-05 -3.06807e-05 -6.97961e-05 0.00118099 -0.000110903 5.18015e-05
internal_weight=2.52273e+06 768592 1.75413e+06 1.68729e+06 843693 583272 843601 50808 74 66840 717784
internal_count=2522726 768592 1754134 1687294 843693 583272 843601 50808 74 66840 717784
is_linear=0
shrinkage=0.00523217


Tree=5
num_leaves=12
num_cat=0
split_feature=1 0 2 3 0 9 2 0 1 8 0
split_gain=76.4207 37.0476 25.6435 12.1236 6.79715 9.03328 5.50331 4.33599 4.09264 3.79607 3.77065
threshold=-0.23068659752607343 -2.6519951820373531 inf -0.39311426877975458 0.45251785218715673 0.048701085150241859 -0.45284664630889887 0.35525578260421758 -0.39086142182350153 -0.69417950510978688 -4.7237305641174308
decision_type=2 2 8 8 2 8 8 2 2 10 2
left_child=2 10 7 -3 6 -6 -5 -1 -9 -8 -2
right_child=1 3 -4 4 5 -7 9 8 -10 -11 -12
leaf_value=2.6960472773230279e-05 -0.00019783827080362495 -3.8650133213210751e-05 -8.0726448441223648e-05 1.8506524041400692e-05 -4.8324316204842976e-05 2.4075490170980075e-05 -2.6852511598472705e-05 6.4224413596028953e-05 2.7290699974514896e-05 -2.5973955318756728e-07 -0.00011263280589632464
leaf_weight=162096 19828 417017 42966 305180 190357 62705 208062 463673 99918 500519 50664
leaf_count=162096 19828 417017 42966 305180 190357 62705 208062 463673 99918 500519 50664
internal_value=-3.91903e-08 -1.91002e-05 4.34636e-05 -1.41801e-05 -6.12431e-06 -3.03815e-05 -6.82419e-08 5.08178e-05 5.7678e-05 -8.06939e-06 -0.000136614
internal_weight=2.52298e+06 1.75433e+06 768653 1.68384e+06 1.26682e+06 253062 1.01376e+06 725687 563591 708581 70492
internal_count=2522985 1754332 768653 1683840 1266823 253062 1013761 725687 563591 708581 70492
is_linear=0
shrinkage=0.00523217


Tree=6
num_leaves=12
num_cat=0
split_feature=0 8 0 7 0 7 16 11 0 16 6
split_gain=49.7521 14.6748 9.36994 7.89561 7.65493 4.97335 4.26687 3.02031 2.93769 2.64875 2.51415
threshold=-1.6972953081130979 -0.84644159674644459 -3.6683096885681148 inf 0.60460948944091808 0.28506816923618322 -0.077415313571691499 0.38381305336952215 0.54450255632400524 -1.0683403015136717 -0.78139695525169361
decision_type=2 10 2 8 2 8 2 10 2 2 2
left_child=2 3 -1 8 5 7 -5 -3 -2 -7 -4
right_child=1 4 10 6 -6 9 -8 -9 -10 -11 -12
leaf_value=-0.00016595732950603489 -2.0754944244973618e-05 8.7181327933398451e-06 -9.6200301339107862e-05 -1.7556298266614406e-05 3.1159388856194502e-05 -3.8737333566564837e-05 -0.00016708732635586877 3.1982304081251423e-05 1.2570137497981527e-05 -2.2138233250528329e-06 -4.0522645893818779e-05
leaf_weight=40437 409240 706821 47092 8095 443916 61548 14796 194961 87951 465785 42141
leaf_count=40437 409240 706821 47092 8095 443916 61548 14796 194961 87951 465785 42141
internal_value=-5.54953e-08 5.35282e-06 -9.98735e-05 -1.92346e-05 1.21804e-05 6.2845e-06 -0.000114247 1.37487e-05 -1.48582e-05 -6.47829e-06 -6.9916e-05
internal_weight=2.52278e+06 2.39311e+06 129670 520082 1.87303e+06 1.42912e+06 22891 901782 497191 527333 89233
internal_count=2522783 2393113 129670 520082 1873031 1429115 22891 901782 497191 527333 89233
is_linear=0
shrinkage=0.00523217


Tree=7
num_leaves=12
num_cat=0
split_feature=1 1 6 16 3 5 1 3 10 10 9
split_gain=75.5292 25.0289 20.6819 11.1739 10.4552 7.03785 11.1376 6.30144 6.13411 5.57193 4.5336
threshold=-0.23068659752607343 -3.4203196763992305 -2.4347604513168331 -0.036527931690216058 -0.39311426877975458 -0.052101802080869668 -4.1045525074005118 -1.6629212498664854 0.57087069749832164 -0.035434899851679795 0.052495390176773078
decision_type=2 2 2 2 8 8 2 10 8 8 8
left_child=1 3 -2 5 -4 6 -1 9 10 -5 -6
right_child=2 -3 4 7 8 -7 -8 -9 -10 -11 -12
leaf_value=0.0071175683666287242 -0.00010918008112109151 5.1226171972819849e-05 -3.8698981798496826e-05 0.0066603250796810343 -8.6051150662671121e-06 -7.3119192342135778e-05 0.00067044008540611893 0.00032579060306182445 -2.5029739313090464e-05 0.001439266775531709 1.6669876066757284e-05
leaf_weight=7.9999999999999991 66850 717836 400266 11.999999999999998 597192 50800 40 21 401965 12.000000000000002 287953
leaf_count=8 66850 717836 400266 12 597192 50800 40 21 401965 12 287953
internal_value=3.03839e-08 4.32761e-05 -1.89201e-05 -6.88402e-05 -1.53437e-05 -7.11904e-05 0.00190652 0.00250318 -8.08e-06 0.00427178 -3.81804e-07
internal_weight=2.52296e+06 768729 1.75423e+06 50893 1.68738e+06 50848 48 45 1.28711e+06 24 885145
internal_count=2522955 768729 1754226 50893 1687376 50848 48 45 1287110 24 885145
is_linear=0
shrinkage=0.00523217


Tree=8
num_leaves=12
num_cat=0
split_feature=1 0 2 2 22 0 22 0 12 0 14
split_gain=74.7184 36.0279 25.0772 11.8067 6.95168 5.65459 5.33111 4.71108 4.51028 4.20311 4.41836
threshold=-0.23068659752607343 -2.6519951820373531 inf 0.080946564674377455 0.21241630613803866 0.40340988337993627 0.070295698940753951 -1.3377169966697691 0.28089439868927008 0.35525578260421758 -2.1562396287918086
decision_type=2 2 8 8 8 2 8 2 10 2 2
left_child=2 6 9 5 7 -3 -2 -5 -7 10 -1
right_child=1 3 -4 4 -6 8 -8 -9 -10 -11 -12
leaf_value=0.0002000490140999022 -0.0001820043493690287 9.2220985133096068e-06 -7.981165918298398e-05 -8.9315966581176624e-05 -3.6730524604514406e-06 9.0209977590867994e-06 -9.0853874370606577e-05 -3.2309734373132575e-05 -4.141197634542792e-05 5.7025916398961588e-05 2.2462812781761216e-05
leaf_weight=3931 33939 577789 42965 42499 252334 77355 36531 603594 130233 563653 158094
leaf_count=3931 33939 577789 42965 42499 252334 77355 36531 603594 130233 563653 158094
internal_value=-1.48006e-08 -1.88628e-05 4.30009e-05 -1.40115e-05 -2.69653e-05 8.05998e-07 -0.000134766 -3.60609e-05 -2.2615e-05 5.02734e-05 2.67777e-05
internal_weight=2.52292e+06 1.75427e+06 768643 1.6838e+06 898427 785377 70470 646093 207588 725678 162025
internal_count=2522917 1754274 768643 1683804 898427 785377 70470 646093 207588 725678 162025
is_linear=0
shrinkage=0.00523217


Tree=9
num_leaves=12
num_cat=0
split_feature=0 4 0 0 18 11 0 16 16 15 6
split_gain=48.5809 19.5539 9.11987 8.3935 5.90723 5.6002 4.10937 3.98028 2.68117 2.48938 2.46405
threshold=-1.6972953081130979 -0.12821917980909345 -3.6683096885681148 0.071068558841943755 inf 0.38381305336952215 0.77833691239357006 -0.077415313571691499 -0.83916014432907093 -0.10585158318281172 -0.78139695525169361
decision_type=2 10 2 2 8 10 2 2 2 2 2
left_child=2 3 -1 4 8 -3 -5 -6 -2 -9 -4
right_child=1 5 10 6 7 -7 -8 9 -10 -11 -12
leaf_value=-0.00016388247057477054 -5.1670980908074355e-05 1.299940059553551e-05 -9.5116459689797284e-05 -3.455903128619044e-06 -1.533022781386734e-05 3.8028037929225444e-05 3.274247511483708e-05 -0.00031531768838673186 -1.7158953070099289e-05 -0.00013056418315166951 -3.999926967541736e-05
leaf_weight=40403 72825 900257 47114 558450 7904 336198 101446 2409 401914 11926 42133
leaf_count=40403 72825 900257 47114 558450 7904 336198 101446 2409 401914 11926 42133
internal_value=-4.23953e-09 5.33918e-06 -9.86486e-05 -1.01216e-05 -2.63614e-05 1.98055e-05 2.10772e-06 -0.000109713 -2.24549e-05 -0.000161692 -6.91058e-05
internal_weight=2.52298e+06 2.39333e+06 129650 1.15687e+06 496978 1.23646e+06 659896 22239 474739 14335 89247
internal_count=2522979 2393329 129650 1156874 496978 1236455 659896 22239 474739 14335 89247
is_linear=0
shrinkage=0.00523217


Tree=10
num_leaves=12
num_cat=0
split_feature=1 0 1 4 15 5 0 3 10 3 0
split_gain=73.7574 35.3847 24.539 13.6805 7.98674 9.13105 9.41864 7.4684 7.25656 5.66516 4.92921
threshold=-0.23068659752607343 -2.6519951820373531 -3.4203196763992305 -0.12821917980909345 -0.086743358522653566 -0.052101802080869668 0.029760809615254406 -1.6629212498664854 -0.035434899851679795 -0.64030045270919789 0.43290670216083532
decision_type=2 2 2 8 2 8 2 10 8 10 2
left_child=2 -2 4 9 5 6 -1 8 -6 -3 -5
right_child=1 3 -4 10 7 -7 -8 -9 -10 -11 -12
leaf_value=0.007115413928479853 -0.00013357388845884399 -5.1151309073789828e-05 5.0605210718913856e-05 8.0738995182131711e-06 0.006926264159161013 -7.2494358934317734e-05 0.0009622721142740528 0.00011643020640727213 0.0011914262937711543 -2.0567649771456697e-05 -2.2005321501262784e-05
leaf_weight=7.9999999999999991 70490 226299 717853 642366 10.999999999999998 50764 30 31 14.000000000000002 620947 194240
leaf_count=8 70490 226299 717853 642366 11 50764 30 31 14 620947 194240
internal_value=0 -1.87263e-05 4.27361e-05 -1.39179e-05 -6.83185e-05 -7.05319e-05 0.00245374 0.00188551 0.0039442 -2.87375e-05 1.08924e-06
internal_weight=2.52305e+06 1.75434e+06 768711 1.68385e+06 50858 50802 38 56 25 847246 836606
internal_count=2523053 1754342 768711 1683852 50858 50802 38 56 25 847246 836606
is_linear=0
shrinkage=0.00523217


Tree=11
num_leaves=12
num_cat=0
split_feature=1 0 1 4 16 3 7 3 0 23 0
split_gain=73.1655 35.1171 24.1035 13.5462 10.9586 6.17985 8.34854 5.51151 4.95559 4.41778 7.24707
threshold=-0.23068659752607343 -2.6519951820373531 -3.4203196763992305 -0.12821917980909345 -0.036527931690216058 -1.6629212498664854 1.8587954044342043 -0.64030045270919789 0.43290670216083532 1.6178787350654604 0.025445168837904934
decision_type=2 2 2 8 2 10 8 8 2 8 2
left_child=2 -2 4 7 9 6 -6 -3 -5 10 -1
right_child=1 3 -4 8 5 -7 -8 -9 -10 -11 -12
leaf_value=0.0059398051483818375 -0.00013305384055500697 -5.0712388733412659e-05 5.0368464733417591e-05 8.0823855576820859e-06 0.0071223401271047369 0.00032290293395948621 0.00089953254367042094 -2.0543981183892144e-05 -2.2078605010388567e-05 -7.1538376249495337e-05 0.00059453471640682869
leaf_weight=6.9999999999999991 70494 226241 717858 642363 11.999999999999998 21 12.000000000000002 621037 194217 50736 52
leaf_count=7 70494 226241 717858 642363 12 21 12 621037 194217 50736 52
internal_value=5.53803e-09 -1.86447e-05 4.25708e-05 -1.38544e-05 -6.75145e-05 0.00247961 0.00423109 -2.86006e-05 1.07935e-06 -6.98444e-05 0.00134627
internal_weight=2.52305e+06 1.75435e+06 768698 1.68386e+06 50840 45 24 847278 836580 50795 59
internal_count=2523050 1754352 768698 1683858 50840 45 24 847278 836580 50795 59
is_linear=0
shrinkage=0.00523217


Tree=12
num_leaves=12
num_cat=0
split_feature=1 2 6 2 20 13 6 6 1 23 2
split_gain=72.003 24.172 19.8618 11.5229 6.75264 6.71989 3.9779 3.96719 3.46813 5.76004 4.96576
threshold=-0.23068659752607343 inf -2.4347604513168331 0.080946564674377455 -0.51915311813354481 0.10241636633872987 -3.6804323196411128 -0.68506309390068043 -3.5853723287582393 1.6178787350654604 1.735182046890259
decision_type=2 8 2 8 8 10 2 2 2 8 10
left_child=1 8 6 4 -4 -6 -2 -5 9 10 -1
right_child=2 -3 3 7 5 -7 -8 -9 -10 -11 -12
leaf_value=0.00020489634080217282 -0.00017114044274878462 -7.8396578398942998e-05 -2.5661048297995341e-05 -4.8450302390667646e-05 2.3407536856539816e-05 -1.3074305096096599e-05 -8.1527319589379965e-05 -2.1951921530981265e-05 5.0759353376273325e-05 -5.221151359819901e-05 0.0036630402905798417
leaf_weight=26 18961 42936 211931 198640 347005 229695 47887 700064 715043 10660 20
leaf_count=26 18961 42936 211931 198640 347005 229695 47887 700064 715043 10660 20
internal_value=-2.84851e-09 4.22221e-05 -1.85064e-05 -1.50015e-05 -4.04447e-07 8.87572e-06 -0.00010696 -2.78098e-05 4.93593e-05 -4.40704e-05 0.00177956
internal_weight=2.52287e+06 768685 1.75418e+06 1.68734e+06 788631 576700 66848 898704 725749 10706 46
internal_count=2522868 768685 1754183 1687335 788631 576700 66848 898704 725749 10706 46
is_linear=0
shrinkage=0.00523217


Tree=13
num_leaves=12
num_cat=0
split_feature=1 2 6 2 20 22 6 21 1 5 1
split_gain=71.3874 23.7916 19.8411 11.4889 6.6979 5.9331 3.92005 3.72561 3.45132 8.91018 6.83717
threshold=-0.23068659752607343 inf -2.4347604513168331 0.080946564674377455 -0.51915311813354481 -0.015680633485317227 -3.6804323196411128 0.0074580179061740645 -3.5853723287582393 -0.052101802080869668 -4.1045525074005118
decision_type=2 8 2 8 8 8 2 2 2 8 2
left_child=1 8 6 4 -4 -5 -2 -3 9 10 -1
right_child=2 7 3 5 -6 -7 -8 -9 -10 -11 -12
leaf_value=0.006876347290910207 -0.00017061817089136487 -2.4575407846252584e-05 -2.5517306874309316e-05 -3.9263607853215665e-05 8.8839095552603438e-06 -1.2060472797779715e-05 -8.1622826169692905e-05 -0.00012246061901826708 5.0511386332202209e-05 -5.2469446901762763e-05 0.0011900061236984809
leaf_weight=7.0000000000000027 18939 19668 211861 517498 576631 381322 47894 23264 714924 10670 24
leaf_count=7 18939 19668 211861 517498 576631 381322 47894 23264 714924 10670 24
internal_value=-1.53735e-08 4.20332e-05 -1.84389e-05 -1.49362e-05 -3.58406e-07 -2.77237e-05 -0.000106857 -7.76381e-05 4.91148e-05 -4.41102e-05 0.00270437
internal_weight=2.5227e+06 768557 1.75414e+06 1.68731e+06 788492 898820 66833 42932 725625 10701 31
internal_count=2522702 768557 1754145 1687312 788492 898820 66833 42932 725625 10701 31
is_linear=0
shrinkage=0.00523217


Tree=14
num_leaves=12
num_cat=0
split_feature=0 8 0 7 0 7 16 20 11 0 16
split_gain=46.7627 13.8834 8.94383 7.3916 7.06556 4.72438 4.1576 3.83929 2.73672 2.66198 2.55541
threshold=-1.6972953081130979 -0.84644159674644459 -3.6683096885681148 inf 0.60460948944091808 0.33451028168201452 -0.077415313571691499 -0.50528994202613819 0.3432620912790299 0.54450255632400524 -1.0683403015136717
decision_type=2 10 2 8 2 8 2 8 8 2 2
left_child=2 3 -1 9 5 7 -5 -3 -9 -2 -7
right_child=1 4 -4 6 -6 10 -8 8 -10 -11 -12
leaf_value=-0.00016140486727756417 -2.0085096810070412e-05 -2.9232502416407447e-06 -6.7554684953746781e-05 -1.5125651538505727e-05 3.0081576267532535e-05 -3.9369927987461331e-05 -0.00016269149930145128 1.4528399137780954e-05 4.0688799972105161e-05 1.1635245344896749e-05 -2.5046477714641066e-06
leaf_weight=40409 409228 283294 89262 8095 443917 58307 14817 508340 139595 87965 439772
leaf_count=40409 409228 283294 89262 8095 443917 58307 14817 508340 139595 87965 439772
internal_value=-3.57403e-08 5.20712e-06 -9.68083e-05 -1.87076e-05 1.18475e-05 6.18381e-06 -0.000110594 1.31409e-05 2.01659e-05 -1.44714e-05 -6.82193e-06
internal_weight=2.523e+06 2.39333e+06 129671 520105 1.87322e+06 1.42931e+06 22912 931229 647935 497193 498079
internal_count=2523001 2393330 129671 520105 1873225 1429308 22912 931229 647935 497193 498079
is_linear=0
shrinkage=0.00523217


Tree=15
num_leaves=12
num_cat=0
split_feature=0 10 0 7 0 22 22 22 0 7 0
split_gain=46.2773 14.7904 8.77284 7.37306 6.95497 5.89821 4.60593 4.32216 3.09173 2.72792 2.57674
threshold=-1.6972953081130979 0.86292907595634472 -3.6683096885681148 inf 0.60460948944091808 0.048043077811598785 0.1674076393246651 -0.04029682278633117 0.048317138105630882 0.22850257903337481 0.54450255632400524
decision_type=2 8 2 8 2 8 8 8 2 10 2
left_child=2 4 7 10 5 9 -4 -1 -5 -2 -3
right_child=1 3 6 8 -6 -7 -8 -9 -10 -11 -12
leaf_value=-0.00022488621995563941 5.3896558748253227e-06 -2.1072162391779193e-05 -0.00010082994635634445 -9.5671176883748303e-05 2.9965610693752449e-05 1.9964229215135635e-05 -2.5123260387906569e-05 -0.00011484000358276133 -0.00034968142055791197 -1.3320571639521383e-05 1.0776514934706518e-05
leaf_weight=16672 547990 399343 49724 21793 447081 542198 39518 23738 1398 349273 84170
leaf_count=16672 547990 399343 49724 21793 447081 542198 39518 23738 1398 349273 84170
internal_value=-1.76421e-08 5.19775e-06 -9.6294e-05 -1.98994e-05 1.1939e-05 6.33955e-06 -6.73154e-05 -0.000160267 -0.000111035 -1.89269e-06 -1.55263e-05
internal_weight=2.5229e+06 2.39325e+06 129652 506704 1.88654e+06 1.43946e+06 89242 40410 23191 897263 483513
internal_count=2522898 2393246 129652 506704 1886542 1439461 89242 40410 23191 897263 483513
is_linear=0
shrinkage=0.00523217


Tree=16
num_leaves=12
num_cat=0
split_feature=1 2 2 5 4 1 1 15 5 1 1
split_gain=70.4247 23.2353 15.3842 7.71719 4.69852 3.41691 3.35734 12.8447 11.0829 5.10519 3.86333
threshold=-0.23068659752607343 inf 0.22899828851222995 1.2562127709388735 -0.078619480133056627 -4.1045525074005118 -3.5853723287582393 -0.086743358522653566 -0.052101802080869668 -4.1045525074005118 -4.1045525074005118
decision_type=2 8 8 10 8 2 2 2 8 2 2
left_child=1 6 -2 4 -4 -3 7 8 9 -1 -9
right_child=2 5 3 -5 -6 -7 -8 10 -10 -11 -12
leaf_value=0.0068454967735907613 -3.4632979121119091e-06 -0.00016966267512342968 -3.6644369258458971e-05 -7.3258977104424493e-05 -7.2868505777405679e-06 -5.3034159506389868e-05 5.0153207591328519e-05 0.0039801207404397939 -6.2301334536610394e-05 0.001604655650522238 -3.6793025079041225e-05
leaf_weight=7.0000000000000027 916505 8611 505667 120351 211835 34363 715125 27 10629 18 7.9999999999999991
leaf_count=7 916505 8611 505667 120351 211835 34363 715125 27 10629 18 8
internal_value=1.98317e-08 4.17771e-05 -1.82784e-05 -3.44833e-05 -2.7978e-05 -7.64265e-05 4.87769e-05 -4.32217e-05 -5.3859e-05 0.00334556 0.00306856
internal_weight=2.52315e+06 768788 1.75436e+06 837853 717502 42974 725814 10689 10654 25 35
internal_count=2523146 768788 1754358 837853 717502 42974 725814 10689 10654 25 35
is_linear=0
shrinkage=0.00523217


Tree=17
num_leaves=12
num_cat=0
split_feature=1 1 3 16 4 9 5 1 3 10 1
split_gain=69.502 22.8657 16.4462 10.7359 9.00913 6.83641 6.69854 10.7122 6.07415 5.43707 4.34965
threshold=-0.23068659752607343 -3.4203196763992305 -0.64030045270919789 -0.036527931690216058 -0.10844315588474272 0.020757117308676246 -0.052101802080869668 -4.1045525074005118 -1.6629212498664854 -0.035434899851679795 2.3525323867797856
decision_type=2 2 8 2 8 10 8 2 10 8 2
left_child=1 3 10 6 -4 -6 7 -1 9 -5 -2
right_child=2 -3 4 8 5 -7 -8 -9 -10 -11 -12
leaf_value=0.0069719321246208606 -4.7015106522518396e-05 4.9107736284870485e-05 -2.4191784426616466e-05 0.0065504934702845371 -8.2231858488727317e-06 2.615683849088051e-05 -6.9888056741100919e-05 0.00064907105495875855 0.00031708527977853133 0.0013963868353841645 -0.00015934492402861988
leaf_weight=7.9999999999999991 342568 717767 659757 11.999999999999998 513364 228943 50757 40 21 12.000000000000002 9710
leaf_count=8 342568 717767 659757 12 513364 228943 50757 40 21 12 9710
internal_value=2.25114e-08 4.15113e-05 -1.81542e-05 -6.56984e-05 -1.01235e-05 2.37928e-06 -6.80043e-05 0.00186144 0.00245541 0.00419184 -5.01141e-05
internal_weight=2.52296e+06 768617 1.75434e+06 50850 1.40206e+06 742307 50805 48 45 24 352278
internal_count=2522959 768617 1754342 50850 1402064 742307 50805 48 45 24 352278
is_linear=0
shrinkage=0.00523217


Tree=18
num_leaves=12
num_cat=0
split_feature=6 4 7 6 6 20 22 10 7 24 22
split_gain=26.9522 19.3073 8.17821 5.88737 5.87729 4.03169 3.57774 3.3892 2.55746 2.46734 2.42416
threshold=-1.9541740417480467 -0.12821917980909345 -2.7326115369796748 -0.48170316219329828 -3.6804323196411128 -0.74797555804252613 -0.12972509115934369 0.69050458073616039 0.49088962376117712 0.63205513358116161 0.13935053348541263
decision_type=2 10 10 2 2 8 8 8 10 10 10
left_child=4 2 -2 -4 -1 -3 -5 8 9 -7 -6
right_child=1 5 3 6 10 7 -8 -9 -10 -11 -12
leaf_value=-0.00016303526140338956 -0.0001068913516407035 1.3315982459565377e-07 -3.1747432623399323e-05 -1.4155330736599224e-05 -8.1209244149432403e-05 3.897025431790048e-05 6.8752011504419182e-06 9.5015361237429475e-07 4.7095703099004591e-06 1.8766688269516151e-05 -2.2654631720032947e-05
leaf_weight=19440 24191 272704 256583 428535 61027 422974 458200 160891 118011 272154 28410
leaf_count=19440 24191 272704 256583 428535 61027 422974 458200 160891 118011 272154 28410
internal_value=-3.1821e-08 3.59939e-06 -1.16902e-05 -9.67511e-06 -8.0557e-05 1.79181e-05 -3.28738e-06 2.28966e-05 2.7238e-05 3.10614e-05 -6.26187e-05
internal_weight=2.52312e+06 2.41424e+06 1.16751e+06 1.14332e+06 108877 1.24673e+06 886735 974030 813139 695128 89437
internal_count=2523120 2414243 1167509 1143318 108877 1246734 886735 974030 813139 695128 89437
is_linear=0
shrinkage=0.00523217


Tree=19
num_leaves=12
num_cat=0
split_feature=6 4 7 6 6 13 20 16 21 14 20
split_gain=26.5573 19.1568 8.04949 5.78843 5.73312 5.07516 4.62198 3.89994 3.8552 3.11011 2.28299
threshold=-1.9541740417480467 -0.12821917980909345 -2.7326115369796748 -0.48170316219329828 -3.6804323196411128 0.15783642977476123 -0.75600859522819508 -1.085099935531616 0.0074580179061740645 -2.2944983243942256 3.5295618772506718
decision_type=2 10 10 2 2 8 8 2 2 2 8
left_child=4 2 8 -4 -1 6 -3 -5 -2 -9 -7
right_child=1 5 3 7 -6 10 -8 9 -10 -11 -12
leaf_value=-0.00016138574488058891 -1.9725353217856306e-05 3.056860582676852e-06 -3.1503924245656259e-05 -3.6349853891238005e-05 -6.2206637883213109e-05 3.790281251977896e-06 3.3999264645931523e-05 0.0001853137730496558 -0.00015666123858803547 -2.1634515778650888e-07 8.8863266058106677e-05
leaf_weight=19440 8945 172979 256530 87947 89426 504032 560774 2480 15246 796201 8786
leaf_count=19440 8945 172979 256530 87947 89426 504032 560774 2480 15246 796201 8786
internal_value=1.06601e-08 3.61611e-06 -1.16149e-05 -9.61537e-06 -7.99258e-05 1.78798e-05 2.67058e-05 -3.28137e-06 -0.000106064 3.59016e-07 5.24959e-06
internal_weight=2.52279e+06 2.41392e+06 1.16735e+06 1.14316e+06 108866 1.24657e+06 733753 886628 24191 798681 512818
internal_count=2522786 2413920 1167349 1143158 108866 1246571 733753 886628 24191 798681 512818
is_linear=0
shrinkage=0.00523217


Tree=20
num_leaves=12
num_cat=0
split_feature=1 2 2 5 20 22 1 1 4 1 5
split_gain=68.8364 22.6563 15.0559 7.40765 6.61395 5.61161 3.70102 3.43371 3.43138 3.31521 8.93352
threshold=-0.23068659752607343 inf 0.22899828851222995 1.2562127709388735 -0.51915311813354481 -0.015680633485317227 2.1763159036636357 -4.1045525074005118 -0.078619480133056627 -3.5853723287582393 1.0000000180025095e-35
decision_type=2 8 8 10 8 8 2 2 10 2 8
left_child=1 9 4 5 -2 8 -6 -3 -4 10 -1
right_child=2 7 3 -5 6 -7 -8 -9 -10 -11 -12
leaf_value=0.0027528899531561132 -2.6644076550154746e-05 -0.00016885269694564501 -4.9863986816241257e-05 -7.2121038348760293e-05 6.3907634679899583e-06 -1.0568369947641153e-05 -0.00010998964040453332 -5.1977280536248834e-05 -1.6782900415530784e-05 4.9569035695088737e-05 -5.1346472585951661e-05
leaf_weight=30 245946 8619 294481 120315 662922 301657 7564 34347 121270 714974 10683
leaf_count=30 245946 8619 294481 120315 662922 301657 7564 34347 121270 714974 10683
internal_value=-9.8742e-11 4.1287e-05 -1.80921e-05 -3.41247e-05 -3.43565e-06 -2.77512e-05 5.07644e-06 -7.54452e-05 -4.02166e-05 4.81996e-05 -4.31159e-05
internal_weight=2.52281e+06 768653 1.75416e+06 837723 916432 717408 670486 42966 415751 725687 10713
internal_count=2522808 768653 1754155 837723 916432 717408 670486 42966 415751 725687 10713
is_linear=0
shrinkage=0.00523217


Tree=21
num_leaves=12
num_cat=0
split_feature=2 10 3 2 12 9 12 10 15 9 2
split_gain=26.3322 9.22071 6.67576 5.36749 3.39742 3.29263 3.1419 2.95016 2.82396 2.58814 2.56028
threshold=0.42519605159759527 0.91576105356216442 -1.4190409779548643 -0.45284664630889887 0.5024334490299226 1.2490426301956179 -3.3229986429214473 0.58967092633247387 0.018127950839698318 1.1428142786026003 1.4719272851943972
decision_type=8 8 8 8 10 10 8 8 2 10 8
left_child=3 2 9 4 6 10 -1 -5 -6 -2 -4
right_child=1 -3 5 7 8 -7 -8 -9 -10 -11 -12
leaf_value=-9.1106618564666344e-05 -4.2366513590032293e-05 -4.8253115199224394e-05 -3.6735884080107702e-06 1.0342248512545788e-05 2.3642953571717717e-05 -5.7402840661751349e-05 3.4651370762257224e-05 -1.0658925531918257e-05 -9.5762030013745479e-06 -0.00013965497903220707 5.682561229232162e-05
leaf_weight=5506 97535 266171 501306 632427 166668 30374 416389 257709 120812 8117 19908
leaf_count=5506 97535 266171 501306 632427 166668 30374 416389 257709 120812 8117 19908
internal_value=-2.44715e-08 -2.22717e-05 -1.17483e-05 1.28185e-05 2.35553e-05 -4.44872e-06 3.3008e-05 4.26116e-06 9.68e-06 -4.985e-05 -1.36113e-06
internal_weight=2.52292e+06 923411 657240 1.59951e+06 709375 551588 421895 890136 287480 105652 521214
internal_count=2522922 923411 657240 1599511 709375 551588 421895 890136 287480 105652 521214
is_linear=0
shrinkage=0.00523217


Tree=22
num_leaves=12
num_cat=0
split_feature=1 0 1 22 16 12 0 22 7 23 0
split_gain=67.9669 33.3479 22.2085 10.5671 8.71891 5.72445 5.56842 5.25449 4.79298 4.17966 7.00601
threshold=-0.23068659752607343 -2.6519951820373531 -3.4203196763992305 0.048043077811598785 -0.036527931690216058 -0.43741495907306666 -1.4156093597412107 0.070295698940753951 1.8587954044342043 1.6178787350654604 0.025445168837904934
decision_type=2 2 2 8 2 10 2 8 8 8 2
left_child=2 7 4 6 9 8 -3 -2 -6 10 -1
right_child=1 3 -4 -5 5 -7 -8 -9 -10 -11 -12
leaf_value=0.0058214893023498622 -0.0001763403080398354 -8.0155036068042901e-05 4.8508749252337938e-05 3.4970083587851985e-06 0.0057268038684175392 -1.1358353080904697e-05 -2.0958179707087554e-05 -8.5860077396616725e-05 0.0010721131881035535 -6.8349612979074921e-05 0.00057336012952732558
leaf_weight=6.9999999999999991 33965 45487 717896 636814 13.999999999999998 18 1001501 36519 12.000000000000002 50749 53
leaf_count=7 33965 45487 717896 636814 14 18 1001501 36519 12 50749 53
internal_value=9.42333e-11 -1.79763e-05 4.10233e-05 -1.33085e-05 -6.46317e-05 0.00223228 -2.35309e-05 -0.000129475 0.00374807 -6.66884e-05 0.00129941
internal_weight=2.52304e+06 1.75429e+06 768749 1.6838e+06 50853 44 1.04699e+06 70484 26 50809 60
internal_count=2523035 1754286 768749 1683802 50853 44 1046988 70484 26 50809 60
is_linear=0
shrinkage=0.00523217


Tree=23
num_leaves=12
num_cat=0
split_feature=1 2 3 22 2 1 1 1 1 15 20
split_gain=67.3177 22.1346 16.0165 8.97298 5.6532 4.38663 3.3627 3.28611 3.64421 12.4623 11.0411
threshold=-0.23068659752607343 inf -0.64030045270919789 0.048043077811598785 -0.31719970703124994 2.3525323867797856 -4.1045525074005118 -0.39086142182350153 -3.5853723287582393 -0.086743358522653566 3.5295618772506718
decision_type=2 8 8 8 8 2 2 2 2 2 10
left_child=1 7 5 4 -4 -2 -3 8 9 -1 -11
right_child=2 6 3 -5 -6 -7 -8 -9 -10 10 -12
leaf_value=-5.2937538742700724e-05 -4.6328029669517427e-05 -0.00016710326036962765 -2.1625827330750871e-06 6.6600318819346667e-06 -3.0335222886425804e-05 -0.0001590601168900216 -5.1369392275905446e-05 2.4969129241102139e-05 5.4901872031766636e-05 0.0012418948165418603 0.0080116821235769169
leaf_weight=10672 342589 8605 299504 543347 559086 9723 34355 141058 573943 27 7.9999999999999991
leaf_count=10672 342589 8605 299504 543347 559086 9723 34355 141058 573943 27 8
internal_value=-1.37839e-08 4.08151e-05 -1.79045e-05 -9.97834e-06 -2.05086e-05 -4.9442e-05 -7.45738e-05 4.7647e-05 5.31171e-05 -4.24763e-05 0.00302265
internal_weight=2.52292e+06 768668 1.75425e+06 1.40194e+06 858590 352312 42960 725708 584650 10707 35
internal_count=2522917 768668 1754249 1401937 858590 352312 42960 725708 584650 10707 35
is_linear=0
shrinkage=0.00523217


Tree=24
num_leaves=12
num_cat=0
split_feature=0 8 3 11 13 6 11 21 20 0 8
split_gain=44.4439 14.1124 9.93611 6.71034 6.57342 4.8144 4.0051 4.00096 3.22238 3.04889 2.92715
threshold=-2.437330842018127 -0.84644159674644459 -0.39311426877975458 0.39707155525684362 inf -3.313801527023315 -0.89868974685668934 0.0074580179061740645 -0.51207372546195973 -0.082518603652715669 -2.1562443971633907
decision_type=2 10 10 10 8 2 8 2 8 2 8
left_child=5 4 -3 6 9 -1 -4 -6 -5 10 -2
right_child=1 2 3 8 7 -7 -8 -9 -10 -11 -12
leaf_value=-0.00021149359316847914 8.5076122228374852e-05 -1.2584690286427053e-05 -9.5913384621682927e-06 1.9967078930480008e-05 -1.1935846223824991e-05 -0.00010302957144317985 1.549115330915784e-05 -0.00015740384891533803 5.2819675404288958e-05 -6.6028932346726853e-06 -3.7235419001921103e-05
leaf_weight=13498 5524 398154 212587 151661 7967 66490 966152 14841 177536 336793 171688
leaf_count=13498 5524 398154 212587 151661 7967 66490 966152 14841 177536 336793 171688
internal_value=1.3995e-08 3.98807e-06 1.06621e-05 1.68007e-05 -1.97081e-05 -0.000121346 1.09668e-05 -0.000106629 3.76871e-05 -1.58494e-05 -3.34177e-05
internal_weight=2.52289e+06 2.4429e+06 1.90609e+06 1.50794e+06 536813 79988 1.17874e+06 22808 329197 514005 177212
internal_count=2522891 2442903 1906090 1507936 536813 79988 1178739 22808 329197 514005 177212
is_linear=0
shrinkage=0.00523217


Tree=25
num_leaves=12
num_cat=0
split_feature=0 2 0 22 11 5 22 0 11 0 22
split_gain=44.0319 19.3056 8.36725 5.74047 5.3113 4.34768 3.81465 3.12186 2.38853 2.38598 2.20327
threshold=-2.437330842018127 0.38448451459407812 0.071068558841943755 0.064967129379510893 -0.48650003969669336 0.50869378447532665 0.13227304816246035 -4.1738927364349356 0.60573485493659984 0.70698484778404247 -0.12505465000867841
decision_type=2 8 2 8 8 8 8 2 10 2 8
left_child=3 4 5 7 -2 -3 9 -1 10 -6 -7
right_child=1 2 -4 -5 6 8 -8 -9 -10 -11 -12
leaf_value=-0.00022970403465922157 1.2643687072182436e-06 -1.5941404470573115e-05 4.6488787727338328e-07 -7.7964818312046638e-05 1.0267775811000623e-05 -8.4270088156309216e-05 3.7243981019391402e-05 -0.00013137576811481585 -2.0084813984404673e-05 3.3076152767395867e-05 -4.3261762052913012e-05
leaf_weight=13845 489487 240607 472845 41450 550949 59875 318704 24683 57951 162696 89814
leaf_count=13845 489487 240607 472845 41450 550949 59875 318704 24683 57951 162696 89814
internal_value=6.28234e-08 4.01816e-06 -1.48874e-05 -0.000120741 1.54613e-05 -3.1084e-05 2.2192e-05 -0.000166737 -4.86267e-05 1.54688e-05 -5.96708e-05
internal_weight=2.52291e+06 2.44293e+06 921092 79978 1.52184e+06 448247 1.03235e+06 38528 207640 713645 149689
internal_count=2522906 2442928 921092 79978 1521836 448247 1032349 38528 207640 713645 149689
is_linear=0
shrinkage=0.00523217


Tree=26
num_leaves=12
num_cat=0
split_feature=1 1 3 16 20 10 20 1 1 9 16
split_gain=66.325 21.3833 15.6204 10.4275 12.8079 6.67831 6.38034 4.13753 3.42741 3.36487 3.24793
threshold=-0.23068659752607343 -3.4203196763992305 -0.64030045270919789 -0.036527931690216058 3.5295618772506718 0.58037328720092785 -0.43579408526420588 2.3525323867797856 -0.39086142182350153 0.052495390176773078 -0.077415313571691499
decision_type=2 2 8 2 10 8 8 2 2 10 2
left_child=1 3 7 10 -5 6 9 -2 -3 -4 -1
right_child=2 8 5 4 -6 -7 -8 -9 -10 -11 -12
leaf_value=-1.143669952267924e-05 -4.5876619111598508e-05 5.3537640607942993e-05 -3.2654271268551366e-05 0.00098997289229740132 0.0079751552592209514 -2.6712176971546536e-05 7.2826905635722583e-06 -0.00015529201299659408 2.4751967220770741e-05 4.6822631326751409e-06 -9.7856086711507379e-05
leaf_weight=19094 342550 576585 220430 37 7.9999999999999991 443682 643523 9736 141054 94317 31723
leaf_count=19094 342550 576585 220430 37 8 443682 643523 9736 141054 94317 31723
internal_value=0 4.05327e-05 -1.77567e-05 -6.31294e-05 0.00242151 -9.92954e-06 -2.15827e-06 -4.89033e-05 4.78809e-05 -2.14635e-05 -6.54017e-05
internal_weight=2.52274e+06 768501 1.75424e+06 50862 45 1.40195e+06 958270 352286 717639 314747 50817
internal_count=2522739 768501 1754238 50862 45 1401952 958270 352286 717639 314747 50817
is_linear=0
shrinkage=0.00523217


Tree=27
num_leaves=12
num_cat=0
split_feature=0 4 0 7 0 22 13 22 22 19 0
split_gain=43.4275 17.2095 8.37159 7.90816 5.90905 5.3456 4.56059 4.32194 4.11904 3.13795 3.10571
threshold=-1.6972953081130979 -0.12821917980909345 -3.6683096885681148 -2.7326115369796748 0.77833691239357006 -0.12972509115934369 0.15783642977476123 0.15329001098871234 -0.04029682278633117 1.4123880267143252 -0.099432088434696184
decision_type=2 10 2 10 2 8 8 8 8 8 2
left_child=2 3 8 -2 5 10 -3 -4 -1 -7 -5
right_child=1 6 7 4 -6 9 -8 -9 -10 -11 -12
leaf_value=-0.00021882169005059865 -0.00010340203421037197 2.6945899024686914e-05 -9.7885418814928866e-05 -4.4304487239576778e-05 3.0642768225013628e-05 5.8134626369421801e-06 6.5025054403688831e-06 -2.4673823424719634e-05 -0.00011139992124492962 -2.7931664670296135e-05 -1.5311825078832011e-05
leaf_weight=16684 24033 731355 49145 142430 101293 448757 505211 40139 23724 90680 349495
leaf_count=16684 24033 731355 49145 142430 101293 448757 505211 40139 23724 90680 349495
internal_value=-2.87108e-08 5.02426e-06 -9.32785e-05 -9.48211e-06 -7.48848e-06 -1.12343e-05 1.85942e-05 -6.49818e-05 -0.000155778 1.39329e-07 -2.3708e-05
internal_weight=2.52295e+06 2.39325e+06 129692 1.15669e+06 1.13266e+06 1.03136e+06 1.23657e+06 89284 40408 539437 491925
internal_count=2522946 2393254 129692 1156688 1132655 1031362 1236566 89284 40408 539437 491925
is_linear=0
shrinkage=0.00523217


Tree=28
num_leaves=12
num_cat=0
split_feature=1 2 6 4 2 6 1 1 1 14 10
split_gain=65.6714 21.3954 18.1512 12.2136 4.39473 3.72515 3.34299 3.22426 3.57313 2.52174 3.57912
threshold=-0.23068659752607343 inf -2.4347604513168331 -0.12821917980909345 0.05394470505416394 -3.6804323196411128 -4.1045525074005118 -0.39086142182350153 -3.5853723287582393 -2.2944983243942256 -0.50378784537315358
decision_type=2 8 2 8 8 2 2 2 2 2 10
left_child=1 7 5 4 -4 -2 -3 8 -1 10 -10
right_child=2 6 3 -5 -6 -7 -8 -9 9 -11 -12
leaf_value=-4.2126649083479168e-05 -0.00016442931738402375 -0.0001653165170377609 -9.2519688599066737e-06 -2.5465106131080456e-07 -3.5856524613795361e-05 -7.7659957922844952e-05 -4.9968479107159931e-05 2.4571309738092815e-05 0.00047654171520969808 5.3551044810527572e-05 4.3184750220957472e-05
leaf_weight=10724 18929 8613 236152 843776 607381 47902 34361 141060 934 571796 1191
leaf_count=10724 18929 8613 236152 843776 607381 47902 34361 141060 934 571796 1191
internal_value=-9.11164e-09 4.03167e-05 -1.76807e-05 -1.43305e-05 -2.84094e-05 -0.000102251 -7.31095e-05 4.70346e-05 5.2453e-05 5.42218e-05 0.000234195
internal_weight=2.52282e+06 768679 1.75414e+06 1.68731e+06 843533 66831 42974 725705 584645 573921 2125
internal_count=2522819 768679 1754140 1687309 843533 66831 42974 725705 584645 573921 2125
is_linear=0
shrinkage=0.00523217


Tree=29
num_leaves=12
num_cat=0
split_feature=0 4 0 13 6 13 20 0 21 0 16
split_gain=42.8471 18.0602 8.26534 5.53266 4.72577 4.67282 4.74481 3.5385 3.30032 2.91049 2.88583
threshold=-2.437330842018127 -0.12821917980909345 0.071068558841943755 -2.664045929908752 -3.313801527023315 0.15783642977476123 -0.75600859522819508 0.77833691239357006 0.015300787985324861 0.53435370326042186 -0.81552851200103749
decision_type=2 10 2 10 2 8 8 2 2 2 2
left_child=4 2 3 8 -1 6 -3 -4 -2 -8 -5
right_child=1 5 7 10 -6 -7 9 -9 -10 -11 -12
leaf_value=-0.00020841210572762348 -3.5099636214936247e-05 2.2580107744959295e-06 -3.471427952088374e-06 -5.087566069218769e-05 -0.00010099418415174111 5.6760697460852301e-06 2.6339571224724555e-05 3.0118403308315308e-05 -0.00015243107440460958 5.3087840973040834e-05 -1.6699919141778646e-05
leaf_weight=13513 11957 173214 558419 80545 66442 513993 412818 101449 14606 152645 423315
leaf_count=13513 11957 173214 558419 80545 66442 513993 412818 101449 14606 152645 423315
internal_value=2.37507e-08 3.92492e-06 -1.06687e-05 -2.60469e-05 -0.000119161 1.77925e-05 2.62223e-05 1.69155e-06 -9.965e-05 3.35617e-05 -2.21648e-05
internal_weight=2.52292e+06 2.44296e+06 1.19029e+06 530423 79955 1.25267e+06 738677 659868 26563 565463 503860
internal_count=2522916 2442961 1190291 530423 79955 1252670 738677 659868 26563 565463 503860
is_linear=0
shrinkage=0.00523217


Tree=30
num_leaves=12
num_cat=0
split_feature=1 0 1 4 5 0 3 0 6 21 0
split_gain=64.6046 31.2303 20.7723 11.902 5.60691 11.5037 5.19718 4.80911 4.11923 4.07664 3.74595
threshold=-0.23068659752607343 -2.6519951820373531 -3.4203196763992305 -0.088470045477151857 -0.052101802080869668 0.029760809615254406 -0.64030045270919789 0.43290670216083532 -3.313801527023315 0.0074580179061740645 0.45251785218715673
decision_type=2 2 2 8 8 2 8 2 2 2 2
left_child=2 8 4 6 5 -1 -3 -5 -2 -6 -8
right_child=1 3 -4 7 9 -7 10 -9 -10 -11 -12
leaf_value=0.0069453587508419585 -0.0002110193543643714 -4.7753234999064826e-05 4.7246924985534227e-05 8.4834122170560386e-06 -1.7091364313237404e-05 0.0005225925438549036 -1.3197451191507093e-05 -2.1681986731307208e-05 -0.00010667609263191721 -0.0001108739137721518 -4.7359444785027282e-05
leaf_weight=7.9999999999999991 12645 229757 717868 621048 25379 49 539392 188617 57849 25423 105006
leaf_count=8 12645 229757 717868 621048 25379 49 539392 188617 57849 25423 105006
internal_value=1.03911e-08 -1.75153e-05 4.00069e-05 -1.29978e-05 -6.21677e-05 0.00156062 -2.63854e-05 1.45516e-06 -0.000125407 -6.40405e-05 -1.87655e-05
internal_weight=2.52304e+06 1.75431e+06 768727 1.68382e+06 50859 57 874155 809665 70494 50802 644398
internal_count=2523041 1754314 768727 1683820 50859 57 874155 809665 70494 50802 644398
is_linear=0
shrinkage=0.00523217


Tree=31
num_leaves=12
num_cat=0
split_feature=2 5 11 22 8 9 2 7 14 5 21
split_gain=24.6226 11.3396 7.33504 4.61723 4.04231 3.21839 3.19138 2.70082 3.85933 4.07901 3.76043
threshold=0.42519605159759527 1.2219829559326174 -0.85740995407104481 0.13227304816246035 -0.91899201273918141 1.1428142786026003 -0.32856142520904535 -2.0917987823486324 -2.1562396287918086 1.2219829559326174 0.015300787985324861
decision_type=8 8 8 8 10 10 8 10 2 10 2
left_child=2 4 -1 6 -2 7 -4 10 9 -9 -3
right_child=1 5 3 -5 -6 -7 -8 8 -10 -11 -12
leaf_value=-1.533204463206112e-05 -3.5200332397490556e-05 -2.8799418809458949e-05 1.9891769843264918e-05 3.1066311047320046e-05 -6.1578977811606866e-06 -0.00012953865073065242 6.2202135371851867e-07 0.00026169794837783159 -4.8761232871299165e-05 -3.6773311869262594e-05 -0.00016079295335299227
leaf_weight=224181 169494 10476 479410 433800 581137 16383 462215 2293 127227 2754 13604
leaf_count=224181 169494 10476 479410 433800 581137 16383 462215 2293 127227 2754 13604
internal_value=-1.92536e-10 -2.1514e-05 1.24181e-05 1.69417e-05 -1.27169e-05 -5.97371e-05 1.04337e-05 -5.24172e-05 -4.31278e-05 9.87013e-05 -0.000103407
internal_weight=2.52297e+06 923368 1.59961e+06 1.37542e+06 750631 172737 941625 156354 132274 5047 24080
internal_count=2522974 923368 1599606 1375425 750631 172737 941625 156354 132274 5047 24080
is_linear=0
shrinkage=0.00523217


Tree=32
num_leaves=12
num_cat=0
split_feature=1 0 2 2 20 0 1 10 0 0 0
split_gain=64.1086 30.865 20.6997 9.97485 7.13662 3.90495 3.88163 3.82325 3.47127 3.44976 3.43444
threshold=-0.23068659752607343 -2.6519951820373531 inf 0.080946564674377455 -0.45671680569648737 0.35525578260421758 -0.39086142182350153 0.91576105356216442 0.50235503911972057 -4.7237305641174308 0.048317138105630882
decision_type=2 2 8 8 8 2 2 8 2 2 2
left_child=2 9 5 4 -3 -1 -7 8 -5 -2 -4
right_child=1 3 10 7 -6 6 -8 -9 -10 -11 -12
leaf_value=2.38238987848677e-05 -0.00018328013114723526 -2.3214681828526332e-05 -6.2285360600371195e-05 -1.4303286808280217e-05 1.1081343566130436e-05 5.9346554324213068e-05 2.3371016290968907e-05 -4.4358400650886468e-05 -4.907210687199798e-05 -0.00010177684283051231 -0.00030383245034437282
leaf_weight=162114 19828 238550 41266 597078 546883 463740 99867 210797 90560 50642 1678
leaf_count=162114 19828 238550 41266 597078 546883 463740 99867 210797 90560 50642 1678
internal_value=1.26679e-08 -1.7445e-05 3.98575e-05 -1.29548e-05 6.63988e-07 4.64631e-05 5.29734e-05 -2.48615e-05 -1.88835e-05 -0.000124723 -7.17504e-05
internal_weight=2.523e+06 1.75434e+06 768665 1.68387e+06 785433 725721 563607 898435 687638 70470 42944
internal_count=2523003 1754338 768665 1683868 785433 725721 563607 898435 687638 70470 42944
is_linear=0
shrinkage=0.00523217


Tree=33
num_leaves=12
num_cat=0
split_feature=6 2 5 11 6 6 20 7 11 11 11
split_gain=24.4469 16.7905 7.48973 5.89972 5.35034 4.32058 3.48113 3.39238 3.31985 2.88944 2.6802
threshold=-1.9541740417480467 0.30291727185249334 1.1271930932998659 -0.89868974685668934 -3.6804323196411128 -0.3087285161018371 -0.51915311813354481 -2.7326115369796748 0.39707155525684362 -0.085737176239490495 -0.62865233421325672
decision_type=2 8 8 8 2 2 8 10 8 10 10
left_child=4 3 5 -2 -1 -3 -5 9 -8 -4 -6
right_child=1 2 7 6 10 -7 8 -9 -10 -11 -12
leaf_value=-0.00015538631329897753 -1.3690454088759508e-05 -2.7669864177089269e-05 -6.3273069860774557e-05 7.398367279973067e-06 -0.00010775836412721615 2.3647781023359846e-07 1.9014481763831612e-05 -3.5488818990343604e-05 4.3070058523146371e-05 -0.0001885962816606273 -4.2525932579556829e-05
leaf_weight=19443 172643 200820 15626 455106 23373 622979 578364 145454 215736 7455 66072
leaf_count=19443 172643 200820 15626 455106 23373 622979 578364 145454 215736 7455 66072
internal_value=-1.03647e-08 3.4482e-06 -1.30682e-05 1.49758e-05 -7.66977e-05 -6.56539e-06 1.89382e-05 -4.48487e-05 2.55508e-05 -0.000103794 -5.95821e-05
internal_weight=2.52307e+06 2.41418e+06 992334 1.42185e+06 108888 823799 1.24921e+06 168535 794100 23081 89445
internal_count=2523071 2414183 992334 1421849 108888 823799 1249206 168535 794100 23081 89445
is_linear=0
shrinkage=0.00523217


end of trees

feature_importances:
LOW_TURNOVER=57
LN_TURNOVER=51
CONSEC_UP5=33
CORR20=31
Q_SALES_YOY=20
AMIHUD_20=19
KLOW=16
CORD60=16
EP=16
MAX_DD60=16
VOL_CV20=14
RET_AMT_CORR20=14
CORD5=12
OBV_CHG_20=9
BP=9
VOL_OF_VOL_20=8
CORR60=8
RET_VOL_CORR5=7
CNTD60=7
VOL_PRICE_DIVERGENCE=4
VSTD5=4
IMAX60=1
WVMA30=1
NEG_SKEW_20=1

parameters:
[boosting: gbdt]
[objective: regression]
[metric: l2]
[tree_learner: serial]
[device_type: cpu]
[data_sample_strategy: bagging]
[data: ]
[valid: ]
[num_iterations: 1000]
[learning_rate: 0.00523217]
[num_leaves: 12]
[num_threads: 8]
[seed: 42]
[deterministic: 0]
[force_col_wise: 0]
[force_row_wise: 0]
[histogram_pool_size: -1]
[max_depth: 6]
[min_data_in_leaf: 7]
[min_sum_hessian_in_leaf: 0.001]
[bagging_fraction: 0.993677]
[pos_bagging_fraction: 1]
[neg_bagging_fraction: 1]
[bagging_freq: 1]
[bagging_seed: 400]
[bagging_by_query: 0]
[feature_fraction: 0.452778]
[feature_fraction_bynode: 1]
[feature_fraction_seed: 30056]
[extra_trees: 0]
[extra_seed: 12879]
[early_stopping_round: 0]
[early_stopping_min_delta: 0]
[first_metric_only: 0]
[max_delta_step: 0]
[lambda_l1: 0.153507]
[lambda_l2: 1.18198]
[linear_lambda: 0]
[min_gain_to_split: 0]
[drop_rate: 0.1]
[max_drop: 50]
[skip_drop: 0.5]
[xgboost_dart_mode: 0]
[uniform_drop: 0]
[drop_seed: 17869]
[top_rate: 0.2]
[other_rate: 0.1]
[min_data_per_group: 100]
[max_cat_threshold: 32]
[cat_l2: 10]
[cat_smooth: 10]
[max_cat_to_onehot: 4]
[top_k: 20]
[monotone_constraints: ]
[monotone_constraints_method: basic]
[monotone_penalty: 0]
[feature_contri: ]
[forcedsplits_filename: ]
[refit_decay_rate: 0.9]
[cegb_tradeoff: 1]
[cegb_penalty_split: 0]
[cegb_penalty_feature_lazy: ]
[cegb_penalty_feature_coupled: ]
[path_smooth: 0]
[interaction_constraints: ]
[verbosity: -1]
[saved_feature_importance_type: 0]
[use_quantized_grad: 0]
[num_grad_quant_bins: 4]
[quant_train_renew_leaf: 0]
[stochastic_rounding: 1]
[linear_tree: 0]
[max_bin: 255]
[max_bin_by_feature: ]
[min_data_in_bin: 3]
[bin_construct_sample_cnt: 200000]
[data_random_seed: 175]
[is_enable_sparse: 1]
[enable_bundle: 1]
[use_missing: 1]
[zero_as_missing: 0]
[feature_pre_filter: 1]
[pre_partition: 0]
[two_round: 0]
[header: 0]
[label_column: ]
[weight_column: ]
[group_column: ]
[ignore_column: ]
[categorical_feature: ]
[forcedbins_filename: ]
[precise_float_parser: 0]
[parser_config_file: ]
[objective_seed: 16083]
[num_class: 1]
[is_unbalance: 0]
[scale_pos_weight: 1]
[sigmoid: 1]
[boost_from_average: 1]
[reg_sqrt: 0]
[alpha: 0.9]
[fair_c: 1]
[poisson_max_delta_step: 0.7]
[tweedie_variance_power: 1.5]
[lambdarank_truncation_level: 30]
[lambdarank_norm: 1]
[label_gain: ]
[lambdarank_position_bias_regularization: 0]
[eval_at: ]
[multi_error_top_k: 1]
[auc_mu_weights: ]
[num_machines: 1]
[local_listen_port: 12400]
[time_out: 120]
[machine_list_filename: ]
[machines: ]
[gpu_platform_id: -1]
[gpu_device_id: -1]
[gpu_use_dp: 0]
[num_gpu: 1]

end of parameters

pandas_categorical:[]
